     1     1
    SITE    10     3     1     0     0
     1 BACKWARD OMEGA   
    17     8    12     4   46.392 -119.412   700.0
     1 PRESSURE
     1     1    17     8    12     4     0     0     0.0   46.392 -119.412    700.0    931.4
     1     1    17     8    12     3     0     0    -1.0   46.294 -119.409    674.2    934.5
     1     1    17     8    12     2     0     0    -2.0   46.228 -119.454    663.3    936.0
     1     1    17     8    12     1     0     0    -3.0   46.182 -119.479    661.0    935.8
     1     1    17     8    12     0     0     0    -4.0   46.124 -119.455    660.3    937.2
     1     1    17     8    11    23     0     0    -5.0   46.078 -119.416    675.8    934.6
     1     1    17     8    11    22     0     0    -6.0   46.030 -119.386    678.4    932.0
     1     1    17     8    11    21     0     0    -7.0   45.939 -119.358    691.5    933.4
     1     1    17     8    11    20     0     0    -8.0   45.826 -119.388    686.3    932.0
     1     1    17     8    11    19     0     0    -9.0   45.711 -119.478    645.7    937.3
     1     1    17     8    11    18     0     0   -10.0   45.610 -119.521    622.9    940.7
     1     1    17     8    11    17     0     0   -11.0   45.538 -119.505    616.2    941.3
     1     1    17     8    11    16     0     0   -12.0   45.511 -119.435    617.8    941.4
     1     1    17     8    11    15     0     0   -13.0   45.523 -119.337    635.0    939.5
     1     1    17     8    11    14     0     0   -14.0   45.523 -119.241    661.6    936.2
     1     1    17     8    11    13     0     0   -15.0   45.492 -119.147    665.0    932.1
     1     1    17     8    11    12     0     0   -16.0   45.442 -119.074    637.2    937.8
     1     1    17     8    11    11     0     0   -17.0   45.399 -119.015    610.7    943.8
