     1     1
    SITE    10     3     1     0     0
     1 BACKWARD OMEGA   
    17     8     7    18   46.392 -119.412   700.0
     1 PRESSURE
     1     1    17     8     7    18     0     0     0.0   46.392 -119.412    700.0    931.4
     1     1    17     8     7    17     0     0    -1.0   46.301 -119.379    700.8    931.3
     1     1    17     8     7    16     0     0    -2.0   46.211 -119.325    681.4    933.7
     1     1    17     8     7    15     0     0    -3.0   46.131 -119.242    683.2    933.8
     1     1    17     8     7    14     0     0    -4.0   46.055 -119.170    704.5    931.4
     1     1    17     8     7    13     0     0    -5.0   45.989 -119.112    725.8    928.5
     1     1    17     8     7    12     0     0    -6.0   45.932 -119.082    731.4    927.3
     1     1    17     8     7    11     0     0    -7.0   45.920 -119.048    707.9    928.7
     1     1    17     8     7    10     0     0    -8.0   45.951 -118.972    705.1    932.1
     1     1    17     8     7     9     0     0    -9.0   45.990 -118.890    720.6    929.7
     1     1    17     8     7     8     0     0   -10.0   46.013 -118.801    722.2    926.7
     1     1    17     8     7     7     0     0   -11.0   46.010 -118.731    718.9    929.7
     1     1    17     8     7     6     0     0   -12.0   45.996 -118.714    721.4    929.0
     1     1    17     8     7     5     0     0   -13.0   45.991 -118.678    727.4    928.6
     1     1    17     8     7     4     0     0   -14.0   45.970 -118.624    716.1    927.7
     1     1    17     8     7     3     0     0   -15.0   45.944 -118.579    704.7    930.9
     1     1    17     8     7     2     0     0   -16.0   45.928 -118.546    700.7    932.8
     1     1    17     8     7     1     0     0   -17.0   45.887 -118.514    699.5    930.2
     1     1    17     8     7     0     0     0   -18.0   45.841 -118.450    706.2    932.9
     1     1    17     8     6    23     0     0   -19.0   45.809 -118.373    718.0    927.7
     1     1    17     8     6    22     0     0   -20.0   45.823 -118.300    706.8    929.7
     1     1    17     8     6    21     0     0   -21.0   45.829 -118.304    701.6    930.7
     1     1    17     8     6    20     0     0   -22.0   45.794 -118.331    707.2    929.8
     1     1    17     8     6    19     0     0   -23.0   45.799 -118.300    715.1    929.9
     1     1    17     8     6    18     0     0   -24.0   45.817 -118.319    723.6    928.1
     1     1    17     8     6    17     0     0   -25.0   45.811 -118.407    716.6    930.8
     1     1    17     8     6    16     0     0   -26.0   45.837 -118.422    720.8    928.9
     1     1    17     8     6    15     0     0   -27.0   45.850 -118.349    706.8    929.6
     1     1    17     8     6    14     0     0   -28.0   45.864 -118.269    698.6    934.9
     1     1    17     8     6    13     0     0   -29.0   45.868 -118.195    724.3    927.3
     1     1    17     8     6    12     0     0   -30.0   45.827 -118.124    741.0    926.9
     1     1    17     8     6    11     0     0   -31.0   45.782 -118.069    751.4    924.4
     1     1    17     8     6    10     0     0   -32.0   45.766 -118.012    758.8    925.9
     1     1    17     8     6     9     0     0   -33.0   45.781 -117.938    787.5    922.3
