     1     1
    SITE    10     3     1     0     0
     1 BACKWARD OMEGA   
    17     8    13    19   46.392 -119.412   700.0
     1 PRESSURE
     1     1    17     8    13    19     0     0     0.0   46.392 -119.412    700.0    931.4
     1     1    17     8    13    18     0     0    -1.0   46.547 -119.643    711.6    930.1
     1     1    17     8    13    17     0     0    -2.0   46.656 -119.887    691.0    932.2
     1     1    17     8    13    16     0     0    -3.0   46.623 -120.085    689.1    932.3
     1     1    17     8    13    15     0     0    -4.0   46.461 -120.189    651.6    937.3
     1     1    17     8    13    14     0     0    -5.0   46.275 -120.255    644.6    938.9
     1     1    17     8    13    13     0     0    -6.0   46.087 -120.300    655.4    937.8
     1     1    17     8    13    12     0     0    -7.0   45.894 -120.346    692.9    930.4
     1     1    17     8    13    11     0     0    -8.0   45.688 -120.407    676.1    934.3
     1     1    17     8    13    10     0     0    -9.0   45.478 -120.499    691.6    932.9
