     1     1
    SITE    10     3     1     0     0
     1 BACKWARD OMEGA   
    17     8    22    11   46.392 -119.412   700.0
     1 PRESSURE
     1     1    17     8    22    11     0     0     0.0   46.392 -119.412    700.0    931.4
     1     1    17     8    22    10     0     0    -1.0   46.348 -119.344    711.4    930.1
     1     1    17     8    22     9     0     0    -2.0   46.291 -119.290    723.1    926.1
     1     1    17     8    22     8     0     0    -3.0   46.233 -119.254    723.0    930.0
     1     1    17     8    22     7     0     0    -4.0   46.195 -119.242    727.7    927.6
     1     1    17     8    22     6     0     0    -5.0   46.175 -119.216    726.7    928.2
     1     1    17     8    22     5     0     0    -6.0   46.172 -119.151    728.2    928.6
     1     1    17     8    22     4     0     0    -7.0   46.199 -119.089    722.4    928.3
     1     1    17     8    22     3     0     0    -8.0   46.244 -119.045    704.8    930.2
     1     1    17     8    22     2     0     0    -9.0   46.266 -119.006    693.6    933.7
     1     1    17     8    22     1     0     0   -10.0   46.252 -118.986    691.3    932.1
     1     1    17     8    22     0     0     0   -11.0   46.231 -118.947    670.8    933.2
     1     1    17     8    21    23     0     0   -12.0   46.241 -118.888    666.1    937.6
     1     1    17     8    21    22     0     0   -13.0   46.257 -118.906    679.9    934.2
     1     1    17     8    21    21     0     0   -14.0   46.254 -118.977    688.4    931.8
     1     1    17     8    21    20     0     0   -15.0   46.223 -119.010    698.5    932.9
     1     1    17     8    21    19     0     0   -16.0   46.222 -119.028    707.2    930.4
     1     1    17     8    21    18     0     0   -17.0   46.291 -119.070    699.5    931.8
     1     1    17     8    21    17     0     0   -18.0   46.325 -119.146    684.5    933.2
     1     1    17     8    21    16     0     0   -19.0   46.352 -119.218    679.4    933.5
     1     1    17     8    21    15     0     0   -20.0   46.355 -119.247    659.8    935.6
     1     1    17     8    21    14     0     0   -21.0   46.293 -119.250    650.6    938.6
     1     1    17     8    21    13     0     0   -22.0   46.273 -119.194    657.5    936.4
     1     1    17     8    21    12     0     0   -23.0   46.263 -119.113    660.8    936.1
     1     1    17     8    21    11     0     0   -24.0   46.241 -119.023    645.6    936.4
     1     1    17     8    21    10     0     0   -25.0   46.257 -118.947    622.6    941.2
     1     1    17     8    21     9     0     0   -26.0   46.274 -118.909    627.1    940.9
     1     1    17     8    21     8     0     0   -27.0   46.272 -118.856    634.1    938.7
     1     1    17     8    21     7     0     0   -28.0   46.267 -118.787    639.0    939.1
     1     1    17     8    21     6     0     0   -29.0   46.274 -118.732    644.6    937.8
     1     1    17     8    21     5     0     0   -30.0   46.279 -118.700    647.2    937.7
     1     1    17     8    21     4     0     0   -31.0   46.266 -118.691    647.6    937.5
     1     1    17     8    21     3     0     0   -32.0   46.235 -118.663    642.3    937.7
     1     1    17     8    21     2     0     0   -33.0   46.207 -118.642    635.9    939.7
     1     1    17     8    21     1     0     0   -34.0   46.190 -118.615    638.4    939.5
     1     1    17     8    21     0     0     0   -35.0   46.158 -118.578    644.3    937.8
     1     1    17     8    20    23     0     0   -36.0   46.110 -118.584    643.9    938.6
     1     1    17     8    20    22     0     0   -37.0   46.115 -118.615    647.9    937.8
     1     1    17     8    20    21     0     0   -38.0   46.156 -118.632    659.6    935.2
     1     1    17     8    20    20     0     0   -39.0   46.155 -118.629    655.1    936.2
     1     1    17     8    20    19     0     0   -40.0   46.116 -118.603    642.3    937.2
     1     1    17     8    20    18     0     0   -41.0   46.079 -118.499    624.0    941.3
     1     1    17     8    20    17     0     0   -42.0   46.051 -118.340    622.5    940.7
     1     1    17     8    20    16     0     0   -43.0   46.031 -118.168    608.7    942.5
     1     1    17     8    20    15     0     0   -44.0   46.004 -118.012    628.2    939.9
     1     1    17     8    20    14     0     0   -45.0   45.934 -117.963    661.5    936.4
     1     1    17     8    20    13     0     0   -46.0   45.850 -118.008    655.6    936.0
     1     1    17     8    20    12     0     0   -47.0   45.784 -118.017    634.7    939.2
     1     1    17     8    20    11     0     0   -48.0   45.730 -118.016    633.1    939.7
     1     1    17     8    20    10     0     0   -49.0   45.678 -118.045    637.1    938.4
     1     1    17     8    20     9     0     0   -50.0   45.634 -118.078    640.3    939.1
     1     1    17     8    20     8     0     0   -51.0   45.583 -118.079    649.2    937.8
     1     1    17     8    20     7     0     0   -52.0   45.513 -118.046    655.8    935.1
     1     1    17     8    20     6     0     0   -53.0   45.438 -118.012    655.3    936.5
