     1     1
    SITE    10     3     1     0     0
     1 BACKWARD OMEGA   
    17     8    16    19   46.392 -119.412   700.0
     1 PRESSURE
     1     1    17     8    16    19     0     0     0.0   46.392 -119.412    700.0    931.4
     1     1    17     8    16    18     0     0    -1.0   46.579 -119.658    673.3    934.7
     1     1    17     8    16    17     0     0    -2.0   46.623 -119.907    672.1    933.9
     1     1    17     8    16    16     0     0    -3.0   46.503 -120.092    681.9    933.0
     1     1    17     8    16    15     0     0    -4.0   46.367 -120.155    657.6    936.7
     1     1    17     8    16    14     0     0    -5.0   46.241 -120.164    661.2    936.1
     1     1    17     8    16    13     0     0    -6.0   46.129 -120.180    688.1    933.4
     1     1    17     8    16    12     0     0    -7.0   46.004 -120.210    698.6    931.6
     1     1    17     8    16    11     0     0    -8.0   45.861 -120.241    701.0    931.0
     1     1    17     8    16    10     0     0    -9.0   45.745 -120.270    686.6    933.5
     1     1    17     8    16     9     0     0   -10.0   45.668 -120.271    677.5    933.4
     1     1    17     8    16     8     0     0   -11.0   45.601 -120.261    660.4    936.0
     1     1    17     8    16     7     0     0   -12.0   45.540 -120.234    651.3    937.6
     1     1    17     8    16     6     0     0   -13.0   45.513 -120.197    652.2    936.9
     1     1    17     8    16     5     0     0   -14.0   45.481 -120.173    652.4    937.2
     1     1    17     8    16     4     0     0   -15.0   45.405 -120.153    633.5    937.7
