     1     1
    SITE    10     3     1     0     0
     1 BACKWARD OMEGA   
    17     8    26    21   46.392 -119.412   700.0
     1 PRESSURE
     1     1    17     8    26    21     0     0     0.0   46.392 -119.412    700.0    931.4
     1     1    17     8    26    20     0     0    -1.0   46.377 -119.442    704.0    930.9
     1     1    17     8    26    19     0     0    -2.0   46.366 -119.416    704.3    930.8
     1     1    17     8    26    18     0     0    -3.0   46.396 -119.356    707.6    931.7
     1     1    17     8    26    17     0     0    -4.0   46.462 -119.305    709.9    928.2
     1     1    17     8    26    16     0     0    -5.0   46.533 -119.242    706.8    930.5
     1     1    17     8    26    15     0     0    -6.0   46.604 -119.179    719.4    929.6
     1     1    17     8    26    14     0     0    -7.0   46.636 -119.101    723.6    928.3
     1     1    17     8    26    13     0     0    -8.0   46.642 -119.002    725.1    930.2
     1     1    17     8    26    12     0     0    -9.0   46.659 -118.897    731.2    928.1
     1     1    17     8    26    11     0     0   -10.0   46.661 -118.804    741.3    926.3
     1     1    17     8    26    10     0     0   -11.0   46.669 -118.725    735.5    926.4
     1     1    17     8    26     9     0     0   -12.0   46.692 -118.660    734.3    929.3
     1     1    17     8    26     8     0     0   -13.0   46.708 -118.607    735.7    925.7
     1     1    17     8    26     7     0     0   -14.0   46.725 -118.548    729.7    928.8
     1     1    17     8    26     6     0     0   -15.0   46.730 -118.488    737.4    927.9
     1     1    17     8    26     5     0     0   -16.0   46.724 -118.462    744.3    925.6
     1     1    17     8    26     4     0     0   -17.0   46.737 -118.412    737.8    926.3
     1     1    17     8    26     3     0     0   -18.0   46.764 -118.326    735.9    927.4
     1     1    17     8    26     2     0     0   -19.0   46.771 -118.262    733.8    927.2
     1     1    17     8    26     1     0     0   -20.0   46.748 -118.229    732.8    928.0
     1     1    17     8    26     0     0     0   -21.0   46.745 -118.237    726.9    927.4
     1     1    17     8    25    23     0     0   -22.0   46.747 -118.255    723.3    929.0
     1     1    17     8    25    22     0     0   -23.0   46.743 -118.248    722.9    928.8
     1     1    17     8    25    21     0     0   -24.0   46.740 -118.212    723.1    928.9
     1     1    17     8    25    20     0     0   -25.0   46.722 -118.163    727.9    928.5
     1     1    17     8    25    19     0     0   -26.0   46.691 -118.087    726.2    927.3
     1     1    17     8    25    18     0     0   -27.0   46.644 -117.984    744.4    927.3
     1     1    17     8    25    17     0     0   -28.0   46.595 -117.878    789.7    920.7
