     1     1
    SITE    10     3     1     0     0
     1 BACKWARD OMEGA   
    17     8    25    18   46.392 -119.412   700.0
     1 PRESSURE
     1     1    17     8    25    18     0     0     0.0   46.392 -119.412    700.0    931.4
     1     1    17     8    25    17     0     0    -1.0   46.344 -119.305    690.7    932.5
     1     1    17     8    25    16     0     0    -2.0   46.295 -119.195    689.0    932.2
     1     1    17     8    25    15     0     0    -3.0   46.244 -119.075    692.8    933.1
     1     1    17     8    25    14     0     0    -4.0   46.201 -118.960    690.5    932.0
     1     1    17     8    25    13     0     0    -5.0   46.173 -118.846    688.9    933.6
     1     1    17     8    25    12     0     0    -6.0   46.162 -118.728    706.1    931.5
     1     1    17     8    25    11     0     0    -7.0   46.127 -118.674    728.7    927.4
     1     1    17     8    25    10     0     0    -8.0   46.078 -118.712    738.1    926.9
     1     1    17     8    25     9     0     0    -9.0   46.043 -118.729    735.5    926.3
     1     1    17     8    25     8     0     0   -10.0   46.004 -118.719    723.9    928.7
     1     1    17     8    25     7     0     0   -11.0   45.970 -118.697    717.1    930.2
     1     1    17     8    25     6     0     0   -12.0   45.935 -118.657    714.9    930.0
     1     1    17     8    25     5     0     0   -13.0   45.884 -118.645    704.7    929.5
     1     1    17     8    25     4     0     0   -14.0   45.835 -118.657    695.6    933.1
     1     1    17     8    25     3     0     0   -15.0   45.795 -118.678    688.9    932.5
     1     1    17     8    25     2     0     0   -16.0   45.755 -118.714    692.6    933.7
     1     1    17     8    25     1     0     0   -17.0   45.736 -118.765    701.0    930.1
     1     1    17     8    25     0     0     0   -18.0   45.706 -118.804    700.9    931.3
     1     1    17     8    24    23     0     0   -19.0   45.672 -118.849    689.3    932.1
     1     1    17     8    24    22     0     0   -20.0   45.702 -118.979    654.3    934.6
     1     1    17     8    24    21     0     0   -21.0   45.812 -119.181    642.6    938.6
     1     1    17     8    24    20     0     0   -22.0   45.962 -119.405    688.4    931.9
     1     1    17     8    24    19     0     0   -23.0   46.135 -119.643    665.6    936.3
     1     1    17     8    24    18     0     0   -24.0   46.352 -119.916    638.3    939.2
     1     1    17     8    24    17     0     0   -25.0   46.582 -120.220    652.5    938.0
     1     1    17     8    24    16     0     0   -26.0   46.810 -120.511    670.2    934.2
