     1     1
    SITE    10     3     1     0     0
     1 BACKWARD OMEGA   
    17     8    11    16   46.392 -119.412   700.0
     1 PRESSURE
     1     1    17     8    11    16     0     0     0.0   46.392 -119.412    700.0    931.4
     1     1    17     8    11    15     0     0    -1.0   46.402 -119.312    679.1    933.9
     1     1    17     8    11    14     0     0    -2.0   46.400 -119.214    667.3    935.5
     1     1    17     8    11    13     0     0    -3.0   46.369 -119.115    675.6    934.8
     1     1    17     8    11    12     0     0    -4.0   46.318 -119.042    676.4    933.9
     1     1    17     8    11    11     0     0    -5.0   46.273 -118.982    667.6    936.0
     1     1    17     8    11    10     0     0    -6.0   46.265 -118.909    663.0    935.9
     1     1    17     8    11     9     0     0    -7.0   46.294 -118.825    653.5    936.1
     1     1    17     8    11     8     0     0    -8.0   46.338 -118.732    642.3    938.4
     1     1    17     8    11     7     0     0    -9.0   46.394 -118.653    630.0    939.7
     1     1    17     8    11     6     0     0   -10.0   46.445 -118.593    641.7    941.3
     1     1    17     8    11     5     0     0   -11.0   46.435 -118.568    664.2    933.3
     1     1    17     8    11     4     0     0   -12.0   46.393 -118.602    662.0    935.8
     1     1    17     8    11     3     0     0   -13.0   46.354 -118.630    655.1    935.9
     1     1    17     8    11     2     0     0   -14.0   46.318 -118.588    653.5    936.9
     1     1    17     8    11     1     0     0   -15.0   46.296 -118.537    651.6    937.1
     1     1    17     8    11     0     0     0   -16.0   46.274 -118.509    646.9    937.8
     1     1    17     8    10    23     0     0   -17.0   46.236 -118.497    633.9    938.2
     1     1    17     8    10    22     0     0   -18.0   46.200 -118.542    625.8    941.8
     1     1    17     8    10    21     0     0   -19.0   46.188 -118.564    629.0    940.1
     1     1    17     8    10    20     0     0   -20.0   46.197 -118.572    632.0    939.5
     1     1    17     8    10    19     0     0   -21.0   46.189 -118.632    616.8    939.6
     1     1    17     8    10    18     0     0   -22.0   46.182 -118.600    620.0    942.6
     1     1    17     8    10    17     0     0   -23.0   46.215 -118.468    625.2    941.1
     1     1    17     8    10    16     0     0   -24.0   46.259 -118.333    643.8    937.4
     1     1    17     8    10    15     0     0   -25.0   46.294 -118.199    659.3    937.3
     1     1    17     8    10    14     0     0   -26.0   46.331 -118.071    656.0    935.7
     1     1    17     8    10    13     0     0   -27.0   46.366 -117.959    649.2    938.2
