     1     1
    SITE    10     3     1     0     0
     1 BACKWARD OMEGA   
    17     8    15     0   46.392 -119.412   700.0
     1 PRESSURE
     1     1    17     8    15     0     0     0     0.0   46.392 -119.412    700.0    931.4
     1     1    17     8    14    23     0     0    -1.0   46.419 -119.478    722.5    928.8
     1     1    17     8    14    22     0     0    -2.0   46.405 -119.518    725.5    927.3
     1     1    17     8    14    21     0     0    -3.0   46.353 -119.503    722.2    927.7
     1     1    17     8    14    20     0     0    -4.0   46.281 -119.486    728.4    928.5
     1     1    17     8    14    19     0     0    -5.0   46.205 -119.428    749.3    925.4
     1     1    17     8    14    18     0     0    -6.0   46.116 -119.310    737.3    926.7
     1     1    17     8    14    17     0     0    -7.0   46.026 -119.168    745.6    926.3
     1     1    17     8    14    16     0     0    -8.0   45.934 -119.027    769.5    923.5
     1     1    17     8    14    15     0     0    -9.0   45.865 -118.872    795.0    920.2
     1     1    17     8    14    14     0     0   -10.0   45.799 -118.822    796.8    920.4
     1     1    17     8    14    13     0     0   -11.0   45.712 -118.783    768.6    923.2
     1     1    17     8    14    12     0     0   -12.0   45.607 -118.668    767.4    924.9
     1     1    17     8    14    11     0     0   -13.0   45.485 -118.631    775.2    923.6
