     1     1
    SITE    10     3     1     0     0
     1 BACKWARD OMEGA   
    17     8    29     2   46.392 -119.412   700.0
     1 PRESSURE
     1     1    17     8    29     2     0     0     0.0   46.392 -119.412    700.0    931.4
     1     1    17     8    29     1     0     0    -1.0   46.435 -119.335    712.2    930.0
     1     1    17     8    29     0     0     0    -2.0   46.433 -119.314    703.7    931.0
     1     1    17     8    28    23     0     0    -3.0   46.395 -119.324    698.0    932.3
     1     1    17     8    28    22     0     0    -4.0   46.367 -119.307    691.2    931.6
     1     1    17     8    28    21     0     0    -5.0   46.342 -119.271    679.0    933.5
     1     1    17     8    28    20     0     0    -6.0   46.317 -119.297    663.7    935.6
     1     1    17     8    28    19     0     0    -7.0   46.280 -119.338    660.3    936.5
     1     1    17     8    28    18     0     0    -8.0   46.293 -119.388    657.2    936.1
     1     1    17     8    28    17     0     0    -9.0   46.375 -119.479    657.1    936.6
     1     1    17     8    28    16     0     0   -10.0   46.466 -119.524    641.9    938.3
     1     1    17     8    28    15     0     0   -11.0   46.553 -119.545    632.4    939.3
     1     1    17     8    28    14     0     0   -12.0   46.553 -119.554    621.9    940.9
     1     1    17     8    28    13     0     0   -13.0   46.461 -119.569    614.3    941.1
     1     1    17     8    28    12     0     0   -14.0   46.452 -119.537    606.8    942.7
     1     1    17     8    28    11     0     0   -15.0   46.535 -119.490    630.9    938.9
     1     1    17     8    28    10     0     0   -16.0   46.535 -119.491    627.7    939.6
     1     1    17     8    28     9     0     0   -17.0   46.548 -119.515    600.6    943.6
     1     1    17     8    28     8     0     0   -18.0   46.554 -119.547    610.3    941.8
     1     1    17     8    28     7     0     0   -19.0   46.494 -119.523    606.5    942.2
     1     1    17     8    28     6     0     0   -20.0   46.451 -119.525    602.0    943.0
     1     1    17     8    28     5     0     0   -21.0   46.409 -119.500    593.7    942.7
     1     1    17     8    28     4     0     0   -22.0   46.368 -119.434    584.1    944.9
     1     1    17     8    28     3     0     0   -23.0   46.320 -119.473    596.3    944.3
     1     1    17     8    28     2     0     0   -24.0   46.312 -119.502    608.2    941.1
     1     1    17     8    28     1     0     0   -25.0   46.319 -119.456    599.7    942.9
     1     1    17     8    28     0     0     0   -26.0   46.298 -119.396    597.3    943.2
     1     1    17     8    27    23     0     0   -27.0   46.267 -119.336    593.2    943.6
     1     1    17     8    27    22     0     0   -28.0   46.245 -119.269    586.6    944.1
     1     1    17     8    27    21     0     0   -29.0   46.230 -119.209    583.3    945.5
     1     1    17     8    27    20     0     0   -30.0   46.203 -119.183    580.7    944.1
     1     1    17     8    27    19     0     0   -31.0   46.175 -119.184    574.0    945.7
     1     1    17     8    27    18     0     0   -32.0   46.163 -119.176    567.6    946.3
     1     1    17     8    27    17     0     0   -33.0   46.157 -119.154    564.4    947.0
     1     1    17     8    27    16     0     0   -34.0   46.144 -119.119    561.3    946.8
     1     1    17     8    27    15     0     0   -35.0   46.117 -119.054    560.1    947.7
     1     1    17     8    27    14     0     0   -36.0   46.078 -118.975    563.1    946.6
     1     1    17     8    27    13     0     0   -37.0   46.037 -118.897    563.1    946.6
     1     1    17     8    27    12     0     0   -38.0   46.038 -118.830    560.0    947.1
     1     1    17     8    27    11     0     0   -39.0   46.033 -118.780    560.7    947.4
     1     1    17     8    27    10     0     0   -40.0   46.000 -118.733    562.0    946.8
     1     1    17     8    27     9     0     0   -41.0   45.992 -118.676    561.0    947.0
     1     1    17     8    27     8     0     0   -42.0   45.990 -118.611    551.0    947.3
     1     1    17     8    27     7     0     0   -43.0   46.003 -118.548    541.3    950.1
     1     1    17     8    27     6     0     0   -44.0   46.020 -118.537    543.0    949.7
     1     1    17     8    27     5     0     0   -45.0   46.013 -118.544    545.5    948.3
     1     1    17     8    27     4     0     0   -46.0   46.024 -118.506    547.9    948.7
     1     1    17     8    27     3     0     0   -47.0   46.048 -118.436    544.3    949.0
     1     1    17     8    27     2     0     0   -48.0   46.058 -118.360    539.2    948.9
     1     1    17     8    27     1     0     0   -49.0   46.068 -118.296    539.1    950.6
     1     1    17     8    27     0     0     0   -50.0   46.061 -118.247    545.8    948.2
     1     1    17     8    26    23     0     0   -51.0   46.071 -118.200    544.0    948.6
     1     1    17     8    26    22     0     0   -52.0   46.106 -118.145    545.8    949.6
     1     1    17     8    26    21     0     0   -53.0   46.115 -118.135    546.5    947.6
     1     1    17     8    26    20     0     0   -54.0   46.100 -118.165    542.6    949.4
     1     1    17     8    26    19     0     0   -55.0   46.089 -118.140    538.4    949.1
     1     1    17     8    26    18     0     0   -56.0   46.118 -118.078    531.5    949.3
     1     1    17     8    26    17     0     0   -57.0   46.184 -118.026    521.0    953.0
     1     1    17     8    26    16     0     0   -58.0   46.255 -117.962    529.1    950.9
