     1     1
    SITE    10     3     1     0     0
     1 BACKWARD OMEGA   
    17     8    16    12   46.392 -119.412   700.0
     1 PRESSURE
     1     1    17     8    16    12     0     0     0.0   46.392 -119.412    700.0    931.4
     1     1    17     8    16    11     0     0    -1.0   46.248 -119.443    685.3    933.2
     1     1    17     8    16    10     0     0    -2.0   46.133 -119.475    681.0    933.5
     1     1    17     8    16     9     0     0    -3.0   46.054 -119.473    666.6    935.0
     1     1    17     8    16     8     0     0    -4.0   45.989 -119.462    653.4    937.0
     1     1    17     8    16     7     0     0    -5.0   45.931 -119.432    651.5    938.0
     1     1    17     8    16     6     0     0    -6.0   45.904 -119.395    656.1    936.6
     1     1    17     8    16     5     0     0    -7.0   45.872 -119.370    654.9    936.5
     1     1    17     8    16     4     0     0    -8.0   45.801 -119.347    657.3    937.7
     1     1    17     8    16     3     0     0    -9.0   45.717 -119.326    667.6    935.0
     1     1    17     8    16     2     0     0   -10.0   45.630 -119.322    666.1    934.9
     1     1    17     8    16     1     0     0   -11.0   45.571 -119.311    659.4    936.4
     1     1    17     8    16     0     0     0   -12.0   45.537 -119.299    652.3    936.8
     1     1    17     8    15    23     0     0   -13.0   45.515 -119.269    637.4    939.1
     1     1    17     8    15    22     0     0   -14.0   45.524 -119.279    629.5    941.0
     1     1    17     8    15    21     0     0   -15.0   45.488 -119.314    616.6    940.0
     1     1    17     8    15    20     0     0   -16.0   45.383 -119.311    588.6    943.9
