     1     1
    SITE    10     3     1     0     0
     1 BACKWARD OMEGA   
    17     8    17    22   46.392 -119.412   700.0
     1 PRESSURE
     1     1    17     8    17    22     0     0     0.0   46.392 -119.412    700.0    931.4
     1     1    17     8    17    21     0     0    -1.0   46.353 -119.482    701.3    931.2
     1     1    17     8    17    20     0     0    -2.0   46.244 -119.499    699.7    932.4
     1     1    17     8    17    19     0     0    -3.0   46.133 -119.465    715.6    929.8
     1     1    17     8    17    18     0     0    -4.0   46.037 -119.374    720.0    929.5
     1     1    17     8    17    17     0     0    -5.0   45.968 -119.227    716.0    930.1
     1     1    17     8    17    16     0     0    -6.0   45.979 -119.058    715.3    929.9
     1     1    17     8    17    15     0     0    -7.0   46.013 -118.910    712.4    929.5
     1     1    17     8    17    14     0     0    -8.0   46.007 -118.906    716.3    930.2
     1     1    17     8    17    13     0     0    -9.0   45.968 -118.990    736.7    926.9
     1     1    17     8    17    12     0     0   -10.0   45.896 -118.994    733.1    927.4
     1     1    17     8    17    11     0     0   -11.0   45.807 -118.944    722.3    929.3
     1     1    17     8    17    10     0     0   -12.0   45.709 -118.873    706.2    930.4
     1     1    17     8    17     9     0     0   -13.0   45.613 -118.799    676.1    934.7
     1     1    17     8    17     8     0     0   -14.0   45.499 -118.755    653.8    937.1
     1     1    17     8    17     7     0     0   -15.0   45.369 -118.736    658.6    936.9
