     1     1
    SITE    10     3     1     0     0
     1 BACKWARD OMEGA   
    17     8     8    19   46.392 -119.412   700.0
     1 PRESSURE
     1     1    17     8     8    19     0     0     0.0   46.392 -119.412    700.0    931.4
     1     1    17     8     8    18     0     0    -1.0   46.402 -119.343    700.7    931.3
     1     1    17     8     8    17     0     0    -2.0   46.440 -119.250    703.7    932.3
     1     1    17     8     8    16     0     0    -3.0   46.490 -119.151    715.8    930.2
     1     1    17     8     8    15     0     0    -4.0   46.515 -119.038    727.7    928.6
     1     1    17     8     8    14     0     0    -5.0   46.497 -118.924    748.9    925.5
     1     1    17     8     8    13     0     0    -6.0   46.454 -118.840    749.8    925.2
     1     1    17     8     8    12     0     0    -7.0   46.433 -118.752    737.8    927.5
     1     1    17     8     8    11     0     0    -8.0   46.450 -118.657    734.6    927.7
     1     1    17     8     8    10     0     0    -9.0   46.475 -118.570    739.0    926.6
     1     1    17     8     8     9     0     0   -10.0   46.481 -118.498    735.5    926.7
     1     1    17     8     8     8     0     0   -11.0   46.476 -118.447    736.0    927.6
     1     1    17     8     8     7     0     0   -12.0   46.474 -118.410    738.2    926.8
     1     1    17     8     8     6     0     0   -13.0   46.459 -118.389    740.7    926.9
     1     1    17     8     8     5     0     0   -14.0   46.432 -118.381    743.6    926.2
     1     1    17     8     8     4     0     0   -15.0   46.429 -118.352    740.4    926.0
     1     1    17     8     8     3     0     0   -16.0   46.445 -118.308    732.1    928.3
     1     1    17     8     8     2     0     0   -17.0   46.435 -118.299    730.5    928.0
     1     1    17     8     8     1     0     0   -18.0   46.408 -118.312    738.0    928.2
     1     1    17     8     8     0     0     0   -19.0   46.361 -118.318    747.9    925.2
     1     1    17     8     7    23     0     0   -20.0   46.311 -118.339    751.2    925.4
     1     1    17     8     7    22     0     0   -21.0   46.281 -118.390    745.5    925.3
     1     1    17     8     7    21     0     0   -22.0   46.253 -118.414    732.0    927.8
     1     1    17     8     7    20     0     0   -23.0   46.210 -118.409    713.6    929.0
     1     1    17     8     7    19     0     0   -24.0   46.144 -118.402    690.4    932.5
     1     1    17     8     7    18     0     0   -25.0   46.060 -118.371    680.4    934.2
     1     1    17     8     7    17     0     0   -26.0   45.968 -118.335    690.0    932.2
     1     1    17     8     7    16     0     0   -27.0   45.878 -118.283    681.0    933.6
     1     1    17     8     7    15     0     0   -28.0   45.799 -118.199    676.0    934.5
     1     1    17     8     7    14     0     0   -29.0   45.726 -118.124    687.1    932.7
     1     1    17     8     7    13     0     0   -30.0   45.659 -118.068    678.7    934.0
     1     1    17     8     7    12     0     0   -31.0   45.602 -118.038    670.8    934.6
     1     1    17     8     7    11     0     0   -32.0   45.589 -118.004    671.7    936.6
     1     1    17     8     7    10     0     0   -33.0   45.620 -117.931    709.4    932.8
