     1     1
    SITE    10     3     1     0     0
     1 BACKWARD OMEGA   
    17     8    11    18   46.392 -119.412   700.0
     1 PRESSURE
     1     1    17     8    11    18     0     0     0.0   46.392 -119.412    700.0    931.4
     1     1    17     8    11    17     0     0    -1.0   46.322 -119.399    688.7    932.7
     1     1    17     8    11    16     0     0    -2.0   46.294 -119.328    677.4    934.7
     1     1    17     8    11    15     0     0    -3.0   46.304 -119.229    672.1    934.3
     1     1    17     8    11    14     0     0    -4.0   46.304 -119.129    674.2    935.1
     1     1    17     8    11    13     0     0    -5.0   46.272 -119.029    688.9    932.3
     1     1    17     8    11    12     0     0    -6.0   46.220 -118.956    696.2    931.9
     1     1    17     8    11    11     0     0    -7.0   46.175 -118.895    696.4    930.9
     1     1    17     8    11    10     0     0    -8.0   46.168 -118.823    695.2    932.7
     1     1    17     8    11     9     0     0    -9.0   46.195 -118.739    704.6    932.0
     1     1    17     8    11     8     0     0   -10.0   46.240 -118.647    719.9    928.4
     1     1    17     8    11     7     0     0   -11.0   46.297 -118.570    728.9    928.1
     1     1    17     8    11     6     0     0   -12.0   46.348 -118.508    729.9    927.0
     1     1    17     8    11     5     0     0   -13.0   46.337 -118.481    728.6    928.8
     1     1    17     8    11     4     0     0   -14.0   46.296 -118.516    723.9    930.0
     1     1    17     8    11     3     0     0   -15.0   46.260 -118.545    725.7    928.1
     1     1    17     8    11     2     0     0   -16.0   46.223 -118.503    730.1    929.1
     1     1    17     8    11     1     0     0   -17.0   46.202 -118.451    741.4    926.1
     1     1    17     8    11     0     0     0   -18.0   46.179 -118.422    741.7    925.9
     1     1    17     8    10    23     0     0   -19.0   46.140 -118.411    736.7    927.2
     1     1    17     8    10    22     0     0   -20.0   46.103 -118.456    740.0    927.7
     1     1    17     8    10    21     0     0   -21.0   46.093 -118.479    748.0    924.8
     1     1    17     8    10    20     0     0   -22.0   46.101 -118.486    755.2    926.3
     1     1    17     8    10    19     0     0   -23.0   46.094 -118.549    765.7    923.2
     1     1    17     8    10    18     0     0   -24.0   46.083 -118.520    763.7    923.8
     1     1    17     8    10    17     0     0   -25.0   46.116 -118.389    762.8    924.0
     1     1    17     8    10    16     0     0   -26.0   46.159 -118.258    744.7    926.8
     1     1    17     8    10    15     0     0   -27.0   46.197 -118.129    752.9    925.6
     1     1    17     8    10    14     0     0   -28.0   46.233 -118.007    758.5    924.8
     1     1    17     8    10    13     0     0   -29.0   46.266 -117.900    762.8    923.7
