     1     1
    SITE    10     3     1     0     0
     1 BACKWARD OMEGA   
    17     8     8    12   46.392 -119.412   700.0
     1 PRESSURE
     1     1    17     8     8    12     0     0     0.0   46.392 -119.412    700.0    931.4
     1     1    17     8     8    11     0     0    -1.0   46.410 -119.317    704.0    930.9
     1     1    17     8     8    10     0     0    -2.0   46.436 -119.230    702.7    930.9
     1     1    17     8     8     9     0     0    -3.0   46.443 -119.158    698.8    931.8
     1     1    17     8     8     8     0     0    -4.0   46.438 -119.106    692.5    932.2
     1     1    17     8     8     7     0     0    -5.0   46.437 -119.068    692.0    932.6
     1     1    17     8     8     6     0     0    -6.0   46.423 -119.046    690.5    932.2
     1     1    17     8     8     5     0     0    -7.0   46.396 -119.037    685.3    932.9
     1     1    17     8     8     4     0     0    -8.0   46.394 -119.006    677.8    934.0
     1     1    17     8     8     3     0     0    -9.0   46.409 -118.960    671.2    935.0
     1     1    17     8     8     2     0     0   -10.0   46.400 -118.952    668.4    935.1
     1     1    17     8     8     1     0     0   -11.0   46.374 -118.966    674.6    935.5
     1     1    17     8     8     0     0     0   -12.0   46.327 -118.972    671.2    932.7
     1     1    17     8     7    23     0     0   -13.0   46.277 -118.993    658.0    937.4
     1     1    17     8     7    22     0     0   -14.0   46.247 -119.044    657.0    936.6
     1     1    17     8     7    21     0     0   -15.0   46.220 -119.069    659.7    936.3
     1     1    17     8     7    20     0     0   -16.0   46.177 -119.065    664.1    935.8
     1     1    17     8     7    19     0     0   -17.0   46.112 -119.061    677.2    934.8
     1     1    17     8     7    18     0     0   -18.0   46.027 -119.035    697.2    932.0
     1     1    17     8     7    17     0     0   -19.0   45.936 -118.999    736.0    927.0
     1     1    17     8     7    16     0     0   -20.0   45.846 -118.947    755.0    925.3
     1     1    17     8     7    15     0     0   -21.0   45.766 -118.861    775.1    922.6
     1     1    17     8     7    14     0     0   -22.0   45.693 -118.788    775.8    922.9
     1     1    17     8     7    13     0     0   -23.0   45.625 -118.729    757.5    924.2
     1     1    17     8     7    12     0     0   -24.0   45.569 -118.697    741.5    927.2
     1     1    17     8     7    11     0     0   -25.0   45.558 -118.663    737.6    926.4
     1     1    17     8     7    10     0     0   -26.0   45.589 -118.588    738.9    926.8
     1     1    17     8     7     9     0     0   -27.0   45.628 -118.506    743.0    926.8
     1     1    17     8     7     8     0     0   -28.0   45.650 -118.416    753.6    925.8
     1     1    17     8     7     7     0     0   -29.0   45.648 -118.346    757.3    924.1
     1     1    17     8     7     6     0     0   -30.0   45.634 -118.330    756.1    925.1
     1     1    17     8     7     5     0     0   -31.0   45.628 -118.293    761.7    924.7
     1     1    17     8     7     4     0     0   -32.0   45.607 -118.239    772.7    923.1
     1     1    17     8     7     3     0     0   -33.0   45.581 -118.194    776.9    920.9
     1     1    17     8     7     2     0     0   -34.0   45.565 -118.160    779.4    923.4
     1     1    17     8     7     1     0     0   -35.0   45.524 -118.129    786.9    921.0
     1     1    17     8     7     0     0     0   -36.0   45.478 -118.064    795.9    921.5
     1     1    17     8     6    23     0     0   -37.0   45.447 -117.989    812.0    918.7
     1     1    17     8     6    22     0     0   -38.0   45.460 -117.918    842.1    917.7
