     1     1
    SITE    10     3     1     0     0
     1 BACKWARD OMEGA   
    17     8     3    13   46.392 -119.412   700.0
     1 PRESSURE
     1     1    17     8     3    13     0     0     0.0   46.392 -119.412    700.0    931.4
     1     1    17     8     3    12     0     0    -1.0   46.453 -119.338    710.8    930.2
     1     1    17     8     3    11     0     0    -2.0   46.484 -119.377    705.0    930.3
     1     1    17     8     3    10     0     0    -3.0   46.449 -119.460    711.7    930.0
     1     1    17     8     3     9     0     0    -4.0   46.389 -119.461    717.5    929.4
     1     1    17     8     3     8     0     0    -5.0   46.354 -119.433    724.0    928.7
     1     1    17     8     3     7     0     0    -6.0   46.329 -119.403    717.5    928.4
     1     1    17     8     3     6     0     0    -7.0   46.324 -119.406    712.1    930.7
     1     1    17     8     3     5     0     0    -8.0   46.319 -119.416    707.9    930.0
     1     1    17     8     3     4     0     0    -9.0   46.331 -119.379    710.6    931.2
     1     1    17     8     3     3     0     0   -10.0   46.387 -119.326    716.5    926.6
     1     1    17     8     3     2     0     0   -11.0   46.452 -119.295    703.8    930.9
     1     1    17     8     3     1     0     0   -12.0   46.480 -119.234    688.4    932.4
     1     1    17     8     3     0     0     0   -13.0   46.459 -119.202    680.3    934.8
     1     1    17     8     2    23     0     0   -14.0   46.437 -119.174    683.5    933.3
     1     1    17     8     2    22     0     0   -15.0   46.407 -119.135    685.6    933.5
     1     1    17     8     2    21     0     0   -16.0   46.406 -119.153    694.0    932.3
     1     1    17     8     2    20     0     0   -17.0   46.421 -119.128    709.6    930.7
     1     1    17     8     2    19     0     0   -18.0   46.451 -119.098    716.2    929.3
     1     1    17     8     2    18     0     0   -19.0   46.550 -119.103    738.8    927.7
     1     1    17     8     2    17     0     0   -20.0   46.688 -119.059    738.7    927.4
     1     1    17     8     2    16     0     0   -21.0   46.837 -118.975    743.4    927.3
     1     1    17     8     2    15     0     0   -22.0   46.968 -118.863    751.1    924.9
     1     1    17     8     2    14     0     0   -23.0   47.091 -118.755    729.1    926.8
     1     1    17     8     2    13     0     0   -24.0   47.219 -118.662    667.8    936.7
     1     1    17     8     2    12     0     0   -25.0   47.280 -118.508    650.6    937.3
     1     1    17     8     2    11     0     0   -26.0   47.360 -118.364    660.4    935.5
