     1     1
    SITE    10     3     1     0     0
     1 BACKWARD OMEGA   
    17     8    22    12   46.392 -119.412   700.0
     1 PRESSURE
     1     1    17     8    22    12     0     0     0.0   46.392 -119.412    700.0    931.4
     1     1    17     8    22    11     0     0    -1.0   46.354 -119.350    698.4    931.6
     1     1    17     8    22    10     0     0    -2.0   46.309 -119.283    704.3    932.7
     1     1    17     8    22     9     0     0    -3.0   46.252 -119.229    711.9    928.6
     1     1    17     8    22     8     0     0    -4.0   46.193 -119.193    707.3    931.1
     1     1    17     8    22     7     0     0    -5.0   46.155 -119.180    704.9    930.5
     1     1    17     8    22     6     0     0    -6.0   46.136 -119.155    701.0    931.4
     1     1    17     8    22     5     0     0    -7.0   46.132 -119.089    696.9    931.7
     1     1    17     8    22     4     0     0    -8.0   46.160 -119.026    694.8    932.4
     1     1    17     8    22     3     0     0    -9.0   46.206 -118.981    693.4    932.3
     1     1    17     8    22     2     0     0   -10.0   46.228 -118.941    692.2    932.5
     1     1    17     8    22     1     0     0   -11.0   46.214 -118.921    689.9    932.4
     1     1    17     8    22     0     0     0   -12.0   46.193 -118.883    681.7    933.0
     1     1    17     8    21    23     0     0   -13.0   46.203 -118.825    686.6    933.5
     1     1    17     8    21    22     0     0   -14.0   46.221 -118.844    697.6    931.4
     1     1    17     8    21    21     0     0   -15.0   46.217 -118.916    703.3    928.8
     1     1    17     8    21    20     0     0   -16.0   46.185 -118.948    698.2    932.6
     1     1    17     8    21    19     0     0   -17.0   46.184 -118.966    698.8    931.8
     1     1    17     8    21    18     0     0   -18.0   46.253 -119.006    700.4    931.2
     1     1    17     8    21    17     0     0   -19.0   46.286 -119.081    686.7    932.7
     1     1    17     8    21    16     0     0   -20.0   46.314 -119.154    677.9    934.2
     1     1    17     8    21    15     0     0   -21.0   46.318 -119.182    673.9    934.5
     1     1    17     8    21    14     0     0   -22.0   46.256 -119.185    676.1    934.9
     1     1    17     8    21    13     0     0   -23.0   46.237 -119.132    675.4    933.2
     1     1    17     8    21    12     0     0   -24.0   46.225 -119.054    658.7    937.7
     1     1    17     8    21    11     0     0   -25.0   46.204 -118.962    657.3    937.2
     1     1    17     8    21    10     0     0   -26.0   46.221 -118.884    654.6    937.1
     1     1    17     8    21     9     0     0   -27.0   46.238 -118.845    662.1    936.1
     1     1    17     8    21     8     0     0   -28.0   46.236 -118.793    666.5    934.8
     1     1    17     8    21     7     0     0   -29.0   46.232 -118.725    678.4    935.4
     1     1    17     8    21     6     0     0   -30.0   46.238 -118.671    688.8    931.1
     1     1    17     8    21     5     0     0   -31.0   46.243 -118.639    687.4    933.0
     1     1    17     8    21     4     0     0   -32.0   46.230 -118.631    689.3    933.0
     1     1    17     8    21     3     0     0   -33.0   46.199 -118.602    685.1    932.3
     1     1    17     8    21     2     0     0   -34.0   46.170 -118.582    678.4    934.9
     1     1    17     8    21     1     0     0   -35.0   46.154 -118.555    691.0    933.3
     1     1    17     8    21     0     0     0   -36.0   46.121 -118.517    695.5    930.8
     1     1    17     8    20    23     0     0   -37.0   46.074 -118.522    695.5    932.4
     1     1    17     8    20    22     0     0   -38.0   46.081 -118.552    688.0    931.5
     1     1    17     8    20    21     0     0   -39.0   46.122 -118.570    684.1    933.7
     1     1    17     8    20    20     0     0   -40.0   46.121 -118.565    684.9    933.2
     1     1    17     8    20    19     0     0   -41.0   46.082 -118.539    667.6    933.2
     1     1    17     8    20    18     0     0   -42.0   46.047 -118.436    640.4    938.4
     1     1    17     8    20    17     0     0   -43.0   46.017 -118.277    621.8    940.2
     1     1    17     8    20    16     0     0   -44.0   45.997 -118.107    605.2    943.4
     1     1    17     8    20    15     0     0   -45.0   45.972 -117.954    632.4    938.6
