     1     1
    SITE    10     3     1     0     0
     1 BACKWARD OMEGA   
    17     8    15    10   46.392 -119.412   700.0
     1 PRESSURE
     1     1    17     8    15    10     0     0     0.0   46.392 -119.412    700.0    931.4
     1     1    17     8    15     9     0     0    -1.0   46.366 -119.350    710.1    930.2
     1     1    17     8    15     8     0     0    -2.0   46.327 -119.340    719.0    928.8
     1     1    17     8    15     7     0     0    -3.0   46.298 -119.334    719.6    928.3
     1     1    17     8    15     6     0     0    -4.0   46.276 -119.330    716.8    929.8
     1     1    17     8    15     5     0     0    -5.0   46.254 -119.332    715.9    929.5
     1     1    17     8    15     4     0     0    -6.0   46.254 -119.305    710.3    929.7
     1     1    17     8    15     3     0     0    -7.0   46.258 -119.257    711.8    931.0
     1     1    17     8    15     2     0     0    -8.0   46.244 -119.164    722.6    928.8
     1     1    17     8    15     1     0     0    -9.0   46.259 -119.082    713.9    930.8
     1     1    17     8    15     0     0     0   -10.0   46.308 -119.088    725.4    927.8
     1     1    17     8    14    23     0     0   -11.0   46.335 -119.155    735.3    926.6
     1     1    17     8    14    22     0     0   -12.0   46.322 -119.196    731.7    927.8
     1     1    17     8    14    21     0     0   -13.0   46.270 -119.182    737.5    928.6
     1     1    17     8    14    20     0     0   -14.0   46.199 -119.163    736.7    927.2
     1     1    17     8    14    19     0     0   -15.0   46.124 -119.104    745.4    926.5
     1     1    17     8    14    18     0     0   -16.0   46.035 -118.983    714.5    927.8
     1     1    17     8    14    17     0     0   -17.0   45.942 -118.842    660.2    935.2
     1     1    17     8    14    16     0     0   -18.0   45.849 -118.703    614.1    941.3
     1     1    17     8    14    15     0     0   -19.0   45.781 -118.549    610.6    941.6
     1     1    17     8    14    14     0     0   -20.0   45.717 -118.498    595.8    942.7
     1     1    17     8    14    13     0     0   -21.0   45.628 -118.459    601.8    943.6
     1     1    17     8    14    12     0     0   -22.0   45.521 -118.337    610.5    941.4
     1     1    17     8    14    11     0     0   -23.0   45.400 -118.292    578.9    944.9
