     1     1
    SITE    10     3     1     0     0
     1 BACKWARD OMEGA   
    17     8    18    21   46.392 -119.412   700.0
     1 PRESSURE
     1     1    17     8    18    21     0     0     0.0   46.392 -119.412    700.0    931.4
     1     1    17     8    18    20     0     0    -1.0   46.541 -119.588    697.2    931.8
     1     1    17     8    18    19     0     0    -2.0   46.727 -119.828    745.9    925.4
     1     1    17     8    18    18     0     0    -3.0   46.923 -120.064    800.2    920.5
     1     1    17     8    18    17     0     0    -4.0   47.110 -120.261    846.4    914.8
     1     1    17     8    18    16     0     0    -5.0   47.199 -120.492    850.5    915.1
     1     1    17     8    18    15     0     0    -6.0   47.145 -120.592    842.8    915.1
     1     1    17     8    18    14     0     0    -7.0   47.041 -120.582    799.9    919.5
     1     1    17     8    18    13     0     0    -8.0   46.946 -120.606    759.2    924.8
     1     1    17     8    18    12     0     0    -9.0   46.835 -120.590    747.7    926.2
     1     1    17     8    18    11     0     0   -10.0   46.704 -120.532    728.6    927.0
     1     1    17     8    18    10     0     0   -11.0   46.579 -120.486    709.6    930.1
     1     1    17     8    18     9     0     0   -12.0   46.466 -120.475    694.8    932.2
     1     1    17     8    18     8     0     0   -13.0   46.361 -120.476    703.6    930.9
     1     1    17     8    18     7     0     0   -14.0   46.269 -120.477    718.9    928.4
     1     1    17     8    18     6     0     0   -15.0   46.220 -120.488    710.7    930.5
     1     1    17     8    18     5     0     0   -16.0   46.194 -120.522    713.4    930.4
     1     1    17     8    18     4     0     0   -17.0   46.150 -120.520    707.8    929.0
     1     1    17     8    18     3     0     0   -18.0   46.099 -120.507    705.5    931.5
     1     1    17     8    18     2     0     0   -19.0   46.046 -120.494    700.5    930.3
     1     1    17     8    18     1     0     0   -20.0   46.004 -120.494    700.1    932.7
     1     1    17     8    18     0     0     0   -21.0   45.983 -120.528    707.3    929.8
     1     1    17     8    17    23     0     0   -22.0   45.956 -120.586    707.9    930.6
     1     1    17     8    17    22     0     0   -23.0   45.948 -120.675    701.7    930.7
