     1     1
    SITE    10     3     1     0     0
     1 BACKWARD OMEGA   
    17     8    22     0   46.392 -119.412   700.0
     1 PRESSURE
     1     1    17     8    22     0     0     0     0.0   46.392 -119.412    700.0    931.4
     1     1    17     8    21    23     0     0    -1.0   46.401 -119.355    698.6    931.6
     1     1    17     8    21    22     0     0    -2.0   46.417 -119.374    694.0    931.1
     1     1    17     8    21    21     0     0    -3.0   46.412 -119.443    684.5    934.3
     1     1    17     8    21    20     0     0    -4.0   46.379 -119.475    686.1    933.3
     1     1    17     8    21    19     0     0    -5.0   46.379 -119.495    690.3    933.4
     1     1    17     8    21    18     0     0    -6.0   46.445 -119.537    707.8    930.5
     1     1    17     8    21    17     0     0    -7.0   46.478 -119.616    701.2    931.0
     1     1    17     8    21    16     0     0    -8.0   46.505 -119.692    702.4    931.6
     1     1    17     8    21    15     0     0    -9.0   46.508 -119.724    708.9    929.0
     1     1    17     8    21    14     0     0   -10.0   46.447 -119.727    708.0    931.8
     1     1    17     8    21    13     0     0   -11.0   46.429 -119.671    715.1    929.7
     1     1    17     8    21    12     0     0   -12.0   46.419 -119.592    707.6    929.6
     1     1    17     8    21    11     0     0   -13.0   46.397 -119.501    707.4    932.2
     1     1    17     8    21    10     0     0   -14.0   46.411 -119.422    713.7    929.8
     1     1    17     8    21     9     0     0   -15.0   46.428 -119.384    710.0    930.0
     1     1    17     8    21     8     0     0   -16.0   46.426 -119.332    709.0    930.9
     1     1    17     8    21     7     0     0   -17.0   46.422 -119.263    717.0    929.9
     1     1    17     8    21     6     0     0   -18.0   46.429 -119.208    716.9    928.0
     1     1    17     8    21     5     0     0   -19.0   46.433 -119.177    707.8    930.8
     1     1    17     8    21     4     0     0   -20.0   46.419 -119.169    708.6    931.2
     1     1    17     8    21     3     0     0   -21.0   46.388 -119.141    700.9    929.7
     1     1    17     8    21     2     0     0   -22.0   46.357 -119.120    689.5    934.5
     1     1    17     8    21     1     0     0   -23.0   46.341 -119.096    684.7    932.0
     1     1    17     8    21     0     0     0   -24.0   46.310 -119.059    672.3    935.4
     1     1    17     8    20    23     0     0   -25.0   46.262 -119.063    676.2    934.7
     1     1    17     8    20    22     0     0   -26.0   46.268 -119.091    678.3    933.4
     1     1    17     8    20    21     0     0   -27.0   46.309 -119.107    673.7    935.5
     1     1    17     8    20    20     0     0   -28.0   46.307 -119.101    684.9    933.4
     1     1    17     8    20    19     0     0   -29.0   46.268 -119.076    692.9    931.5
     1     1    17     8    20    18     0     0   -30.0   46.231 -118.974    704.8    932.2
     1     1    17     8    20    17     0     0   -31.0   46.199 -118.811    690.8    933.5
     1     1    17     8    20    16     0     0   -32.0   46.176 -118.642    691.8    930.7
     1     1    17     8    20    15     0     0   -33.0   46.147 -118.486    683.2    933.1
     1     1    17     8    20    14     0     0   -34.0   46.075 -118.432    675.4    935.4
     1     1    17     8    20    13     0     0   -35.0   45.992 -118.474    704.0    931.4
     1     1    17     8    20    12     0     0   -36.0   45.928 -118.481    712.7    929.4
     1     1    17     8    20    11     0     0   -37.0   45.875 -118.479    700.5    931.7
     1     1    17     8    20    10     0     0   -38.0   45.822 -118.505    694.4    932.6
     1     1    17     8    20     9     0     0   -39.0   45.776 -118.535    699.2    932.3
     1     1    17     8    20     8     0     0   -40.0   45.725 -118.536    712.8    930.3
     1     1    17     8    20     7     0     0   -41.0   45.656 -118.507    687.7    933.1
     1     1    17     8    20     6     0     0   -42.0   45.580 -118.475    676.8    934.5
     1     1    17     8    20     5     0     0   -43.0   45.496 -118.468    684.4    933.0
     1     1    17     8    20     4     0     0   -44.0   45.409 -118.476    686.4    932.9
