     1     1
    SITE    10     3     1     0     0
     1 BACKWARD OMEGA   
    17     8    19    11   46.392 -119.412   700.0
     1 PRESSURE
     1     1    17     8    19    11     0     0     0.0   46.392 -119.412    700.0    931.4
     1     1    17     8    19    10     0     0    -1.0   46.339 -119.474    707.3    930.6
     1     1    17     8    19     9     0     0    -2.0   46.358 -119.558    726.1    928.6
     1     1    17     8    19     8     0     0    -3.0   46.440 -119.648    719.2    928.6
     1     1    17     8    19     7     0     0    -4.0   46.448 -119.756    733.9    928.3
     1     1    17     8    19     6     0     0    -5.0   46.399 -119.826    748.8    925.4
     1     1    17     8    19     5     0     0    -6.0   46.351 -119.867    752.8    926.1
     1     1    17     8    19     4     0     0    -7.0   46.271 -119.896    772.9    923.6
     1     1    17     8    19     3     0     0    -8.0   46.194 -119.953    783.5    921.2
     1     1    17     8    19     2     0     0    -9.0   46.205 -120.076    788.5    921.7
     1     1    17     8    19     1     0     0   -10.0   46.287 -120.203    776.5    923.2
     1     1    17     8    19     0     0     0   -11.0   46.370 -120.319    783.3    921.8
     1     1    17     8    18    23     0     0   -12.0   46.493 -120.519    817.1    917.8
