     1     1
    SITE    10     3     1     0     0
     1 BACKWARD OMEGA   
    17     8     3     2   46.392 -119.412   700.0
     1 PRESSURE
     1     1    17     8     3     2     0     0     0.0   46.392 -119.412    700.0    931.4
     1     1    17     8     3     1     0     0    -1.0   46.421 -119.351    697.7    931.7
     1     1    17     8     3     0     0     0    -2.0   46.400 -119.318    698.5    931.5
     1     1    17     8     2    23     0     0    -3.0   46.378 -119.290    695.6    932.0
     1     1    17     8     2    22     0     0    -4.0   46.349 -119.249    701.3    931.5
     1     1    17     8     2    21     0     0    -5.0   46.347 -119.265    712.0    930.1
     1     1    17     8     2    20     0     0    -6.0   46.361 -119.240    710.7    928.9
     1     1    17     8     2    19     0     0    -7.0   46.391 -119.212    714.4    930.8
     1     1    17     8     2    18     0     0    -8.0   46.490 -119.216    721.4    929.4
     1     1    17     8     2    17     0     0    -9.0   46.631 -119.176    716.5    929.3
     1     1    17     8     2    16     0     0   -10.0   46.777 -119.091    728.8    928.5
     1     1    17     8     2    15     0     0   -11.0   46.908 -118.981    723.8    928.4
     1     1    17     8     2    14     0     0   -12.0   47.033 -118.873    701.5    930.8
     1     1    17     8     2    13     0     0   -13.0   47.158 -118.782    675.1    934.5
     1     1    17     8     2    12     0     0   -14.0   47.219 -118.630    660.5    936.5
     1     1    17     8     2    11     0     0   -15.0   47.300 -118.489    654.1    937.1
