     1     1
    SITE    10     3     1     0     0
     1 BACKWARD OMEGA   
    17     8     2     9   46.392 -119.412   700.0
     1 PRESSURE
     1     1    17     8     2     9     0     0     0.0   46.392 -119.412    700.0    931.4
     1     1    17     8     2     8     0     0    -1.0   46.375 -119.432    714.3    929.7
     1     1    17     8     2     7     0     0    -2.0   46.489 -119.424    719.1    929.3
     1     1    17     8     2     6     0     0    -3.0   46.535 -119.395    727.2    928.2
     1     1    17     8     2     5     0     0    -4.0   46.524 -119.380    716.4    927.4
     1     1    17     8     2     4     0     0    -5.0   46.489 -119.328    715.1    928.8
     1     1    17     8     2     3     0     0    -6.0   46.534 -119.311    691.4    933.0
     1     1    17     8     2     2     0     0    -7.0   46.579 -119.404    691.8    932.9
     1     1    17     8     2     1     0     0    -8.0   46.556 -119.508    697.9    932.1
     1     1    17     8     2     0     0     0    -9.0   46.538 -119.583    710.9    930.2
     1     1    17     8     1    23     0     0   -10.0   46.539 -119.650    710.9    929.1
     1     1    17     8     1    22     0     0   -11.0   46.572 -119.655    705.2    931.1
     1     1    17     8     1    21     0     0   -12.0   46.635 -119.669    706.6    931.3
     1     1    17     8     1    20     0     0   -13.0   46.685 -119.723    709.5    929.5
     1     1    17     8     1    19     0     0   -14.0   46.693 -119.692    704.2    931.4
     1     1    17     8     1    18     0     0   -15.0   46.713 -119.588    693.2    932.8
     1     1    17     8     1    17     0     0   -16.0   46.786 -119.441    669.7    934.6
     1     1    17     8     1    16     0     0   -17.0   46.855 -119.253    643.4    937.6
     1     1    17     8     1    15     0     0   -18.0   46.917 -119.052    638.6    938.8
     1     1    17     8     1    14     0     0   -19.0   46.991 -118.916    646.6    938.0
     1     1    17     8     1    13     0     0   -20.0   47.034 -118.815    658.3    936.5
     1     1    17     8     1    12     0     0   -21.0   47.023 -118.803    663.8    935.9
     1     1    17     8     1    11     0     0   -22.0   46.973 -118.865    668.9    934.8
     1     1    17     8     1    10     0     0   -23.0   46.892 -118.867    653.5    937.2
     1     1    17     8     1     9     0     0   -24.0   46.828 -118.856    648.8    937.5
     1     1    17     8     1     8     0     0   -25.0   46.785 -118.851    639.3    938.4
     1     1    17     8     1     7     0     0   -26.0   46.749 -118.839    628.2    940.8
     1     1    17     8     1     6     0     0   -27.0   46.734 -118.844    627.3    940.4
     1     1    17     8     1     5     0     0   -28.0   46.722 -118.849    627.7    940.0
     1     1    17     8     1     4     0     0   -29.0   46.724 -118.820    632.6    940.0
     1     1    17     8     1     3     0     0   -30.0   46.727 -118.794    635.5    938.7
     1     1    17     8     1     2     0     0   -31.0   46.714 -118.767    638.9    939.3
     1     1    17     8     1     1     0     0   -32.0   46.687 -118.730    634.1    937.8
     1     1    17     8     1     0     0     0   -33.0   46.677 -118.679    622.7    941.5
     1     1    17     7    31    23     0     0   -34.0   46.688 -118.670    614.5    941.6
     1     1    17     7    31    22     0     0   -35.0   46.664 -118.687    606.8    941.3
     1     1    17     7    31    21     0     0   -36.0   46.652 -118.684    607.5    943.2
     1     1    17     7    31    20     0     0   -37.0   46.656 -118.708    606.7    940.8
     1     1    17     7    31    19     0     0   -38.0   46.594 -118.734    616.5    943.4
     1     1    17     7    31    18     0     0   -39.0   46.507 -118.694    640.9    937.9
     1     1    17     7    31    17     0     0   -40.0   46.484 -118.598    639.6    938.8
     1     1    17     7    31    16     0     0   -41.0   46.507 -118.501    637.6    938.7
     1     1    17     7    31    15     0     0   -42.0   46.514 -118.384    641.8    938.6
     1     1    17     7    31    14     0     0   -43.0   46.486 -118.278    660.3    935.5
     1     1    17     7    31    13     0     0   -44.0   46.478 -118.191    645.1    937.4
     1     1    17     7    31    12     0     0   -45.0   46.471 -118.089    628.7    941.4
     1     1    17     7    31    11     0     0   -46.0   46.464 -117.984    632.7    939.5
