     1     1
    SITE    10     3     1     0     0
     1 BACKWARD OMEGA   
    17     8     3     8   46.392 -119.412   700.0
     1 PRESSURE
     1     1    17     8     3     8     0     0     0.0   46.392 -119.412    700.0    931.4
     1     1    17     8     3     7     0     0    -1.0   46.367 -119.381    694.0    932.1
     1     1    17     8     3     6     0     0    -2.0   46.362 -119.384    690.5    933.1
     1     1    17     8     3     5     0     0    -3.0   46.357 -119.394    686.8    932.7
     1     1    17     8     3     4     0     0    -4.0   46.368 -119.356    697.8    933.5
     1     1    17     8     3     3     0     0    -5.0   46.424 -119.303    698.2    930.1
     1     1    17     8     3     2     0     0    -6.0   46.489 -119.272    694.7    932.5
     1     1    17     8     3     1     0     0    -7.0   46.518 -119.211    682.3    931.8
     1     1    17     8     3     0     0     0    -8.0   46.496 -119.179    671.7    936.2
     1     1    17     8     2    23     0     0    -9.0   46.475 -119.153    672.5    934.1
     1     1    17     8     2    22     0     0   -10.0   46.444 -119.114    666.5    936.2
     1     1    17     8     2    21     0     0   -11.0   46.443 -119.132    676.2    934.8
     1     1    17     8     2    20     0     0   -12.0   46.458 -119.109    694.3    932.7
     1     1    17     8     2    19     0     0   -13.0   46.487 -119.079    700.4    931.0
     1     1    17     8     2    18     0     0   -14.0   46.585 -119.083    726.5    929.3
     1     1    17     8     2    17     0     0   -15.0   46.724 -119.040    741.7    926.9
     1     1    17     8     2    16     0     0   -16.0   46.872 -118.954    759.1    925.8
     1     1    17     8     2    15     0     0   -17.0   47.003 -118.842    771.3    923.8
     1     1    17     8     2    14     0     0   -18.0   47.127 -118.735    744.9    923.5
     1     1    17     8     2    13     0     0   -19.0   47.255 -118.642    698.1    932.4
     1     1    17     8     2    12     0     0   -20.0   47.315 -118.490    677.4    935.0
