     1     1
    SITE    10     3     1     0     0
     1 BACKWARD OMEGA   
    17     8    26    17   46.392 -119.412   700.0
     1 PRESSURE
     1     1    17     8    26    17     0     0     0.0   46.392 -119.412    700.0    931.4
     1     1    17     8    26    16     0     0    -1.0   46.465 -119.348    722.4    928.9
     1     1    17     8    26    15     0     0    -2.0   46.538 -119.284    759.2    924.2
     1     1    17     8    26    14     0     0    -3.0   46.568 -119.206    765.9    923.1
     1     1    17     8    26    13     0     0    -4.0   46.572 -119.106    758.5    925.5
     1     1    17     8    26    12     0     0    -5.0   46.589 -119.003    766.7    923.7
     1     1    17     8    26    11     0     0    -6.0   46.592 -118.910    765.5    923.9
     1     1    17     8    26    10     0     0    -7.0   46.600 -118.830    759.6    924.4
     1     1    17     8    26     9     0     0    -8.0   46.623 -118.764    756.9    926.2
     1     1    17     8    26     8     0     0    -9.0   46.638 -118.713    761.8    923.8
     1     1    17     8    26     7     0     0   -10.0   46.655 -118.654    768.9    924.1
     1     1    17     8    26     6     0     0   -11.0   46.659 -118.592    772.7    922.6
     1     1    17     8    26     5     0     0   -12.0   46.653 -118.565    771.0    923.5
     1     1    17     8    26     4     0     0   -13.0   46.665 -118.515    771.8    923.3
     1     1    17     8    26     3     0     0   -14.0   46.691 -118.429    771.5    922.9
     1     1    17     8    26     2     0     0   -15.0   46.696 -118.365    766.2    924.1
     1     1    17     8    26     1     0     0   -16.0   46.673 -118.332    774.4    923.8
     1     1    17     8    26     0     0     0   -17.0   46.670 -118.340    778.3    921.2
     1     1    17     8    25    23     0     0   -18.0   46.673 -118.359    771.3    923.2
     1     1    17     8    25    22     0     0   -19.0   46.669 -118.352    767.7    924.1
     1     1    17     8    25    21     0     0   -20.0   46.667 -118.316    772.0    923.6
     1     1    17     8    25    20     0     0   -21.0   46.650 -118.267    777.2    922.1
     1     1    17     8    25    19     0     0   -22.0   46.618 -118.190    769.5    922.6
     1     1    17     8    25    18     0     0   -23.0   46.570 -118.084    770.1    924.1
     1     1    17     8    25    17     0     0   -24.0   46.523 -117.978    797.0    920.2
