     1     1
    SITE    10     3     1     0     0
     1 BACKWARD OMEGA   
    17     8    29    14   46.392 -119.412   700.0
     1 PRESSURE
     1     1    17     8    29    14     0     0     0.0   46.392 -119.412    700.0    931.4
     1     1    17     8    29    13     0     0    -1.0   46.370 -119.321    696.4    931.8
     1     1    17     8    29    12     0     0    -2.0   46.359 -119.222    694.0    931.9
     1     1    17     8    29    11     0     0    -3.0   46.360 -119.131    688.7    932.9
     1     1    17     8    29    10     0     0    -4.0   46.334 -119.087    686.2    933.0
     1     1    17     8    29     9     0     0    -5.0   46.285 -119.089    691.8    932.8
     1     1    17     8    29     8     0     0    -6.0   46.238 -119.104    700.0    931.1
     1     1    17     8    29     7     0     0    -7.0   46.212 -119.100    702.1    930.8
     1     1    17     8    29     6     0     0    -8.0   46.207 -119.077    699.7    931.3
     1     1    17     8    29     5     0     0    -9.0   46.191 -119.062    698.5    931.9
     1     1    17     8    29     4     0     0   -10.0   46.185 -119.002    701.4    931.4
     1     1    17     8    29     3     0     0   -11.0   46.212 -118.891    687.2    932.9
     1     1    17     8    29     2     0     0   -12.0   46.258 -118.779    688.0    933.0
     1     1    17     8    29     1     0     0   -13.0   46.304 -118.700    690.3    932.7
     1     1    17     8    29     0     0     0   -14.0   46.303 -118.678    685.2    932.3
     1     1    17     8    28    23     0     0   -15.0   46.266 -118.688    681.9    934.4
     1     1    17     8    28    22     0     0   -16.0   46.236 -118.673    686.5    933.1
     1     1    17     8    28    21     0     0   -17.0   46.210 -118.640    688.4    931.6
     1     1    17     8    28    20     0     0   -18.0   46.184 -118.669    678.9    933.5
     1     1    17     8    28    19     0     0   -19.0   46.147 -118.711    681.7    933.5
     1     1    17     8    28    18     0     0   -20.0   46.159 -118.759    671.6    933.8
     1     1    17     8    28    17     0     0   -21.0   46.241 -118.850    672.8    935.2
     1     1    17     8    28    16     0     0   -22.0   46.329 -118.895    678.0    935.0
     1     1    17     8    28    15     0     0   -23.0   46.417 -118.913    692.5    932.7
     1     1    17     8    28    14     0     0   -24.0   46.419 -118.919    699.3    931.1
     1     1    17     8    28    13     0     0   -25.0   46.329 -118.931    702.7    931.8
     1     1    17     8    28    12     0     0   -26.0   46.321 -118.897    709.6    929.8
     1     1    17     8    28    11     0     0   -27.0   46.403 -118.845    713.8    929.9
     1     1    17     8    28    10     0     0   -28.0   46.404 -118.844    711.5    929.8
     1     1    17     8    28     9     0     0   -29.0   46.412 -118.864    700.3    931.4
     1     1    17     8    28     8     0     0   -30.0   46.419 -118.896    697.8    931.7
     1     1    17     8    28     7     0     0   -31.0   46.362 -118.874    693.5    931.8
     1     1    17     8    28     6     0     0   -32.0   46.319 -118.877    669.5    934.7
     1     1    17     8    28     5     0     0   -33.0   46.275 -118.852    658.9    937.8
     1     1    17     8    28     4     0     0   -34.0   46.232 -118.783    656.2    936.7
     1     1    17     8    28     3     0     0   -35.0   46.185 -118.818    656.6    936.3
     1     1    17     8    28     2     0     0   -36.0   46.178 -118.845    653.6    937.0
     1     1    17     8    28     1     0     0   -37.0   46.184 -118.799    653.0    936.5
     1     1    17     8    28     0     0     0   -38.0   46.162 -118.740    662.7    937.4
     1     1    17     8    27    23     0     0   -39.0   46.131 -118.681    676.5    933.0
     1     1    17     8    27    22     0     0   -40.0   46.112 -118.615    678.2    933.7
     1     1    17     8    27    21     0     0   -41.0   46.098 -118.556    679.2    934.2
     1     1    17     8    27    20     0     0   -42.0   46.072 -118.530    685.5    933.1
     1     1    17     8    27    19     0     0   -43.0   46.045 -118.531    692.9    932.1
     1     1    17     8    27    18     0     0   -44.0   46.032 -118.522    697.8    931.4
     1     1    17     8    27    17     0     0   -45.0   46.026 -118.501    698.1    931.4
     1     1    17     8    27    16     0     0   -46.0   46.012 -118.464    706.9    931.8
     1     1    17     8    27    15     0     0   -47.0   45.985 -118.397    719.7    928.0
     1     1    17     8    27    14     0     0   -48.0   45.947 -118.320    722.2    928.9
     1     1    17     8    27    13     0     0   -49.0   45.908 -118.244    719.7    928.7
     1     1    17     8    27    12     0     0   -50.0   45.910 -118.178    721.6    929.9
     1     1    17     8    27    11     0     0   -51.0   45.905 -118.130    711.5    928.7
     1     1    17     8    27    10     0     0   -52.0   45.870 -118.083    702.5    931.5
     1     1    17     8    27     9     0     0   -53.0   45.860 -118.026    708.2    931.9
     1     1    17     8    27     8     0     0   -54.0   45.855 -117.961    725.3    928.5
     1     1    17     8    27     7     0     0   -55.0   45.868 -117.899    745.0    926.4
