     1     1
    SITE    10     3     1     0     0
     1 BACKWARD OMEGA   
    17     8    14    21   46.392 -119.412   700.0
     1 PRESSURE
     1     1    17     8    14    21     0     0     0.0   46.392 -119.412    700.0    931.4
     1     1    17     8    14    20     0     0    -1.0   46.321 -119.394    705.8    930.7
     1     1    17     8    14    19     0     0    -2.0   46.244 -119.338    708.7    930.6
     1     1    17     8    14    18     0     0    -3.0   46.155 -119.218    698.1    930.6
     1     1    17     8    14    17     0     0    -4.0   46.066 -119.080    688.2    932.3
     1     1    17     8    14    16     0     0    -5.0   45.974 -118.941    683.8    932.3
     1     1    17     8    14    15     0     0    -6.0   45.906 -118.787    686.4    933.5
     1     1    17     8    14    14     0     0    -7.0   45.841 -118.737    700.5    931.4
     1     1    17     8    14    13     0     0    -8.0   45.754 -118.698    683.0    932.3
     1     1    17     8    14    12     0     0    -9.0   45.650 -118.582    673.8    933.9
     1     1    17     8    14    11     0     0   -10.0   45.525 -118.547    665.1    937.5
     1     1    17     8    14    10     0     0   -11.0   45.410 -118.545    669.1    934.1
