     1     1
    SITE    10     3     1     0     0
     1 BACKWARD OMEGA   
    17     8    13     1   46.392 -119.412   700.0
     1 PRESSURE
     1     1    17     8    13     1     0     0     0.0   46.392 -119.412    700.0    931.4
     1     1    17     8    13     0     0     0    -1.0   46.322 -119.414    703.7    931.0
     1     1    17     8    12    23     0     0    -2.0   46.266 -119.488    699.3    931.4
     1     1    17     8    12    22     0     0    -3.0   46.259 -119.679    722.8    929.1
     1     1    17     8    12    21     0     0    -4.0   46.346 -119.895    728.3    926.2
     1     1    17     8    12    20     0     0    -5.0   46.386 -120.104    696.7    932.9
     1     1    17     8    12    19     0     0    -6.0   46.301 -120.139    710.6    930.0
     1     1    17     8    12    18     0     0    -7.0   46.185 -120.041    685.8    933.0
     1     1    17     8    12    17     0     0    -8.0   46.040 -119.996    676.7    934.3
     1     1    17     8    12    16     0     0    -9.0   45.882 -119.936    677.8    932.9
     1     1    17     8    12    15     0     0   -10.0   45.746 -119.771    635.0    940.1
     1     1    17     8    12    14     0     0   -11.0   45.612 -119.637    635.3    937.5
     1     1    17     8    12    13     0     0   -12.0   45.470 -119.603    595.8    943.8
