     1     1
    SITE    10     3     1     0     0
     1 BACKWARD OMEGA   
    17     8     8     8   46.392 -119.412   700.0
     1 PRESSURE
     1     1    17     8     8     8     0     0     0.0   46.392 -119.412    700.0    931.4
     1     1    17     8     8     7     0     0    -1.0   46.391 -119.374    700.7    931.3
     1     1    17     8     8     6     0     0    -2.0   46.376 -119.352    702.9    931.2
     1     1    17     8     8     5     0     0    -3.0   46.349 -119.344    701.2    930.7
     1     1    17     8     8     4     0     0    -4.0   46.346 -119.313    702.4    932.0
     1     1    17     8     8     3     0     0    -5.0   46.361 -119.268    705.1    930.6
     1     1    17     8     8     2     0     0    -6.0   46.352 -119.259    701.0    931.0
     1     1    17     8     8     1     0     0    -7.0   46.324 -119.271    696.2    931.9
     1     1    17     8     8     0     0     0    -8.0   46.276 -119.277    694.1    932.2
     1     1    17     8     7    23     0     0    -9.0   46.224 -119.300    698.6    932.8
     1     1    17     8     7    22     0     0   -10.0   46.194 -119.352    714.3    929.8
     1     1    17     8     7    21     0     0   -11.0   46.166 -119.377    721.0    927.7
     1     1    17     8     7    20     0     0   -12.0   46.124 -119.372    717.1    929.9
     1     1    17     8     7    19     0     0   -13.0   46.059 -119.364    735.7    929.6
     1     1    17     8     7    18     0     0   -14.0   45.977 -119.338    742.3    925.6
     1     1    17     8     7    17     0     0   -15.0   45.887 -119.302    724.2    928.3
     1     1    17     8     7    16     0     0   -16.0   45.797 -119.251    708.7    929.0
     1     1    17     8     7    15     0     0   -17.0   45.717 -119.169    685.2    933.5
     1     1    17     8     7    14     0     0   -18.0   45.644 -119.098    687.4    933.2
     1     1    17     8     7    13     0     0   -19.0   45.577 -119.042    701.7    930.5
     1     1    17     8     7    12     0     0   -20.0   45.522 -119.010    691.7    932.1
     1     1    17     8     7    11     0     0   -21.0   45.510 -118.973    687.0    934.6
     1     1    17     8     7    10     0     0   -22.0   45.538 -118.899    685.8    933.5
     1     1    17     8     7     9     0     0   -23.0   45.573 -118.819    681.5    932.8
     1     1    17     8     7     8     0     0   -24.0   45.596 -118.728    664.8    935.1
     1     1    17     8     7     7     0     0   -25.0   45.593 -118.657    656.0    936.8
     1     1    17     8     7     6     0     0   -26.0   45.580 -118.641    650.4    936.9
     1     1    17     8     7     5     0     0   -27.0   45.575 -118.605    651.4    938.1
     1     1    17     8     7     4     0     0   -28.0   45.555 -118.548    656.2    935.9
     1     1    17     8     7     3     0     0   -29.0   45.530 -118.501    654.3    936.5
     1     1    17     8     7     2     0     0   -30.0   45.513 -118.467    657.5    936.6
     1     1    17     8     7     1     0     0   -31.0   45.472 -118.432    669.4    935.9
     1     1    17     8     7     0     0     0   -32.0   45.427 -118.366    679.8    933.4
