     1     1
    SITE    10     3     1     0     0
     1 BACKWARD OMEGA   
    17     8     9    21   46.392 -119.412   700.0
     1 PRESSURE
     1     1    17     8     9    21     0     0     0.0   46.392 -119.412    700.0    931.4
     1     1    17     8     9    20     0     0    -1.0   46.361 -119.458    713.3    929.9
     1     1    17     8     9    19     0     0    -2.0   46.361 -119.438    723.5    928.3
     1     1    17     8     9    18     0     0    -3.0   46.402 -119.319    728.7    928.4
     1     1    17     8     9    17     0     0    -4.0   46.453 -119.205    706.5    930.0
     1     1    17     8     9    16     0     0    -5.0   46.505 -119.066    673.0    934.1
     1     1    17     8     9    15     0     0    -6.0   46.561 -118.936    659.6    936.7
     1     1    17     8     9    14     0     0    -7.0   46.607 -118.813    666.0    935.7
     1     1    17     8     9    13     0     0    -8.0   46.635 -118.695    682.3    933.5
     1     1    17     8     9    12     0     0    -9.0   46.614 -118.646    688.6    932.5
     1     1    17     8     9    11     0     0   -10.0   46.551 -118.654    680.5    933.3
     1     1    17     8     9    10     0     0   -11.0   46.526 -118.629    669.1    935.1
     1     1    17     8     9     9     0     0   -12.0   46.541 -118.561    663.3    937.7
     1     1    17     8     9     8     0     0   -13.0   46.561 -118.495    675.5    934.7
     1     1    17     8     9     7     0     0   -14.0   46.558 -118.450    673.6    932.9
     1     1    17     8     9     6     0     0   -15.0   46.539 -118.395    669.6    935.9
     1     1    17     8     9     5     0     0   -16.0   46.525 -118.370    671.3    935.0
     1     1    17     8     9     4     0     0   -17.0   46.509 -118.353    676.6    934.2
     1     1    17     8     9     3     0     0   -18.0   46.485 -118.327    669.4    933.4
     1     1    17     8     9     2     0     0   -19.0   46.444 -118.332    650.4    937.6
     1     1    17     8     9     1     0     0   -20.0   46.453 -118.278    654.9    939.5
     1     1    17     8     9     0     0     0   -21.0   46.449 -118.231    663.2    935.2
     1     1    17     8     8    23     0     0   -22.0   46.390 -118.237    671.0    935.1
     1     1    17     8     8    22     0     0   -23.0   46.368 -118.225    681.5    932.6
     1     1    17     8     8    21     0     0   -24.0   46.362 -118.208    682.7    933.5
     1     1    17     8     8    20     0     0   -25.0   46.352 -118.253    692.5    933.1
     1     1    17     8     8    19     0     0   -26.0   46.343 -118.275    702.9    931.7
     1     1    17     8     8    18     0     0   -27.0   46.354 -118.209    731.5    930.0
     1     1    17     8     8    17     0     0   -28.0   46.392 -118.120    746.5    923.4
     1     1    17     8     8    16     0     0   -29.0   46.441 -118.021    748.4    927.0
     1     1    17     8     8    15     0     0   -30.0   46.466 -117.907    794.2    921.6
