     1     1
    SITE    10     3     1     0     0
     1 BACKWARD OMEGA   
    17     8     7    22   46.392 -119.412   700.0
     1 PRESSURE
     1     1    17     8     7    22     0     0     0.0   46.392 -119.412    700.0    931.4
     1     1    17     8     7    21     0     0    -1.0   46.364 -119.437    695.0    932.0
     1     1    17     8     7    20     0     0    -2.0   46.321 -119.434    681.1    932.6
     1     1    17     8     7    19     0     0    -3.0   46.255 -119.428    667.2    935.8
     1     1    17     8     7    18     0     0    -4.0   46.170 -119.402    651.1    936.8
     1     1    17     8     7    17     0     0    -5.0   46.081 -119.367    648.1    939.1
     1     1    17     8     7    16     0     0    -6.0   45.989 -119.316    660.8    936.3
     1     1    17     8     7    15     0     0    -7.0   45.907 -119.233    662.8    934.7
     1     1    17     8     7    14     0     0    -8.0   45.834 -119.159    661.7    936.6
     1     1    17     8     7    13     0     0    -9.0   45.768 -119.102    662.8    935.6
     1     1    17     8     7    12     0     0   -10.0   45.712 -119.070    658.6    936.4
     1     1    17     8     7    11     0     0   -11.0   45.700 -119.035    662.4    936.8
     1     1    17     8     7    10     0     0   -12.0   45.729 -118.962    676.1    932.8
     1     1    17     8     7     9     0     0   -13.0   45.767 -118.883    675.2    934.1
     1     1    17     8     7     8     0     0   -14.0   45.789 -118.794    676.3    934.7
     1     1    17     8     7     7     0     0   -15.0   45.787 -118.722    671.1    934.1
     1     1    17     8     7     6     0     0   -16.0   45.772 -118.706    657.3    938.0
     1     1    17     8     7     5     0     0   -17.0   45.767 -118.669    654.2    937.0
     1     1    17     8     7     4     0     0   -18.0   45.745 -118.612    649.8    937.8
     1     1    17     8     7     3     0     0   -19.0   45.720 -118.566    654.0    938.5
     1     1    17     8     7     2     0     0   -20.0   45.704 -118.532    658.6    935.7
     1     1    17     8     7     1     0     0   -21.0   45.663 -118.502    661.9    936.1
     1     1    17     8     7     0     0     0   -22.0   45.617 -118.438    662.1    935.6
     1     1    17     8     6    23     0     0   -23.0   45.584 -118.362    668.5    936.5
     1     1    17     8     6    22     0     0   -24.0   45.597 -118.290    675.3    933.2
     1     1    17     8     6    21     0     0   -25.0   45.604 -118.291    672.3    933.9
     1     1    17     8     6    20     0     0   -26.0   45.569 -118.319    661.4    937.1
     1     1    17     8     6    19     0     0   -27.0   45.575 -118.288    664.1    936.1
     1     1    17     8     6    18     0     0   -28.0   45.594 -118.306    660.6    935.0
     1     1    17     8     6    17     0     0   -29.0   45.589 -118.392    657.5    937.4
     1     1    17     8     6    16     0     0   -30.0   45.616 -118.405    663.2    935.9
     1     1    17     8     6    15     0     0   -31.0   45.628 -118.331    674.3    934.9
     1     1    17     8     6    14     0     0   -32.0   45.640 -118.249    666.9    934.3
     1     1    17     8     6    13     0     0   -33.0   45.642 -118.177    673.7    936.7
     1     1    17     8     6    12     0     0   -34.0   45.602 -118.107    686.0    933.7
     1     1    17     8     6    11     0     0   -35.0   45.557 -118.053    687.1    930.9
     1     1    17     8     6    10     0     0   -36.0   45.540 -117.997    689.2    933.7
     1     1    17     8     6     9     0     0   -37.0   45.554 -117.924    687.1    932.9
