     1     1
    SITE    10     3     1     0     0
     1 BACKWARD OMEGA   
    17     8    14     9   46.392 -119.412   700.0
     1 PRESSURE
     1     1    17     8    14     9     0     0     0.0   46.392 -119.412    700.0    931.4
     1     1    17     8    14     8     0     0    -1.0   46.310 -119.398    712.6    929.9
     1     1    17     8    14     7     0     0    -2.0   46.228 -119.372    731.9    927.6
     1     1    17     8    14     6     0     0    -3.0   46.140 -119.359    711.3    929.0
     1     1    17     8    14     5     0     0    -4.0   46.054 -119.349    676.8    934.3
     1     1    17     8    14     4     0     0    -5.0   45.975 -119.348    650.8    936.4
     1     1    17     8    14     3     0     0    -6.0   45.886 -119.347    636.7    939.7
     1     1    17     8    14     2     0     0    -7.0   45.778 -119.353    643.6    938.7
     1     1    17     8    14     1     0     0    -8.0   45.673 -119.367    657.8    936.4
     1     1    17     8    14     0     0     0    -9.0   45.602 -119.340    655.8    936.4
     1     1    17     8    13    23     0     0   -10.0   45.582 -119.393    642.4    937.9
     1     1    17     8    13    22     0     0   -11.0   45.607 -119.573    643.0    937.4
     1     1    17     8    13    21     0     0   -12.0   45.678 -119.789    647.3    937.7
     1     1    17     8    13    20     0     0   -13.0   45.830 -120.053    672.3    934.9
     1     1    17     8    13    19     0     0   -14.0   46.013 -120.315    690.3    930.5
     1     1    17     8    13    18     0     0   -15.0   46.172 -120.542    660.9    935.2
