     1     1
    SITE    10     3     1     0     0
     1 BACKWARD OMEGA   
    17     8    28     1   46.392 -119.412   700.0
     1 PRESSURE
     1     1    17     8    28     1     0     0     0.0   46.392 -119.412    700.0    931.4
     1     1    17     8    28     0     0     0    -1.0   46.371 -119.352    695.3    932.0
     1     1    17     8    27    23     0     0    -2.0   46.340 -119.293    691.1    932.2
     1     1    17     8    27    22     0     0    -3.0   46.320 -119.225    689.8    933.2
     1     1    17     8    27    21     0     0    -4.0   46.307 -119.164    693.9    931.8
     1     1    17     8    27    20     0     0    -5.0   46.281 -119.137    685.7    932.2
     1     1    17     8    27    19     0     0    -6.0   46.254 -119.138    674.3    934.9
     1     1    17     8    27    18     0     0    -7.0   46.241 -119.129    670.6    935.3
     1     1    17     8    27    17     0     0    -8.0   46.236 -119.107    668.6    935.1
     1     1    17     8    27    16     0     0    -9.0   46.220 -119.071    660.8    935.4
     1     1    17     8    27    15     0     0   -10.0   46.193 -119.005    649.4    937.8
     1     1    17     8    27    14     0     0   -11.0   46.155 -118.926    644.8    938.6
     1     1    17     8    27    13     0     0   -12.0   46.113 -118.848    642.4    937.8
     1     1    17     8    27    12     0     0   -13.0   46.113 -118.782    634.8    939.2
     1     1    17     8    27    11     0     0   -14.0   46.106 -118.735    631.3    938.6
     1     1    17     8    27    10     0     0   -15.0   46.072 -118.689    629.2    939.8
     1     1    17     8    27     9     0     0   -16.0   46.063 -118.630    627.6    940.1
     1     1    17     8    27     8     0     0   -17.0   46.061 -118.567    619.4    940.0
     1     1    17     8    27     7     0     0   -18.0   46.076 -118.506    606.0    942.6
     1     1    17     8    27     6     0     0   -19.0   46.094 -118.496    602.0    943.1
     1     1    17     8    27     5     0     0   -20.0   46.087 -118.504    601.4    942.4
     1     1    17     8    27     4     0     0   -21.0   46.099 -118.466    593.3    942.9
     1     1    17     8    27     3     0     0   -22.0   46.125 -118.396    586.7    944.4
     1     1    17     8    27     2     0     0   -23.0   46.135 -118.318    582.0    944.5
     1     1    17     8    27     1     0     0   -24.0   46.144 -118.253    576.5    945.7
     1     1    17     8    27     0     0     0   -25.0   46.136 -118.205    579.5    945.5
     1     1    17     8    26    23     0     0   -26.0   46.146 -118.157    583.6    944.3
     1     1    17     8    26    22     0     0   -27.0   46.181 -118.102    589.6    944.1
     1     1    17     8    26    21     0     0   -28.0   46.191 -118.094    588.9    943.2
     1     1    17     8    26    20     0     0   -29.0   46.176 -118.125    586.3    945.0
     1     1    17     8    26    19     0     0   -30.0   46.165 -118.097    585.2    943.9
     1     1    17     8    26    18     0     0   -31.0   46.193 -118.036    579.7    944.1
     1     1    17     8    26    17     0     0   -32.0   46.258 -117.983    570.4    947.0
     1     1    17     8    26    16     0     0   -33.0   46.328 -117.921    587.7    944.6
