     1     1
    SITE    10     3     1     0     0
     1 BACKWARD OMEGA   
    17     8    25    20   46.392 -119.412   700.0
     1 PRESSURE
     1     1    17     8    25    20     0     0     0.0   46.392 -119.412    700.0    931.4
     1     1    17     8    25    19     0     0    -1.0   46.359 -119.335    698.2    931.6
     1     1    17     8    25    18     0     0    -2.0   46.311 -119.227    695.1    931.6
     1     1    17     8    25    17     0     0    -3.0   46.265 -119.121    691.4    932.8
     1     1    17     8    25    16     0     0    -4.0   46.216 -119.009    704.2    930.5
     1     1    17     8    25    15     0     0    -5.0   46.165 -118.887    702.5    930.8
     1     1    17     8    25    14     0     0    -6.0   46.124 -118.768    689.7    932.4
     1     1    17     8    25    13     0     0    -7.0   46.100 -118.653    681.8    934.0
     1     1    17     8    25    12     0     0    -8.0   46.091 -118.536    677.5    933.7
     1     1    17     8    25    11     0     0    -9.0   46.056 -118.481    675.7    935.1
     1     1    17     8    25    10     0     0   -10.0   46.009 -118.522    684.6    933.4
     1     1    17     8    25     9     0     0   -11.0   45.975 -118.539    685.4    932.2
     1     1    17     8    25     8     0     0   -12.0   45.933 -118.529    687.0    932.8
     1     1    17     8    25     7     0     0   -13.0   45.899 -118.505    686.9    933.1
     1     1    17     8    25     6     0     0   -14.0   45.864 -118.463    693.6    932.3
     1     1    17     8    25     5     0     0   -15.0   45.815 -118.449    691.0    931.2
     1     1    17     8    25     4     0     0   -16.0   45.767 -118.458    679.0    935.2
     1     1    17     8    25     3     0     0   -17.0   45.727 -118.480    671.4    934.9
     1     1    17     8    25     2     0     0   -18.0   45.687 -118.515    663.1    935.7
     1     1    17     8    25     1     0     0   -19.0   45.666 -118.565    656.1    936.8
     1     1    17     8    25     0     0     0   -20.0   45.636 -118.604    649.5    937.0
     1     1    17     8    24    23     0     0   -21.0   45.601 -118.649    639.5    938.6
     1     1    17     8    24    22     0     0   -22.0   45.635 -118.775    620.3    940.1
     1     1    17     8    24    21     0     0   -23.0   45.746 -118.975    626.4    940.5
     1     1    17     8    24    20     0     0   -24.0   45.897 -119.205    654.1    937.0
     1     1    17     8    24    19     0     0   -25.0   46.071 -119.444    698.9    932.1
     1     1    17     8    24    18     0     0   -26.0   46.287 -119.722    694.0    932.3
     1     1    17     8    24    17     0     0   -27.0   46.520 -120.024    702.2    929.3
     1     1    17     8    24    16     0     0   -28.0   46.750 -120.315    715.6    931.2
     1     1    17     8    24    15     0     0   -29.0   46.963 -120.569    832.4    916.9
