     1     1
    SITE    10     3     1     0     0
     1 BACKWARD OMEGA   
    17     8     3    15   46.392 -119.412   700.0
     1 PRESSURE
     1     1    17     8     3    15     0     0     0.0   46.392 -119.412    700.0    931.4
     1     1    17     8     3    14     0     0    -1.0   46.369 -119.354    708.6    930.4
     1     1    17     8     3    13     0     0    -2.0   46.363 -119.312    720.4    929.3
     1     1    17     8     3    12     0     0    -3.0   46.426 -119.237    743.4    926.2
     1     1    17     8     3    11     0     0    -4.0   46.459 -119.278    747.0    924.0
     1     1    17     8     3    10     0     0    -5.0   46.424 -119.361    758.6    924.1
     1     1    17     8     3     9     0     0    -6.0   46.364 -119.363    754.4    925.2
     1     1    17     8     3     8     0     0    -7.0   46.328 -119.335    752.0    925.3
     1     1    17     8     3     7     0     0    -8.0   46.303 -119.305    747.6    926.0
     1     1    17     8     3     6     0     0    -9.0   46.299 -119.308    744.3    926.6
     1     1    17     8     3     5     0     0   -10.0   46.294 -119.318    744.8    926.1
     1     1    17     8     3     4     0     0   -11.0   46.306 -119.281    752.2    926.3
     1     1    17     8     3     3     0     0   -12.0   46.363 -119.229    744.6    923.8
     1     1    17     8     3     2     0     0   -13.0   46.428 -119.198    718.9    930.2
     1     1    17     8     3     1     0     0   -14.0   46.456 -119.136    703.1    931.2
     1     1    17     8     3     0     0     0   -15.0   46.434 -119.102    696.2    932.3
     1     1    17     8     2    23     0     0   -16.0   46.411 -119.076    694.5    932.4
     1     1    17     8     2    22     0     0   -17.0   46.379 -119.035    686.8    933.1
     1     1    17     8     2    21     0     0   -18.0   46.379 -119.051    688.1    933.6
     1     1    17     8     2    20     0     0   -19.0   46.395 -119.025    697.4    931.6
     1     1    17     8     2    19     0     0   -20.0   46.424 -118.993    706.7    930.6
     1     1    17     8     2    18     0     0   -21.0   46.522 -118.996    696.7    932.4
     1     1    17     8     2    17     0     0   -22.0   46.661 -118.955    731.8    927.7
     1     1    17     8     2    16     0     0   -23.0   46.811 -118.866    731.5    928.0
     1     1    17     8     2    15     0     0   -24.0   46.942 -118.755    733.2    927.0
     1     1    17     8     2    14     0     0   -25.0   47.062 -118.651    718.8    928.9
     1     1    17     8     2    13     0     0   -26.0   47.188 -118.555    719.4    929.3
     1     1    17     8     2    12     0     0   -27.0   47.249 -118.398    747.2    925.7
     1     1    17     8     2    11     0     0   -28.0   47.327 -118.260    768.1    924.3
