     1     1
    SITE    10     3     1     0     0
     1 BACKWARD OMEGA   
    17     8     3     5   46.392 -119.412   700.0
     1 PRESSURE
     1     1    17     8     3     5     0     0     0.0   46.392 -119.412    700.0    931.4
     1     1    17     8     3     4     0     0    -1.0   46.403 -119.374    697.4    931.7
     1     1    17     8     3     3     0     0    -2.0   46.459 -119.321    692.6    932.2
     1     1    17     8     3     2     0     0    -3.0   46.524 -119.289    692.2    932.9
     1     1    17     8     3     1     0     0    -4.0   46.553 -119.228    684.4    931.7
     1     1    17     8     3     0     0     0    -5.0   46.531 -119.195    673.3    936.1
     1     1    17     8     2    23     0     0    -6.0   46.510 -119.168    672.8    933.9
     1     1    17     8     2    22     0     0    -7.0   46.479 -119.129    662.2    936.9
     1     1    17     8     2    21     0     0    -8.0   46.478 -119.147    669.6    935.9
     1     1    17     8     2    20     0     0    -9.0   46.492 -119.124    686.5    934.0
     1     1    17     8     2    19     0     0   -10.0   46.520 -119.096    692.9    931.5
     1     1    17     8     2    18     0     0   -11.0   46.618 -119.099    722.2    929.6
     1     1    17     8     2    17     0     0   -12.0   46.757 -119.057    738.9    927.3
     1     1    17     8     2    16     0     0   -13.0   46.904 -118.971    768.9    924.1
     1     1    17     8     2    15     0     0   -14.0   47.037 -118.858    785.1    922.7
     1     1    17     8     2    14     0     0   -15.0   47.161 -118.753    769.2    922.0
     1     1    17     8     2    13     0     0   -16.0   47.288 -118.663    732.7    928.0
