     1     1
    SITE    10     3     1     0     0
     1 BACKWARD OMEGA   
    17     8    29    10   46.392 -119.412   700.0
     1 PRESSURE
     1     1    17     8    29    10     0     0     0.0   46.392 -119.412    700.0    931.4
     1     1    17     8    29     9     0     0    -1.0   46.343 -119.413    706.6    930.6
     1     1    17     8    29     8     0     0    -2.0   46.298 -119.429    703.5    929.8
     1     1    17     8    29     7     0     0    -3.0   46.273 -119.426    697.5    932.5
     1     1    17     8    29     6     0     0    -4.0   46.268 -119.404    700.5    931.6
     1     1    17     8    29     5     0     0    -5.0   46.251 -119.389    701.9    930.8
     1     1    17     8    29     4     0     0    -6.0   46.244 -119.330    709.1    931.2
     1     1    17     8    29     3     0     0    -7.0   46.272 -119.219    712.2    930.1
     1     1    17     8    29     2     0     0    -8.0   46.320 -119.111    699.6    930.2
     1     1    17     8    29     1     0     0    -9.0   46.366 -119.033    674.2    935.0
     1     1    17     8    29     0     0     0   -10.0   46.365 -119.011    681.5    935.2
     1     1    17     8    28    23     0     0   -11.0   46.328 -119.021    688.8    932.0
     1     1    17     8    28    22     0     0   -12.0   46.298 -119.006    692.2    932.7
     1     1    17     8    28    21     0     0   -13.0   46.273 -118.972    693.6    931.8
     1     1    17     8    28    20     0     0   -14.0   46.248 -119.002    691.8    932.5
     1     1    17     8    28    19     0     0   -15.0   46.212 -119.043    683.0    933.7
     1     1    17     8    28    18     0     0   -16.0   46.225 -119.094    678.5    933.5
     1     1    17     8    28    17     0     0   -17.0   46.307 -119.181    662.1    936.6
     1     1    17     8    28    16     0     0   -18.0   46.395 -119.226    657.7    936.3
     1     1    17     8    28    15     0     0   -19.0   46.485 -119.242    652.5    937.7
     1     1    17     8    28    14     0     0   -20.0   46.489 -119.250    646.7    937.0
     1     1    17     8    28    13     0     0   -21.0   46.398 -119.264    648.7    937.6
     1     1    17     8    28    12     0     0   -22.0   46.390 -119.231    643.5    938.0
     1     1    17     8    28    11     0     0   -23.0   46.473 -119.182    623.7    941.4
     1     1    17     8    28    10     0     0   -24.0   46.472 -119.184    620.3    940.5
     1     1    17     8    28     9     0     0   -25.0   46.481 -119.205    619.3    940.9
     1     1    17     8    28     8     0     0   -26.0   46.488 -119.237    602.4    942.5
     1     1    17     8    28     7     0     0   -27.0   46.429 -119.213    597.7    943.0
     1     1    17     8    28     6     0     0   -28.0   46.386 -119.216    590.3    943.8
     1     1    17     8    28     5     0     0   -29.0   46.343 -119.193    586.3    944.4
     1     1    17     8    28     4     0     0   -30.0   46.300 -119.126    595.6    942.9
     1     1    17     8    28     3     0     0   -31.0   46.251 -119.167    586.9    944.3
     1     1    17     8    28     2     0     0   -32.0   46.242 -119.197    585.4    944.4
     1     1    17     8    28     1     0     0   -33.0   46.249 -119.152    585.3    944.3
     1     1    17     8    28     0     0     0   -34.0   46.229 -119.095    587.7    944.8
     1     1    17     8    27    23     0     0   -35.0   46.198 -119.036    588.3    943.7
     1     1    17     8    27    22     0     0   -36.0   46.177 -118.967    582.3    944.5
     1     1    17     8    27    21     0     0   -37.0   46.162 -118.908    580.3    945.5
     1     1    17     8    27    20     0     0   -38.0   46.136 -118.880    584.8    944.5
     1     1    17     8    27    19     0     0   -39.0   46.109 -118.881    587.5    944.1
     1     1    17     8    27    18     0     0   -40.0   46.097 -118.873    587.5    944.1
     1     1    17     8    27    17     0     0   -41.0   46.091 -118.852    587.7    944.3
     1     1    17     8    27    16     0     0   -42.0   46.077 -118.815    594.3    944.1
     1     1    17     8    27    15     0     0   -43.0   46.049 -118.748    589.1    942.5
     1     1    17     8    27    14     0     0   -44.0   46.008 -118.670    579.6    945.9
     1     1    17     8    27    13     0     0   -45.0   45.966 -118.594    582.4    945.2
     1     1    17     8    27    12     0     0   -46.0   45.965 -118.531    587.2    944.0
     1     1    17     8    27    11     0     0   -47.0   45.958 -118.483    593.4    944.5
     1     1    17     8    27    10     0     0   -48.0   45.924 -118.437    605.4    941.5
     1     1    17     8    27     9     0     0   -49.0   45.914 -118.380    601.6    942.4
     1     1    17     8    27     8     0     0   -50.0   45.910 -118.315    599.4    943.6
     1     1    17     8    27     7     0     0   -51.0   45.923 -118.252    593.6    942.6
     1     1    17     8    27     6     0     0   -52.0   45.940 -118.241    586.5    944.9
     1     1    17     8    27     5     0     0   -53.0   45.934 -118.249    585.0    944.3
     1     1    17     8    27     4     0     0   -54.0   45.947 -118.209    577.3    945.0
     1     1    17     8    27     3     0     0   -55.0   45.973 -118.138    575.9    946.4
     1     1    17     8    27     2     0     0   -56.0   45.986 -118.061    583.1    944.3
     1     1    17     8    27     1     0     0   -57.0   45.996 -117.996    586.2    944.3
     1     1    17     8    27     0     0     0   -58.0   45.989 -117.947    586.0    944.0
     1     1    17     8    26    23     0     0   -59.0   45.999 -117.901    586.5    944.5
