     1     1
    SITE    10     3     1     0     0
     1 BACKWARD OMEGA   
    17     8    21    16   46.392 -119.412   700.0
     1 PRESSURE
     1     1    17     8    21    16     0     0     0.0   46.392 -119.412    700.0    931.4
     1     1    17     8    21    15     0     0    -1.0   46.395 -119.443    700.5    931.4
     1     1    17     8    21    14     0     0    -2.0   46.336 -119.448    698.1    930.3
     1     1    17     8    21    13     0     0    -3.0   46.318 -119.394    689.1    934.0
     1     1    17     8    21    12     0     0    -4.0   46.310 -119.315    660.5    938.7
     1     1    17     8    21    11     0     0    -5.0   46.288 -119.224    670.7    935.9
     1     1    17     8    21    10     0     0    -6.0   46.302 -119.147    668.8    934.7
     1     1    17     8    21     9     0     0    -7.0   46.319 -119.110    663.5    936.0
     1     1    17     8    21     8     0     0    -8.0   46.317 -119.059    667.1    936.3
     1     1    17     8    21     7     0     0    -9.0   46.313 -118.992    665.2    934.5
     1     1    17     8    21     6     0     0   -10.0   46.319 -118.939    657.3    936.9
     1     1    17     8    21     5     0     0   -11.0   46.323 -118.908    653.7    936.9
     1     1    17     8    21     4     0     0   -12.0   46.310 -118.900    648.4    937.3
     1     1    17     8    21     3     0     0   -13.0   46.279 -118.871    650.9    938.3
     1     1    17     8    21     2     0     0   -14.0   46.249 -118.849    659.3    935.5
     1     1    17     8    21     1     0     0   -15.0   46.233 -118.823    657.6    934.9
     1     1    17     8    21     0     0     0   -16.0   46.199 -118.785    647.6    937.5
     1     1    17     8    20    23     0     0   -17.0   46.149 -118.790    647.4    938.0
     1     1    17     8    20    22     0     0   -18.0   46.155 -118.819    651.5    937.8
     1     1    17     8    20    21     0     0   -19.0   46.196 -118.836    648.3    938.3
     1     1    17     8    20    20     0     0   -20.0   46.195 -118.830    644.0    937.5
     1     1    17     8    20    19     0     0   -21.0   46.158 -118.805    649.9    939.5
     1     1    17     8    20    18     0     0   -22.0   46.123 -118.699    636.0    935.7
     1     1    17     8    20    17     0     0   -23.0   46.091 -118.536    618.2    941.5
     1     1    17     8    20    16     0     0   -24.0   46.072 -118.366    621.1    938.8
     1     1    17     8    20    15     0     0   -25.0   46.042 -118.204    571.9    946.1
     1     1    17     8    20    14     0     0   -26.0   45.972 -118.148    560.4    947.2
     1     1    17     8    20    13     0     0   -27.0   45.891 -118.191    542.2    949.2
     1     1    17     8    20    12     0     0   -28.0   45.826 -118.198    535.9    950.3
     1     1    17     8    20    11     0     0   -29.0   45.773 -118.197    539.3    948.9
     1     1    17     8    20    10     0     0   -30.0   45.721 -118.225    535.3    950.6
     1     1    17     8    20     9     0     0   -31.0   45.677 -118.255    535.4    949.6
     1     1    17     8    20     8     0     0   -32.0   45.626 -118.255    521.5    950.1
     1     1    17     8    20     7     0     0   -33.0   45.553 -118.223    507.3    953.7
     1     1    17     8    20     6     0     0   -34.0   45.479 -118.193    489.5    954.1
     1     1    17     8    20     5     0     0   -35.0   45.398 -118.186    469.5    958.0
