     1     1
    SITE    10     3     1     0     0
     1 BACKWARD OMEGA   
    17     8     1     2   46.392 -119.412   700.0
     1 PRESSURE
     1     1    17     8     1     2     0     0     0.0   46.392 -119.412    700.0    931.4
     1     1    17     8     1     1     0     0    -1.0   46.364 -119.373    692.3    932.3
     1     1    17     8     1     0     0     0    -2.0   46.355 -119.321    674.1    934.0
     1     1    17     7    31    23     0     0    -3.0   46.367 -119.310    671.4    935.7
     1     1    17     7    31    22     0     0    -4.0   46.340 -119.325    686.2    933.5
     1     1    17     7    31    21     0     0    -5.0   46.328 -119.322    694.5    931.1
     1     1    17     7    31    20     0     0    -6.0   46.331 -119.346    692.6    932.3
     1     1    17     7    31    19     0     0    -7.0   46.272 -119.371    676.9    932.9
     1     1    17     7    31    18     0     0    -8.0   46.185 -119.329    673.6    934.9
     1     1    17     7    31    17     0     0    -9.0   46.158 -119.235    688.3    933.3
     1     1    17     7    31    16     0     0   -10.0   46.183 -119.138    697.3    930.6
     1     1    17     7    31    15     0     0   -11.0   46.189 -119.019    704.7    930.9
     1     1    17     7    31    14     0     0   -12.0   46.158 -118.912    702.0    930.9
     1     1    17     7    31    13     0     0   -13.0   46.147 -118.822    700.1    931.6
     1     1    17     7    31    12     0     0   -14.0   46.139 -118.719    700.9    931.3
     1     1    17     7    31    11     0     0   -15.0   46.137 -118.617    696.8    931.4
     1     1    17     7    31    10     0     0   -16.0   46.156 -118.512    698.3    932.7
     1     1    17     7    31     9     0     0   -17.0   46.139 -118.423    710.9    929.1
     1     1    17     7    31     8     0     0   -18.0   46.133 -118.413    698.0    931.9
     1     1    17     7    31     7     0     0   -19.0   46.133 -118.418    686.9    932.3
     1     1    17     7    31     6     0     0   -20.0   46.124 -118.381    685.1    933.8
     1     1    17     7    31     5     0     0   -21.0   46.121 -118.335    685.3    932.6
     1     1    17     7    31     4     0     0   -22.0   46.097 -118.304    682.2    933.9
     1     1    17     7    31     3     0     0   -23.0   46.052 -118.294    670.5    934.4
     1     1    17     7    31     2     0     0   -24.0   46.020 -118.312    659.9    936.7
     1     1    17     7    31     1     0     0   -25.0   46.040 -118.352    657.0    937.4
     1     1    17     7    31     0     0     0   -26.0   46.062 -118.299    649.7    937.9
     1     1    17     7    30    23     0     0   -27.0   46.052 -118.308    652.9    937.0
     1     1    17     7    30    22     0     0   -28.0   46.106 -118.453    658.2    936.3
     1     1    17     7    30    21     0     0   -29.0   46.209 -118.601    683.5    935.9
     1     1    17     7    30    20     0     0   -30.0   46.252 -118.779    696.9    931.9
     1     1    17     7    30    19     0     0   -31.0   46.203 -118.827    705.3    930.6
     1     1    17     7    30    18     0     0   -32.0   46.103 -118.683    696.4    930.8
     1     1    17     7    30    17     0     0   -33.0   45.986 -118.447    674.4    933.0
     1     1    17     7    30    16     0     0   -34.0   45.850 -118.278    644.6    938.7
     1     1    17     7    30    15     0     0   -35.0   45.725 -118.190    652.1    936.9
     1     1    17     7    30    14     0     0   -36.0   45.619 -118.035    658.8    937.1
