     1     1
    SITE    10     3     1     0     0
     1 BACKWARD OMEGA   
    17     8     3    16   46.392 -119.412   700.0
     1 PRESSURE
     1     1    17     8     3    16     0     0     0.0   46.392 -119.412    700.0    931.4
     1     1    17     8     3    15     0     0    -1.0   46.437 -119.304    696.9    931.8
     1     1    17     8     3    14     0     0    -2.0   46.413 -119.246    716.4    930.4
     1     1    17     8     3    13     0     0    -3.0   46.406 -119.204    755.2    924.7
     1     1    17     8     3    12     0     0    -4.0   46.468 -119.131    773.9    921.6
     1     1    17     8     3    11     0     0    -5.0   46.502 -119.173    774.7    922.2
     1     1    17     8     3    10     0     0    -6.0   46.468 -119.257    774.6    923.1
     1     1    17     8     3     9     0     0    -7.0   46.408 -119.260    778.6    922.1
     1     1    17     8     3     8     0     0    -8.0   46.372 -119.230    774.2    923.4
     1     1    17     8     3     7     0     0    -9.0   46.348 -119.199    777.3    923.2
     1     1    17     8     3     6     0     0   -10.0   46.343 -119.202    780.4    921.8
     1     1    17     8     3     5     0     0   -11.0   46.339 -119.213    781.7    922.0
     1     1    17     8     3     4     0     0   -12.0   46.351 -119.177    781.1    922.4
     1     1    17     8     3     3     0     0   -13.0   46.411 -119.125    772.8    923.0
     1     1    17     8     3     2     0     0   -14.0   46.477 -119.093    762.1    924.5
     1     1    17     8     3     1     0     0   -15.0   46.504 -119.031    753.5    925.3
     1     1    17     8     3     0     0     0   -16.0   46.481 -118.996    748.7    926.1
     1     1    17     8     2    23     0     0   -17.0   46.458 -118.967    731.4    926.4
     1     1    17     8     2    22     0     0   -18.0   46.427 -118.925    720.1    931.5
     1     1    17     8     2    21     0     0   -19.0   46.427 -118.941    722.5    929.1
     1     1    17     8     2    20     0     0   -20.0   46.441 -118.916    728.2    927.6
     1     1    17     8     2    19     0     0   -21.0   46.470 -118.885    740.6    927.8
     1     1    17     8     2    18     0     0   -22.0   46.567 -118.888    727.6    928.1
     1     1    17     8     2    17     0     0   -23.0   46.709 -118.848    734.4    927.1
     1     1    17     8     2    16     0     0   -24.0   46.857 -118.762    725.2    928.0
     1     1    17     8     2    15     0     0   -25.0   46.989 -118.652    704.6    931.4
     1     1    17     8     2    14     0     0   -26.0   47.109 -118.548    712.5    930.5
     1     1    17     8     2    13     0     0   -27.0   47.236 -118.456    762.7    926.0
     1     1    17     8     2    12     0     0   -28.0   47.296 -118.299    825.4    917.7
     1     1    17     8     2    11     0     0   -29.0   47.376 -118.157    855.9    915.3
