     1     1
    SITE    10     3     1     0     0
     1 BACKWARD OMEGA   
    17     8    18    14   46.392 -119.412   700.0
     1 PRESSURE
     1     1    17     8    18    14     0     0     0.0   46.392 -119.412    700.0    931.4
     1     1    17     8    18    13     0     0    -1.0   46.295 -119.433    690.7    932.5
     1     1    17     8    18    12     0     0    -2.0   46.183 -119.414    674.8    934.2
     1     1    17     8    18    11     0     0    -3.0   46.044 -119.361    670.6    935.5
     1     1    17     8    18    10     0     0    -4.0   45.914 -119.318    702.6    930.4
     1     1    17     8    18     9     0     0    -5.0   45.800 -119.307    686.1    933.6
     1     1    17     8    18     8     0     0    -6.0   45.696 -119.308    696.4    931.4
     1     1    17     8    18     7     0     0    -7.0   45.603 -119.308    680.2    933.3
     1     1    17     8    18     6     0     0    -8.0   45.552 -119.320    671.9    935.0
     1     1    17     8    18     5     0     0    -9.0   45.528 -119.352    679.0    934.0
     1     1    17     8    18     4     0     0   -10.0   45.484 -119.349    675.7    932.7
     1     1    17     8    18     3     0     0   -11.0   45.433 -119.337    673.7    936.4
     1     1    17     8    18     2     0     0   -12.0   45.381 -119.325    680.0    932.8
