     1     1
    SITE    10     3     1     0     0
     1 BACKWARD OMEGA   
    17     8    28     3   46.392 -119.412   700.0
     1 PRESSURE
     1     1    17     8    28     3     0     0     0.0   46.392 -119.412    700.0    931.4
     1     1    17     8    28     2     0     0    -1.0   46.384 -119.442    703.0    931.1
     1     1    17     8    28     1     0     0    -2.0   46.390 -119.396    695.2    931.2
     1     1    17     8    28     0     0     0    -3.0   46.369 -119.336    689.2    933.1
     1     1    17     8    27    23     0     0    -4.0   46.338 -119.276    685.2    932.9
     1     1    17     8    27    22     0     0    -5.0   46.318 -119.209    681.8    933.9
     1     1    17     8    27    21     0     0    -6.0   46.305 -119.148    684.4    933.3
     1     1    17     8    27    20     0     0    -7.0   46.279 -119.121    677.9    933.1
     1     1    17     8    27    19     0     0    -8.0   46.252 -119.122    665.6    935.9
     1     1    17     8    27    18     0     0    -9.0   46.240 -119.113    660.6    936.4
     1     1    17     8    27    17     0     0   -10.0   46.234 -119.091    658.2    936.5
     1     1    17     8    27    16     0     0   -11.0   46.219 -119.054    650.1    936.6
     1     1    17     8    27    15     0     0   -12.0   46.192 -118.988    637.6    939.2
     1     1    17     8    27    14     0     0   -13.0   46.154 -118.909    636.6    940.1
     1     1    17     8    27    13     0     0   -14.0   46.112 -118.831    640.1    937.7
     1     1    17     8    27    12     0     0   -15.0   46.111 -118.765    632.7    939.1
     1     1    17     8    27    11     0     0   -16.0   46.105 -118.717    628.6    938.9
     1     1    17     8    27    10     0     0   -17.0   46.071 -118.671    625.2    940.2
     1     1    17     8    27     9     0     0   -18.0   46.062 -118.613    624.1    940.7
     1     1    17     8    27     8     0     0   -19.0   46.060 -118.549    617.3    940.1
     1     1    17     8    27     7     0     0   -20.0   46.074 -118.487    603.9    942.8
     1     1    17     8    27     6     0     0   -21.0   46.092 -118.477    600.0    943.3
     1     1    17     8    27     5     0     0   -22.0   46.085 -118.485    600.1    942.6
     1     1    17     8    27     4     0     0   -23.0   46.098 -118.448    590.7    942.9
     1     1    17     8    27     3     0     0   -24.0   46.124 -118.378    586.6    944.5
     1     1    17     8    27     2     0     0   -25.0   46.135 -118.300    584.0    944.4
     1     1    17     8    27     1     0     0   -26.0   46.143 -118.236    578.4    945.2
     1     1    17     8    27     0     0     0   -27.0   46.135 -118.188    578.5    945.6
     1     1    17     8    26    23     0     0   -28.0   46.145 -118.140    583.8    944.7
     1     1    17     8    26    22     0     0   -29.0   46.181 -118.086    592.9    943.5
     1     1    17     8    26    21     0     0   -30.0   46.190 -118.079    592.5    942.8
     1     1    17     8    26    20     0     0   -31.0   46.175 -118.109    590.9    944.7
     1     1    17     8    26    19     0     0   -32.0   46.164 -118.081    592.6    943.2
     1     1    17     8    26    18     0     0   -33.0   46.192 -118.020    591.0    943.0
     1     1    17     8    26    17     0     0   -34.0   46.257 -117.967    585.1    945.4
     1     1    17     8    26    16     0     0   -35.0   46.327 -117.904    604.1    942.8
