     1     1
    SITE    10     3     1     0     0
     1 BACKWARD OMEGA   
    17     8     2    22   46.392 -119.412   700.0
     1 PRESSURE
     1     1    17     8     2    22     0     0     0.0   46.392 -119.412    700.0    931.4
     1     1    17     8     2    21     0     0    -1.0   46.391 -119.427    707.8    930.5
     1     1    17     8     2    20     0     0    -2.0   46.405 -119.403    698.2    931.3
     1     1    17     8     2    19     0     0    -3.0   46.433 -119.376    682.3    934.2
     1     1    17     8     2    18     0     0    -4.0   46.534 -119.378    682.3    934.3
     1     1    17     8     2    17     0     0    -5.0   46.670 -119.332    718.1    929.2
     1     1    17     8     2    16     0     0    -6.0   46.817 -119.247    723.9    928.8
     1     1    17     8     2    15     0     0    -7.0   46.950 -119.139    743.2    927.6
     1     1    17     8     2    14     0     0    -8.0   47.072 -119.033    756.6    925.2
     1     1    17     8     2    13     0     0    -9.0   47.201 -118.945    738.8    925.7
     1     1    17     8     2    12     0     0   -10.0   47.265 -118.789    751.8    926.7
     1     1    17     8     2    11     0     0   -11.0   47.347 -118.651    736.9    927.6
