     1     1
    SITE    10     3     1     0     0
     1 BACKWARD OMEGA   
    17     8    14     3   46.392 -119.412   700.0
     1 PRESSURE
     1     1    17     8    14     3     0     0     0.0   46.392 -119.412    700.0    931.4
     1     1    17     8    14     2     0     0    -1.0   46.284 -119.420    689.2    932.7
     1     1    17     8    14     1     0     0    -2.0   46.179 -119.437    675.4    934.9
     1     1    17     8    14     0     0     0    -3.0   46.106 -119.409    672.6    934.6
     1     1    17     8    13    23     0     0    -4.0   46.084 -119.460    649.3    937.0
     1     1    17     8    13    22     0     0    -5.0   46.107 -119.644    662.6    937.8
     1     1    17     8    13    21     0     0    -6.0   46.179 -119.856    703.1    931.4
     1     1    17     8    13    20     0     0    -7.0   46.335 -120.127    733.9    925.0
     1     1    17     8    13    19     0     0    -8.0   46.515 -120.395    701.4    930.8
     1     1    17     8    13    18     0     0    -9.0   46.672 -120.624    720.1    929.2
