     1     1
    SITE    10     3     1     0     0
     1 BACKWARD OMEGA   
    17     8    20    22   46.392 -119.412   700.0
     1 PRESSURE
     1     1    17     8    20    22     0     0     0.0   46.392 -119.412    700.0    931.4
     1     1    17     8    20    21     0     0    -1.0   46.434 -119.428    692.4    932.3
     1     1    17     8    20    20     0     0    -2.0   46.433 -119.422    684.9    933.7
     1     1    17     8    20    19     0     0    -3.0   46.395 -119.396    690.5    933.4
     1     1    17     8    20    18     0     0    -4.0   46.359 -119.288    682.4    930.4
     1     1    17     8    20    17     0     0    -5.0   46.326 -119.123    688.3    933.2
     1     1    17     8    20    16     0     0    -6.0   46.307 -118.953    679.8    933.6
     1     1    17     8    20    15     0     0    -7.0   46.281 -118.797    681.3    933.8
     1     1    17     8    20    14     0     0    -8.0   46.211 -118.743    670.9    934.3
     1     1    17     8    20    13     0     0    -9.0   46.129 -118.783    655.7    936.8
     1     1    17     8    20    12     0     0   -10.0   46.064 -118.789    652.7    937.2
     1     1    17     8    20    11     0     0   -11.0   46.012 -118.787    651.3    937.2
     1     1    17     8    20    10     0     0   -12.0   45.959 -118.815    651.0    937.4
     1     1    17     8    20     9     0     0   -13.0   45.914 -118.845    657.6    937.1
     1     1    17     8    20     8     0     0   -14.0   45.862 -118.847    676.2    935.2
     1     1    17     8    20     7     0     0   -15.0   45.788 -118.815    684.2    933.0
     1     1    17     8    20     6     0     0   -16.0   45.712 -118.781    683.9    933.1
     1     1    17     8    20     5     0     0   -17.0   45.631 -118.776    661.6    935.7
     1     1    17     8    20     4     0     0   -18.0   45.543 -118.785    636.0    938.7
     1     1    17     8    20     3     0     0   -19.0   45.450 -118.771    620.5    940.9
