     1     1
    SITE    10     3     1     0     0
     1 BACKWARD OMEGA   
    17     8    28     6   46.392 -119.412   700.0
     1 PRESSURE
     1     1    17     8    28     6     0     0     0.0   46.392 -119.412    700.0    931.4
     1     1    17     8    28     5     0     0    -1.0   46.349 -119.388    687.6    932.8
     1     1    17     8    28     4     0     0    -2.0   46.308 -119.322    677.9    934.2
     1     1    17     8    28     3     0     0    -3.0   46.262 -119.360    680.9    933.4
     1     1    17     8    28     2     0     0    -4.0   46.255 -119.389    686.3    933.8
     1     1    17     8    28     1     0     0    -5.0   46.262 -119.344    694.3    932.4
     1     1    17     8    28     0     0     0    -6.0   46.240 -119.285    690.3    930.9
     1     1    17     8    27    23     0     0    -7.0   46.209 -119.225    681.7    934.9
     1     1    17     8    27    22     0     0    -8.0   46.188 -119.158    683.9    933.2
     1     1    17     8    27    21     0     0    -9.0   46.175 -119.098    688.2    933.8
     1     1    17     8    27    20     0     0   -10.0   46.149 -119.070    692.2    931.2
     1     1    17     8    27    19     0     0   -11.0   46.122 -119.070    687.0    933.5
     1     1    17     8    27    18     0     0   -12.0   46.109 -119.063    687.3    933.0
     1     1    17     8    27    17     0     0   -13.0   46.103 -119.041    688.8    932.9
     1     1    17     8    27    16     0     0   -14.0   46.089 -119.004    693.2    932.4
     1     1    17     8    27    15     0     0   -15.0   46.062 -118.939    698.3    931.1
     1     1    17     8    27    14     0     0   -16.0   46.021 -118.862    700.0    931.6
     1     1    17     8    27    13     0     0   -17.0   45.980 -118.784    690.7    931.0
     1     1    17     8    27    12     0     0   -18.0   45.982 -118.718    672.0    934.9
     1     1    17     8    27    11     0     0   -19.0   45.976 -118.671    666.8    937.3
     1     1    17     8    27    10     0     0   -20.0   45.942 -118.621    669.9    934.9
     1     1    17     8    27     9     0     0   -21.0   45.931 -118.565    673.5    935.1
     1     1    17     8    27     8     0     0   -22.0   45.928 -118.502    674.9    933.7
     1     1    17     8    27     7     0     0   -23.0   45.941 -118.439    679.4    934.8
     1     1    17     8    27     6     0     0   -24.0   45.957 -118.427    692.6    932.1
     1     1    17     8    27     5     0     0   -25.0   45.949 -118.434    699.6    931.1
     1     1    17     8    27     4     0     0   -26.0   45.961 -118.394    702.3    931.2
     1     1    17     8    27     3     0     0   -27.0   45.986 -118.323    712.9    930.8
     1     1    17     8    27     2     0     0   -28.0   45.998 -118.248    718.2    927.6
     1     1    17     8    27     1     0     0   -29.0   46.008 -118.185    719.0    930.3
     1     1    17     8    27     0     0     0   -30.0   46.000 -118.137    728.8    927.9
     1     1    17     8    26    23     0     0   -31.0   46.011 -118.089    735.1    926.8
     1     1    17     8    26    22     0     0   -32.0   46.046 -118.033    737.4    926.8
     1     1    17     8    26    21     0     0   -33.0   46.056 -118.023    736.7    927.1
     1     1    17     8    26    20     0     0   -34.0   46.041 -118.053    728.1    928.3
     1     1    17     8    26    19     0     0   -35.0   46.032 -118.026    733.9    929.0
     1     1    17     8    26    18     0     0   -36.0   46.061 -117.966    753.0    925.1
     1     1    17     8    26    17     0     0   -37.0   46.126 -117.913    752.5    922.9
