     1     1
    SITE    10     3     1     0     0
     1 BACKWARD OMEGA   
    17     8     1     3   46.392 -119.412   700.0
     1 PRESSURE
     1     1    17     8     1     3     0     0     0.0   46.392 -119.412    700.0    931.4
     1     1    17     8     1     2     0     0    -1.0   46.378 -119.384    698.8    931.6
     1     1    17     8     1     1     0     0    -2.0   46.350 -119.346    690.0    931.9
     1     1    17     8     1     0     0     0    -3.0   46.341 -119.294    672.1    934.4
     1     1    17     7    31    23     0     0    -4.0   46.353 -119.284    671.6    935.7
     1     1    17     7    31    22     0     0    -5.0   46.326 -119.299    686.4    933.1
     1     1    17     7    31    21     0     0    -6.0   46.314 -119.297    691.6    931.9
     1     1    17     7    31    20     0     0    -7.0   46.318 -119.321    691.4    932.4
     1     1    17     7    31    19     0     0    -8.0   46.258 -119.347    678.0    932.8
     1     1    17     7    31    18     0     0    -9.0   46.171 -119.306    679.7    933.9
     1     1    17     7    31    17     0     0   -10.0   46.143 -119.212    696.2    932.3
     1     1    17     7    31    16     0     0   -11.0   46.169 -119.115    709.4    928.8
     1     1    17     7    31    15     0     0   -12.0   46.175 -118.996    716.7    929.8
     1     1    17     7    31    14     0     0   -13.0   46.144 -118.888    713.7    929.8
     1     1    17     7    31    13     0     0   -14.0   46.133 -118.798    716.0    929.7
     1     1    17     7    31    12     0     0   -15.0   46.124 -118.695    720.1    928.9
     1     1    17     7    31    11     0     0   -16.0   46.122 -118.593    713.5    929.4
     1     1    17     7    31    10     0     0   -17.0   46.140 -118.488    718.7    930.6
     1     1    17     7    31     9     0     0   -18.0   46.124 -118.399    732.4    926.7
     1     1    17     7    31     8     0     0   -19.0   46.118 -118.390    720.6    929.3
     1     1    17     7    31     7     0     0   -20.0   46.118 -118.395    711.5    929.7
     1     1    17     7    31     6     0     0   -21.0   46.109 -118.358    711.3    930.4
     1     1    17     7    31     5     0     0   -22.0   46.107 -118.312    709.7    929.6
     1     1    17     7    31     4     0     0   -23.0   46.082 -118.282    704.3    931.2
     1     1    17     7    31     3     0     0   -24.0   46.037 -118.272    693.6    932.1
     1     1    17     7    31     2     0     0   -25.0   46.006 -118.290    687.6    933.1
     1     1    17     7    31     1     0     0   -26.0   46.026 -118.330    689.7    933.8
     1     1    17     7    31     0     0     0   -27.0   46.048 -118.276    683.0    933.0
     1     1    17     7    30    23     0     0   -28.0   46.038 -118.285    685.7    933.0
     1     1    17     7    30    22     0     0   -29.0   46.092 -118.430    689.6    932.3
     1     1    17     7    30    21     0     0   -30.0   46.196 -118.578    714.4    931.7
     1     1    17     7    30    20     0     0   -31.0   46.239 -118.757    729.7    927.5
     1     1    17     7    30    19     0     0   -32.0   46.191 -118.806    738.7    926.9
     1     1    17     7    30    18     0     0   -33.0   46.091 -118.663    727.4    927.9
     1     1    17     7    30    17     0     0   -34.0   45.972 -118.427    695.7    931.0
     1     1    17     7    30    16     0     0   -35.0   45.837 -118.259    667.3    935.9
     1     1    17     7    30    15     0     0   -36.0   45.713 -118.170    672.8    934.4
     1     1    17     7    30    14     0     0   -37.0   45.606 -118.015    682.1    934.4
