     1     1
    SITE    10     3     1     0     0
     1 BACKWARD OMEGA   
    17     8    10    21   46.392 -119.412   700.0
     1 PRESSURE
     1     1    17     8    10    21     0     0     0.0   46.392 -119.412    700.0    931.4
     1     1    17     8    10    20     0     0    -1.0   46.399 -119.418    690.4    932.5
     1     1    17     8    10    19     0     0    -2.0   46.391 -119.479    680.1    933.9
     1     1    17     8    10    18     0     0    -3.0   46.380 -119.450    673.7    935.4
     1     1    17     8    10    17     0     0    -4.0   46.412 -119.316    672.2    935.0
     1     1    17     8    10    16     0     0    -5.0   46.456 -119.182    678.5    933.1
     1     1    17     8    10    15     0     0    -6.0   46.495 -119.052    663.2    936.8
     1     1    17     8    10    14     0     0    -7.0   46.531 -118.930    675.6    934.4
     1     1    17     8    10    13     0     0    -8.0   46.564 -118.817    691.3    932.0
     1     1    17     8    10    12     0     0    -9.0   46.582 -118.718    690.1    931.7
     1     1    17     8    10    11     0     0   -10.0   46.609 -118.640    676.3    934.2
     1     1    17     8    10    10     0     0   -11.0   46.623 -118.581    662.3    935.6
     1     1    17     8    10     9     0     0   -12.0   46.586 -118.503    664.1    936.5
     1     1    17     8    10     8     0     0   -13.0   46.519 -118.431    666.4    935.0
     1     1    17     8    10     7     0     0   -14.0   46.459 -118.385    660.1    936.1
     1     1    17     8    10     6     0     0   -15.0   46.446 -118.336    655.2    937.1
     1     1    17     8    10     5     0     0   -16.0   46.464 -118.290    654.0    937.1
     1     1    17     8    10     4     0     0   -17.0   46.466 -118.285    647.2    937.0
     1     1    17     8    10     3     0     0   -18.0   46.442 -118.278    630.7    939.0
     1     1    17     8    10     2     0     0   -19.0   46.430 -118.235    616.7    941.6
     1     1    17     8    10     1     0     0   -20.0   46.457 -118.192    613.2    942.4
     1     1    17     8    10     0     0     0   -21.0   46.468 -118.203    610.8    941.1
     1     1    17     8     9    23     0     0   -22.0   46.441 -118.196    610.4    942.0
     1     1    17     8     9    22     0     0   -23.0   46.405 -118.153    624.8    940.7
     1     1    17     8     9    21     0     0   -24.0   46.365 -118.141    633.0    938.5
     1     1    17     8     9    20     0     0   -25.0   46.334 -118.187    633.5    939.4
     1     1    17     8     9    19     0     0   -26.0   46.336 -118.159    628.9    938.8
     1     1    17     8     9    18     0     0   -27.0   46.376 -118.038    636.0    939.6
     1     1    17     8     9    17     0     0   -28.0   46.425 -117.920    641.8    937.6
