     1     1
    SITE    10     3     1     0     0
     1 BACKWARD OMEGA   
    17     8    25    11   46.392 -119.412   700.0
     1 PRESSURE
     1     1    17     8    25    11     0     0     0.0   46.392 -119.412    700.0    931.4
     1     1    17     8    25    10     0     0    -1.0   46.345 -119.448    699.8    931.4
     1     1    17     8    25     9     0     0    -2.0   46.311 -119.465    700.3    930.8
     1     1    17     8    25     8     0     0    -3.0   46.270 -119.456    698.5    931.6
     1     1    17     8    25     7     0     0    -4.0   46.235 -119.434    687.3    931.7
     1     1    17     8    25     6     0     0    -5.0   46.201 -119.392    677.5    935.1
     1     1    17     8    25     5     0     0    -6.0   46.152 -119.380    680.0    934.6
     1     1    17     8    25     4     0     0    -7.0   46.105 -119.391    692.3    932.8
     1     1    17     8    25     3     0     0    -8.0   46.065 -119.412    696.6    930.7
     1     1    17     8    25     2     0     0    -9.0   46.023 -119.447    694.6    932.4
     1     1    17     8    25     1     0     0   -10.0   46.002 -119.496    687.8    931.7
     1     1    17     8    25     0     0     0   -11.0   45.973 -119.535    685.1    934.2
     1     1    17     8    24    23     0     0   -12.0   45.939 -119.579    699.2    931.1
     1     1    17     8    24    22     0     0   -13.0   45.972 -119.711    677.1    929.7
     1     1    17     8    24    21     0     0   -14.0   46.082 -119.920    688.0    933.0
     1     1    17     8    24    20     0     0   -15.0   46.232 -120.154    664.6    937.1
     1     1    17     8    24    19     0     0   -16.0   46.407 -120.401    683.2    931.1
     1     1    17     8    24    18     0     0   -17.0   46.624 -120.674    695.0    931.9
