     1     1
    SITE    10     3     1     0     0
     1 BACKWARD OMEGA   
    17     8     5    13   46.392 -119.412   700.0
     1 PRESSURE
     1     1    17     8     5    13     0     0     0.0   46.392 -119.412    700.0    931.4
     1     1    17     8     5    12     0     0    -1.0   46.450 -119.324    691.5    932.4
     1     1    17     8     5    11     0     0    -2.0   46.537 -119.243    694.4    931.6
     1     1    17     8     5    10     0     0    -3.0   46.628 -119.207    677.3    934.0
     1     1    17     8     5     9     0     0    -4.0   46.640 -119.218    661.9    936.5
     1     1    17     8     5     8     0     0    -5.0   46.591 -119.199    663.2    934.2
     1     1    17     8     5     7     0     0    -6.0   46.548 -119.177    659.6    937.5
     1     1    17     8     5     6     0     0    -7.0   46.507 -119.162    662.9    935.1
     1     1    17     8     5     5     0     0    -8.0   46.509 -119.116    653.8    936.4
     1     1    17     8     5     4     0     0    -9.0   46.544 -119.041    638.0    939.4
     1     1    17     8     5     3     0     0   -10.0   46.543 -118.987    630.1    940.2
     1     1    17     8     5     2     0     0   -11.0   46.505 -118.959    632.4    940.9
     1     1    17     8     5     1     0     0   -12.0   46.473 -118.924    642.4    937.6
     1     1    17     8     5     0     0     0   -13.0   46.486 -118.876    642.4    937.9
     1     1    17     8     4    23     0     0   -14.0   46.543 -118.831    639.5    940.3
     1     1    17     8     4    22     0     0   -15.0   46.573 -118.770    644.6    937.4
     1     1    17     8     4    21     0     0   -16.0   46.567 -118.770    643.8    938.0
     1     1    17     8     4    20     0     0   -17.0   46.586 -118.834    633.8    938.4
     1     1    17     8     4    19     0     0   -18.0   46.594 -118.825    626.1    941.2
     1     1    17     8     4    18     0     0   -19.0   46.618 -118.740    629.9    938.2
     1     1    17     8     4    17     0     0   -20.0   46.687 -118.624    603.0    942.4
     1     1    17     8     4    16     0     0   -21.0   46.751 -118.496    573.4    945.9
     1     1    17     8     4    15     0     0   -22.0   46.785 -118.386    565.4    946.9
     1     1    17     8     4    14     0     0   -23.0   46.807 -118.380    566.0    946.3
     1     1    17     8     4    13     0     0   -24.0   46.801 -118.450    553.6    946.9
     1     1    17     8     4    12     0     0   -25.0   46.759 -118.526    550.7    948.9
     1     1    17     8     4    11     0     0   -26.0   46.784 -118.582    552.1    947.2
     1     1    17     8     4    10     0     0   -27.0   46.898 -118.614    560.7    947.7
     1     1    17     8     4     9     0     0   -28.0   47.007 -118.649    550.2    948.6
     1     1    17     8     4     8     0     0   -29.0   47.038 -118.693    537.1    949.7
     1     1    17     8     4     7     0     0   -30.0   47.028 -118.730    531.4    951.1
     1     1    17     8     4     6     0     0   -31.0   47.008 -118.738    530.6    950.0
     1     1    17     8     4     5     0     0   -32.0   46.995 -118.764    527.0    950.9
     1     1    17     8     4     4     0     0   -33.0   46.960 -118.793    526.5    950.8
     1     1    17     8     4     3     0     0   -34.0   46.897 -118.768    518.3    951.4
     1     1    17     8     4     2     0     0   -35.0   46.842 -118.748    502.3    953.9
     1     1    17     8     4     1     0     0   -36.0   46.784 -118.752    506.7    955.2
     1     1    17     8     4     0     0     0   -37.0   46.730 -118.744    519.8    949.9
     1     1    17     8     3    23     0     0   -38.0   46.672 -118.752    510.3    951.8
     1     1    17     8     3    22     0     0   -39.0   46.602 -118.763    496.6    954.0
     1     1    17     8     3    21     0     0   -40.0   46.526 -118.728    487.7    955.6
     1     1    17     8     3    20     0     0   -41.0   46.435 -118.707    481.2    955.7
     1     1    17     8     3    19     0     0   -42.0   46.332 -118.726    480.0    956.2
     1     1    17     8     3    18     0     0   -43.0   46.236 -118.699    470.0    957.8
     1     1    17     8     3    17     0     0   -44.0   46.194 -118.593    466.6    957.6
     1     1    17     8     3    16     0     0   -45.0   46.229 -118.464    477.6    957.7
     1     1    17     8     3    15     0     0   -46.0   46.274 -118.359    486.9    954.7
     1     1    17     8     3    14     0     0   -47.0   46.250 -118.302    481.1    956.4
     1     1    17     8     3    13     0     0   -48.0   46.242 -118.260    480.1    956.0
     1     1    17     8     3    12     0     0   -49.0   46.307 -118.185    464.8    957.6
     1     1    17     8     3    11     0     0   -50.0   46.339 -118.224    452.9    961.0
     1     1    17     8     3    10     0     0   -51.0   46.304 -118.307    457.3    959.2
     1     1    17     8     3     9     0     0   -52.0   46.244 -118.308    467.0    957.5
     1     1    17     8     3     8     0     0   -53.0   46.209 -118.278    468.9    957.2
     1     1    17     8     3     7     0     0   -54.0   46.183 -118.248    465.3    957.6
     1     1    17     8     3     6     0     0   -55.0   46.179 -118.251    463.8    958.4
     1     1    17     8     3     5     0     0   -56.0   46.174 -118.261    463.4    958.1
     1     1    17     8     3     4     0     0   -57.0   46.187 -118.224    465.5    958.3
     1     1    17     8     3     3     0     0   -58.0   46.244 -118.173    465.6    956.4
     1     1    17     8     3     2     0     0   -59.0   46.310 -118.143    448.1    959.5
     1     1    17     8     3     1     0     0   -60.0   46.337 -118.081    439.1    962.5
     1     1    17     8     3     0     0     0   -61.0   46.317 -118.049    434.9    961.4
     1     1    17     8     2    23     0     0   -62.0   46.294 -118.021    437.1    961.4
     1     1    17     8     2    22     0     0   -63.0   46.264 -117.980    437.7    960.9
     1     1    17     8     2    21     0     0   -64.0   46.262 -117.995    433.5    961.6
     1     1    17     8     2    20     0     0   -65.0   46.276 -117.970    428.3    962.2
     1     1    17     8     2    19     0     0   -66.0   46.304 -117.942    422.3    962.4
     1     1    17     8     2    18     0     0   -67.0   46.398 -117.946    433.6    961.5
