     1     1
    SITE    10     3     1     0     0
     1 BACKWARD OMEGA   
    17     8    16     8   46.392 -119.412   700.0
     1 PRESSURE
     1     1    17     8    16     8     0     0     0.0   46.392 -119.412    700.0    931.4
     1     1    17     8    16     7     0     0    -1.0   46.331 -119.386    694.7    932.1
     1     1    17     8    16     6     0     0    -2.0   46.305 -119.350    699.5    931.3
     1     1    17     8    16     5     0     0    -3.0   46.271 -119.325    696.7    931.8
     1     1    17     8    16     4     0     0    -4.0   46.198 -119.301    695.5    932.0
     1     1    17     8    16     3     0     0    -5.0   46.116 -119.278    702.2    931.3
     1     1    17     8    16     2     0     0    -6.0   46.032 -119.275    700.2    930.9
     1     1    17     8    16     1     0     0    -7.0   45.976 -119.266    686.9    932.9
     1     1    17     8    16     0     0     0    -8.0   45.941 -119.256    679.3    934.2
     1     1    17     8    15    23     0     0    -9.0   45.919 -119.224    680.2    933.6
     1     1    17     8    15    22     0     0   -10.0   45.927 -119.233    671.4    934.4
     1     1    17     8    15    21     0     0   -11.0   45.889 -119.265    668.8    935.4
     1     1    17     8    15    20     0     0   -12.0   45.786 -119.264    654.8    936.7
     1     1    17     8    15    19     0     0   -13.0   45.681 -119.244    633.6    939.2
     1     1    17     8    15    18     0     0   -14.0   45.586 -119.173    629.7    940.2
     1     1    17     8    15    17     0     0   -15.0   45.487 -119.059    627.9    940.5
     1     1    17     8    15    16     0     0   -16.0   45.392 -118.928    630.4    940.0
