     1     1
    SITE    10     3     1     0     0
     1 BACKWARD OMEGA   
    17     8    23     1   46.392 -119.412   700.0
     1 PRESSURE
     1     1    17     8    23     1     0     0     0.0   46.392 -119.412    700.0    931.4
     1     1    17     8    23     0     0     0    -1.0   46.309 -119.493    692.2    932.3
     1     1    17     8    22    23     0     0    -2.0   46.227 -119.571    658.5    936.1
     1     1    17     8    22    22     0     0    -3.0   46.138 -119.610    655.6    938.2
     1     1    17     8    22    21     0     0    -4.0   46.039 -119.621    670.2    934.8
     1     1    17     8    22    20     0     0    -5.0   45.932 -119.600    671.6    935.5
     1     1    17     8    22    19     0     0    -6.0   45.830 -119.580    686.8    931.8
     1     1    17     8    22    18     0     0    -7.0   45.736 -119.559    671.4    935.3
     1     1    17     8    22    17     0     0    -8.0   45.656 -119.511    687.2    933.3
     1     1    17     8    22    16     0     0    -9.0   45.593 -119.451    702.5    930.8
     1     1    17     8    22    15     0     0   -10.0   45.557 -119.377    712.1    930.7
     1     1    17     8    22    14     0     0   -11.0   45.547 -119.290    717.4    929.1
     1     1    17     8    22    13     0     0   -12.0   45.520 -119.238    722.0    929.1
     1     1    17     8    22    12     0     0   -13.0   45.477 -119.198    731.4    927.8
     1     1    17     8    22    11     0     0   -14.0   45.439 -119.138    736.0    926.6
     1     1    17     8    22    10     0     0   -15.0   45.394 -119.070    725.4    927.6
