     1     1
    SITE    10     3     1     0     0
     1 BACKWARD OMEGA   
    17     8    10    22   46.392 -119.412   700.0
     1 PRESSURE
     1     1    17     8    10    22     0     0     0.0   46.392 -119.412    700.0    931.4
     1     1    17     8    10    21     0     0    -1.0   46.381 -119.433    695.0    932.0
     1     1    17     8    10    20     0     0    -2.0   46.388 -119.440    686.3    932.9
     1     1    17     8    10    19     0     0    -3.0   46.380 -119.501    676.6    934.1
     1     1    17     8    10    18     0     0    -4.0   46.369 -119.471    668.8    936.1
     1     1    17     8    10    17     0     0    -5.0   46.401 -119.337    671.0    935.0
     1     1    17     8    10    16     0     0    -6.0   46.445 -119.203    675.3    933.9
     1     1    17     8    10    15     0     0    -7.0   46.484 -119.072    662.0    936.6
     1     1    17     8    10    14     0     0    -8.0   46.520 -118.950    670.7    934.8
     1     1    17     8    10    13     0     0    -9.0   46.553 -118.839    683.4    933.1
     1     1    17     8    10    12     0     0   -10.0   46.570 -118.740    681.6    932.9
     1     1    17     8    10    11     0     0   -11.0   46.597 -118.663    665.6    935.5
     1     1    17     8    10    10     0     0   -12.0   46.611 -118.603    651.5    937.5
     1     1    17     8    10     9     0     0   -13.0   46.574 -118.525    653.4    937.4
     1     1    17     8    10     8     0     0   -14.0   46.507 -118.453    654.5    936.6
     1     1    17     8    10     7     0     0   -15.0   46.447 -118.408    650.8    937.2
     1     1    17     8    10     6     0     0   -16.0   46.434 -118.359    648.7    938.0
     1     1    17     8    10     5     0     0   -17.0   46.452 -118.314    645.9    937.6
     1     1    17     8    10     4     0     0   -18.0   46.454 -118.309    637.2    938.6
     1     1    17     8    10     3     0     0   -19.0   46.429 -118.302    619.2    940.0
     1     1    17     8    10     2     0     0   -20.0   46.418 -118.260    605.8    943.3
     1     1    17     8    10     1     0     0   -21.0   46.444 -118.217    603.6    943.1
     1     1    17     8    10     0     0     0   -22.0   46.456 -118.227    603.4    942.0
     1     1    17     8     9    23     0     0   -23.0   46.428 -118.220    603.8    942.4
     1     1    17     8     9    22     0     0   -24.0   46.392 -118.179    613.7    942.1
     1     1    17     8     9    21     0     0   -25.0   46.353 -118.167    624.0    940.0
     1     1    17     8     9    20     0     0   -26.0   46.322 -118.213    629.5    939.7
     1     1    17     8     9    19     0     0   -27.0   46.324 -118.186    621.3    939.4
     1     1    17     8     9    18     0     0   -28.0   46.364 -118.063    630.9    940.2
     1     1    17     8     9    17     0     0   -29.0   46.414 -117.944    636.7    938.3
