     1     1
    SITE    10     3     1     0     0
     1 BACKWARD OMEGA   
    17     8    15    20   46.392 -119.412   700.0
     1 PRESSURE
     1     1    17     8    15    20     0     0     0.0   46.392 -119.412    700.0    931.4
     1     1    17     8    15    19     0     0    -1.0   46.289 -119.392    723.3    928.7
     1     1    17     8    15    18     0     0    -2.0   46.196 -119.317    729.2    928.3
     1     1    17     8    15    17     0     0    -3.0   46.098 -119.200    747.7    925.9
     1     1    17     8    15    16     0     0    -4.0   46.000 -119.072    761.0    924.0
     1     1    17     8    15    15     0     0    -5.0   45.908 -118.990    779.5    923.4
     1     1    17     8    15    14     0     0    -6.0   45.849 -118.896    782.9    921.6
     1     1    17     8    15    13     0     0    -7.0   45.808 -118.871    774.5    923.1
     1     1    17     8    15    12     0     0    -8.0   45.747 -118.911    766.9    922.9
     1     1    17     8    15    11     0     0    -9.0   45.704 -118.862    752.3    925.2
     1     1    17     8    15    10     0     0   -10.0   45.690 -118.771    747.3    928.1
     1     1    17     8    15     9     0     0   -11.0   45.664 -118.710    756.8    924.3
     1     1    17     8    15     8     0     0   -12.0   45.626 -118.700    756.6    923.8
     1     1    17     8    15     7     0     0   -13.0   45.597 -118.694    752.0    926.3
     1     1    17     8    15     6     0     0   -14.0   45.574 -118.690    751.7    925.1
     1     1    17     8    15     5     0     0   -15.0   45.553 -118.692    750.1    926.0
     1     1    17     8    15     4     0     0   -16.0   45.553 -118.664    753.1    925.4
     1     1    17     8    15     3     0     0   -17.0   45.557 -118.617    753.4    924.4
     1     1    17     8    15     2     0     0   -18.0   45.545 -118.523    733.7    926.3
     1     1    17     8    15     1     0     0   -19.0   45.559 -118.439    730.0    927.7
     1     1    17     8    15     0     0     0   -20.0   45.609 -118.444    720.5    928.3
     1     1    17     8    14    23     0     0   -21.0   45.636 -118.510    703.0    931.9
     1     1    17     8    14    22     0     0   -22.0   45.624 -118.551    695.1    932.0
     1     1    17     8    14    21     0     0   -23.0   45.573 -118.537    684.2    932.8
     1     1    17     8    14    20     0     0   -24.0   45.503 -118.519    683.6    933.7
     1     1    17     8    14    19     0     0   -25.0   45.426 -118.462    659.2    934.6
