     1     1
    SITE    10     3     1     0     0
     1 BACKWARD OMEGA   
    17     8    10    19   46.392 -119.412   700.0
     1 PRESSURE
     1     1    17     8    10    19     0     0     0.0   46.392 -119.412    700.0    931.4
     1     1    17     8    10    18     0     0    -1.0   46.382 -119.383    690.9    932.5
     1     1    17     8    10    17     0     0    -2.0   46.415 -119.251    699.9    931.8
     1     1    17     8    10    16     0     0    -3.0   46.458 -119.118    696.6    930.5
     1     1    17     8    10    15     0     0    -4.0   46.497 -118.987    680.9    935.0
     1     1    17     8    10    14     0     0    -5.0   46.533 -118.864    700.6    931.9
     1     1    17     8    10    13     0     0    -6.0   46.567 -118.751    725.1    928.7
     1     1    17     8    10    12     0     0    -7.0   46.584 -118.651    738.9    926.6
     1     1    17     8    10    11     0     0    -8.0   46.611 -118.571    741.6    926.4
     1     1    17     8    10    10     0     0    -9.0   46.625 -118.510    728.0    926.9
     1     1    17     8    10     9     0     0   -10.0   46.588 -118.434    723.2    930.4
     1     1    17     8    10     8     0     0   -11.0   46.521 -118.362    711.3    928.2
     1     1    17     8    10     7     0     0   -12.0   46.462 -118.316    699.0    931.5
     1     1    17     8    10     6     0     0   -13.0   46.449 -118.265    691.5    932.7
     1     1    17     8    10     5     0     0   -14.0   46.468 -118.218    694.4    932.9
     1     1    17     8    10     4     0     0   -15.0   46.469 -118.213    690.5    931.2
     1     1    17     8    10     3     0     0   -16.0   46.445 -118.205    677.4    934.1
     1     1    17     8    10     2     0     0   -17.0   46.433 -118.161    666.0    935.2
     1     1    17     8    10     1     0     0   -18.0   46.460 -118.117    668.0    936.6
     1     1    17     8    10     0     0     0   -19.0   46.470 -118.125    662.6    934.1
     1     1    17     8     9    23     0     0   -20.0   46.442 -118.116    663.4    936.7
     1     1    17     8     9    22     0     0   -21.0   46.407 -118.075    673.3    935.8
     1     1    17     8     9    21     0     0   -22.0   46.367 -118.061    675.7    932.1
     1     1    17     8     9    20     0     0   -23.0   46.334 -118.107    664.7    936.1
     1     1    17     8     9    19     0     0   -24.0   46.335 -118.085    657.8    936.2
     1     1    17     8     9    18     0     0   -25.0   46.374 -117.967    666.7    935.9
