     1     1
    SITE    10     3     1     0     0
     1 BACKWARD OMEGA   
    17     8     1    15   46.392 -119.412   700.0
     1 PRESSURE
     1     1    17     8     1    15     0     0     0.0   46.392 -119.412    700.0    931.4
     1     1    17     8     1    14     0     0    -1.0   46.462 -119.272    721.1    929.0
     1     1    17     8     1    13     0     0    -2.0   46.503 -119.170    738.0    927.0
     1     1    17     8     1    12     0     0    -3.0   46.491 -119.159    752.9    925.3
     1     1    17     8     1    11     0     0    -4.0   46.441 -119.221    750.8    925.1
     1     1    17     8     1    10     0     0    -5.0   46.359 -119.219    743.4    926.8
     1     1    17     8     1     9     0     0    -6.0   46.294 -119.206    741.9    926.5
     1     1    17     8     1     8     0     0    -7.0   46.251 -119.200    742.4    926.7
     1     1    17     8     1     7     0     0    -8.0   46.216 -119.188    744.3    925.9
     1     1    17     8     1     6     0     0    -9.0   46.201 -119.191    747.6    926.1
     1     1    17     8     1     5     0     0   -10.0   46.190 -119.197    751.3    925.4
     1     1    17     8     1     4     0     0   -11.0   46.192 -119.168    756.4    925.3
     1     1    17     8     1     3     0     0   -12.0   46.194 -119.143    756.3    924.6
     1     1    17     8     1     2     0     0   -13.0   46.181 -119.116    750.8    925.1
     1     1    17     8     1     1     0     0   -14.0   46.153 -119.077    745.0    926.4
     1     1    17     8     1     0     0     0   -15.0   46.142 -119.027    739.7    926.9
     1     1    17     7    31    23     0     0   -16.0   46.152 -119.017    732.6    926.7
     1     1    17     7    31    22     0     0   -17.0   46.126 -119.035    723.2    929.7
     1     1    17     7    31    21     0     0   -18.0   46.114 -119.032    721.9    929.4
     1     1    17     7    31    20     0     0   -19.0   46.118 -119.055    709.9    928.8
     1     1    17     7    31    19     0     0   -20.0   46.057 -119.083    701.8    932.6
     1     1    17     7    31    18     0     0   -21.0   45.972 -119.043    693.8    931.5
     1     1    17     7    31    17     0     0   -22.0   45.948 -118.949    690.4    932.1
     1     1    17     7    31    16     0     0   -23.0   45.973 -118.852    698.2    933.9
     1     1    17     7    31    15     0     0   -24.0   45.979 -118.733    716.2    930.2
     1     1    17     7    31    14     0     0   -25.0   45.950 -118.627    726.4    927.1
     1     1    17     7    31    13     0     0   -26.0   45.941 -118.538    709.8    930.5
     1     1    17     7    31    12     0     0   -27.0   45.930 -118.435    702.4    931.4
     1     1    17     7    31    11     0     0   -28.0   45.925 -118.330    702.0    931.2
     1     1    17     7    31    10     0     0   -29.0   45.944 -118.226    705.4    930.8
     1     1    17     7    31     9     0     0   -30.0   45.928 -118.138    707.0    930.5
     1     1    17     7    31     8     0     0   -31.0   45.923 -118.130    708.2    930.4
     1     1    17     7    31     7     0     0   -32.0   45.923 -118.136    708.9    930.5
     1     1    17     7    31     6     0     0   -33.0   45.913 -118.101    710.5    930.6
     1     1    17     7    31     5     0     0   -34.0   45.911 -118.056    713.8    929.2
     1     1    17     7    31     4     0     0   -35.0   45.886 -118.027    715.7    929.9
     1     1    17     7    31     3     0     0   -36.0   45.842 -118.018    704.7    929.6
     1     1    17     7    31     2     0     0   -37.0   45.811 -118.036    690.4    933.1
     1     1    17     7    31     1     0     0   -38.0   45.833 -118.080    674.7    933.4
     1     1    17     7    31     0     0     0   -39.0   45.855 -118.028    673.7    936.3
     1     1    17     7    30    23     0     0   -40.0   45.844 -118.034    680.6    933.3
     1     1    17     7    30    22     0     0   -41.0   45.893 -118.180    669.4    933.6
     1     1    17     7    30    21     0     0   -42.0   45.995 -118.332    680.0    933.7
     1     1    17     7    30    20     0     0   -43.0   46.037 -118.509    698.0    933.2
     1     1    17     7    30    19     0     0   -44.0   45.990 -118.556    704.9    930.9
     1     1    17     7    30    18     0     0   -45.0   45.888 -118.410    688.9    932.8
     1     1    17     7    30    17     0     0   -46.0   45.766 -118.179    682.3    933.3
     1     1    17     7    30    16     0     0   -47.0   45.631 -118.012    709.3    930.3
     1     1    17     7    30    15     0     0   -48.0   45.506 -117.931    741.6    926.7
