     1     1
    SITE    10     3     1     0     0
     1 BACKWARD OMEGA   
    17     8     5     7   46.392 -119.412   700.0
     1 PRESSURE
     1     1    17     8     5     7     0     0     0.0   46.392 -119.412    700.0    931.4
     1     1    17     8     5     6     0     0    -1.0   46.350 -119.395    689.8    932.6
     1     1    17     8     5     5     0     0    -2.0   46.353 -119.350    663.7    934.4
     1     1    17     8     5     4     0     0    -3.0   46.388 -119.276    648.7    939.0
     1     1    17     8     5     3     0     0    -4.0   46.388 -119.222    650.0    937.8
     1     1    17     8     5     2     0     0    -5.0   46.349 -119.195    648.9    937.1
     1     1    17     8     5     1     0     0    -6.0   46.316 -119.162    646.2    938.0
     1     1    17     8     5     0     0     0    -7.0   46.329 -119.113    636.0    937.7
     1     1    17     8     4    23     0     0    -8.0   46.386 -119.066    617.0    943.5
     1     1    17     8     4    22     0     0    -9.0   46.414 -119.008    614.4    940.8
     1     1    17     8     4    21     0     0   -10.0   46.408 -119.011    602.8    942.6
     1     1    17     8     4    20     0     0   -11.0   46.427 -119.079    600.4    943.3
     1     1    17     8     4    19     0     0   -12.0   46.434 -119.072    593.8    942.9
     1     1    17     8     4    18     0     0   -13.0   46.460 -118.989    595.4    944.3
     1     1    17     8     4    17     0     0   -14.0   46.529 -118.879    613.4    941.6
     1     1    17     8     4    16     0     0   -15.0   46.594 -118.755    609.8    941.6
     1     1    17     8     4    15     0     0   -16.0   46.627 -118.645    605.0    942.4
     1     1    17     8     4    14     0     0   -17.0   46.647 -118.636    610.8    941.9
     1     1    17     8     4    13     0     0   -18.0   46.642 -118.710    615.3    940.3
     1     1    17     8     4    12     0     0   -19.0   46.599 -118.792    617.1    941.2
     1     1    17     8     4    11     0     0   -20.0   46.623 -118.853    621.0    941.0
     1     1    17     8     4    10     0     0   -21.0   46.739 -118.880    642.8    939.1
     1     1    17     8     4     9     0     0   -22.0   46.850 -118.913    652.1    936.9
     1     1    17     8     4     8     0     0   -23.0   46.881 -118.958    650.3    937.6
     1     1    17     8     4     7     0     0   -24.0   46.869 -118.996    655.5    936.2
     1     1    17     8     4     6     0     0   -25.0   46.850 -119.003    657.9    936.4
     1     1    17     8     4     5     0     0   -26.0   46.836 -119.029    656.8    936.2
     1     1    17     8     4     4     0     0   -27.0   46.800 -119.061    647.2    936.9
     1     1    17     8     4     3     0     0   -28.0   46.736 -119.035    652.7    937.3
     1     1    17     8     4     2     0     0   -29.0   46.680 -119.015    657.5    935.0
     1     1    17     8     4     1     0     0   -30.0   46.623 -119.018    648.7    937.0
     1     1    17     8     4     0     0     0   -31.0   46.569 -119.009    644.3    939.2
     1     1    17     8     3    23     0     0   -32.0   46.511 -119.015    651.6    937.5
     1     1    17     8     3    22     0     0   -33.0   46.440 -119.024    654.5    936.7
     1     1    17     8     3    21     0     0   -34.0   46.364 -118.989    660.1    937.0
     1     1    17     8     3    20     0     0   -35.0   46.270 -118.973    685.5    932.7
     1     1    17     8     3    19     0     0   -36.0   46.165 -118.994    695.5    932.4
     1     1    17     8     3    18     0     0   -37.0   46.069 -118.970    676.9    933.2
     1     1    17     8     3    17     0     0   -38.0   46.030 -118.866    662.4    936.1
     1     1    17     8     3    16     0     0   -39.0   46.068 -118.739    671.0    934.9
     1     1    17     8     3    15     0     0   -40.0   46.115 -118.633    673.5    934.2
     1     1    17     8     3    14     0     0   -41.0   46.090 -118.575    666.3    935.4
     1     1    17     8     3    13     0     0   -42.0   46.082 -118.537    659.3    936.4
     1     1    17     8     3    12     0     0   -43.0   46.146 -118.461    653.9    936.4
     1     1    17     8     3    11     0     0   -44.0   46.182 -118.499    661.1    937.9
     1     1    17     8     3    10     0     0   -45.0   46.150 -118.585    652.4    937.6
     1     1    17     8     3     9     0     0   -46.0   46.089 -118.585    658.0    936.5
     1     1    17     8     3     8     0     0   -47.0   46.052 -118.556    664.4    935.0
     1     1    17     8     3     7     0     0   -48.0   46.026 -118.526    661.0    935.7
     1     1    17     8     3     6     0     0   -49.0   46.021 -118.530    658.3    936.8
     1     1    17     8     3     5     0     0   -50.0   46.017 -118.541    658.6    936.2
     1     1    17     8     3     4     0     0   -51.0   46.029 -118.504    646.3    936.3
     1     1    17     8     3     3     0     0   -52.0   46.086 -118.452    636.2    938.5
     1     1    17     8     3     2     0     0   -53.0   46.153 -118.420    618.5    940.3
     1     1    17     8     3     1     0     0   -54.0   46.183 -118.359    610.9    942.0
     1     1    17     8     3     0     0     0   -55.0   46.162 -118.324    614.2    941.7
     1     1    17     8     2    23     0     0   -56.0   46.139 -118.296    617.1    940.5
     1     1    17     8     2    22     0     0   -57.0   46.107 -118.256    614.3    941.5
     1     1    17     8     2    21     0     0   -58.0   46.105 -118.271    619.2    941.0
     1     1    17     8     2    20     0     0   -59.0   46.120 -118.246    638.4    938.2
     1     1    17     8     2    19     0     0   -60.0   46.147 -118.219    646.5    939.5
     1     1    17     8     2    18     0     0   -61.0   46.241 -118.222    644.8    936.6
     1     1    17     8     2    17     0     0   -62.0   46.379 -118.177    626.1    939.8
     1     1    17     8     2    16     0     0   -63.0   46.525 -118.087    624.8    940.0
     1     1    17     8     2    15     0     0   -64.0   46.658 -117.975    616.4    941.5
