     1     1
    SITE    10     3     1     0     0
     1 BACKWARD OMEGA   
    17     8    14    19   46.392 -119.412   700.0
     1 PRESSURE
     1     1    17     8    14    19     0     0     0.0   46.392 -119.412    700.0    931.4
     1     1    17     8    14    18     0     0    -1.0   46.303 -119.289    697.8    931.7
     1     1    17     8    14    17     0     0    -2.0   46.210 -119.145    718.2    929.4
     1     1    17     8    14    16     0     0    -3.0   46.117 -119.004    740.8    926.9
     1     1    17     8    14    15     0     0    -4.0   46.047 -118.851    728.5    927.7
     1     1    17     8    14    14     0     0    -5.0   45.979 -118.801    724.1    928.9
     1     1    17     8    14    13     0     0    -6.0   45.891 -118.765    758.8    924.6
     1     1    17     8    14    12     0     0    -7.0   45.786 -118.648    736.0    926.5
     1     1    17     8    14    11     0     0    -8.0   45.666 -118.607    712.5    929.5
     1     1    17     8    14    10     0     0    -9.0   45.551 -118.602    703.3    931.9
     1     1    17     8    14     9     0     0   -10.0   45.455 -118.591    717.2    929.5
