     1     1
    SITE    10     3     1     0     0
     1 BACKWARD OMEGA   
    17     8    18     4   46.392 -119.412   700.0
     1 PRESSURE
     1     1    17     8    18     4     0     0     0.0   46.392 -119.412    700.0    931.4
     1     1    17     8    18     3     0     0    -1.0   46.339 -119.398    696.3    931.9
     1     1    17     8    18     2     0     0    -2.0   46.287 -119.388    689.1    932.0
     1     1    17     8    18     1     0     0    -3.0   46.248 -119.389    677.4    934.2
     1     1    17     8    18     0     0     0    -4.0   46.227 -119.424    673.4    935.1
     1     1    17     8    17    23     0     0    -5.0   46.199 -119.484    678.8    934.6
     1     1    17     8    17    22     0     0    -6.0   46.192 -119.573    683.6    932.1
     1     1    17     8    17    21     0     0    -7.0   46.153 -119.640    686.6    932.3
     1     1    17     8    17    20     0     0    -8.0   46.047 -119.661    687.6    932.9
     1     1    17     8    17    19     0     0    -9.0   45.935 -119.625    655.6    936.7
     1     1    17     8    17    18     0     0   -10.0   45.837 -119.530    652.4    936.9
     1     1    17     8    17    17     0     0   -11.0   45.765 -119.384    649.2    938.2
     1     1    17     8    17    16     0     0   -12.0   45.772 -119.213    652.0    937.1
     1     1    17     8    17    15     0     0   -13.0   45.805 -119.059    660.2    936.1
     1     1    17     8    17    14     0     0   -14.0   45.796 -119.051    656.9    936.2
     1     1    17     8    17    13     0     0   -15.0   45.760 -119.134    669.1    935.6
     1     1    17     8    17    12     0     0   -16.0   45.691 -119.137    689.9    931.9
     1     1    17     8    17    11     0     0   -17.0   45.604 -119.087    682.9    933.1
     1     1    17     8    17    10     0     0   -18.0   45.508 -119.016    662.7    935.5
     1     1    17     8    17     9     0     0   -19.0   45.413 -118.941    639.3    939.1
