     1     1
    SITE    10     3     1     0     0
     1 BACKWARD OMEGA   
    17     8    10    23   46.392 -119.412   700.0
     1 PRESSURE
     1     1    17     8    10    23     0     0     0.0   46.392 -119.412    700.0    931.4
     1     1    17     8    10    22     0     0    -1.0   46.354 -119.457    697.0    931.8
     1     1    17     8    10    21     0     0    -2.0   46.342 -119.480    695.9    931.0
     1     1    17     8    10    20     0     0    -3.0   46.349 -119.486    691.1    932.8
     1     1    17     8    10    19     0     0    -4.0   46.340 -119.548    686.0    932.4
     1     1    17     8    10    18     0     0    -5.0   46.329 -119.521    678.8    934.0
     1     1    17     8    10    17     0     0    -6.0   46.360 -119.386    700.8    931.3
     1     1    17     8    10    16     0     0    -7.0   46.404 -119.252    710.1    930.2
     1     1    17     8    10    15     0     0    -8.0   46.443 -119.121    701.5    930.6
     1     1    17     8    10    14     0     0    -9.0   46.480 -118.999    697.2    931.7
     1     1    17     8    10    13     0     0   -10.0   46.512 -118.889    704.1    931.5
     1     1    17     8    10    12     0     0   -11.0   46.528 -118.790    713.1    929.0
     1     1    17     8    10    11     0     0   -12.0   46.555 -118.712    704.9    931.2
     1     1    17     8    10    10     0     0   -13.0   46.568 -118.652    702.8    930.8
     1     1    17     8    10     9     0     0   -14.0   46.532 -118.576    699.2    931.4
     1     1    17     8    10     8     0     0   -15.0   46.465 -118.504    697.8    932.3
     1     1    17     8    10     7     0     0   -16.0   46.406 -118.459    697.8    931.7
     1     1    17     8    10     6     0     0   -17.0   46.393 -118.411    705.9    931.6
     1     1    17     8    10     5     0     0   -18.0   46.411 -118.367    703.0    929.6
     1     1    17     8    10     4     0     0   -19.0   46.413 -118.361    691.7    932.8
     1     1    17     8    10     3     0     0   -20.0   46.389 -118.354    688.4    933.0
     1     1    17     8    10     2     0     0   -21.0   46.377 -118.311    686.6    933.9
     1     1    17     8    10     1     0     0   -22.0   46.404 -118.267    691.0    932.6
     1     1    17     8    10     0     0     0   -23.0   46.415 -118.276    694.7    931.9
     1     1    17     8     9    23     0     0   -24.0   46.388 -118.269    694.4    932.3
     1     1    17     8     9    22     0     0   -25.0   46.352 -118.228    702.0    931.7
     1     1    17     8     9    21     0     0   -26.0   46.312 -118.215    712.3    930.2
     1     1    17     8     9    20     0     0   -27.0   46.281 -118.262    725.4    928.5
     1     1    17     8     9    19     0     0   -28.0   46.281 -118.237    701.0    931.2
     1     1    17     8     9    18     0     0   -29.0   46.323 -118.116    706.0    931.7
     1     1    17     8     9    17     0     0   -30.0   46.375 -118.000    713.8    929.4
