     1     1
    SITE    10     3     1     0     0
     1 BACKWARD OMEGA   
    17     8    21     6   46.392 -119.412   700.0
     1 PRESSURE
     1     1    17     8    21     6     0     0     0.0   46.392 -119.412    700.0    931.4
     1     1    17     8    21     5     0     0    -1.0   46.397 -119.381    697.3    931.7
     1     1    17     8    21     4     0     0    -2.0   46.383 -119.373    698.8    932.0
     1     1    17     8    21     3     0     0    -3.0   46.351 -119.346    690.0    931.0
     1     1    17     8    21     2     0     0    -4.0   46.322 -119.326    684.7    934.9
     1     1    17     8    21     1     0     0    -5.0   46.305 -119.299    699.1    932.2
     1     1    17     8    21     0     0     0    -6.0   46.271 -119.261    701.2    929.9
     1     1    17     8    20    23     0     0    -7.0   46.222 -119.266    701.9    932.5
     1     1    17     8    20    22     0     0    -8.0   46.229 -119.296    710.7    929.7
     1     1    17     8    20    21     0     0    -9.0   46.271 -119.312    716.1    928.5
     1     1    17     8    20    20     0     0   -10.0   46.269 -119.306    710.2    930.4
     1     1    17     8    20    19     0     0   -11.0   46.230 -119.279    707.8    929.7
     1     1    17     8    20    18     0     0   -12.0   46.193 -119.172    684.4    930.7
     1     1    17     8    20    17     0     0   -13.0   46.162 -119.009    683.4    931.5
     1     1    17     8    20    16     0     0   -14.0   46.143 -118.842    679.9    934.7
     1     1    17     8    20    15     0     0   -15.0   46.115 -118.689    703.1    932.0
     1     1    17     8    20    14     0     0   -16.0   46.044 -118.638    709.7    928.9
     1     1    17     8    20    13     0     0   -17.0   45.961 -118.684    697.1    931.6
     1     1    17     8    20    12     0     0   -18.0   45.895 -118.692    704.7    931.5
     1     1    17     8    20    11     0     0   -19.0   45.840 -118.691    716.3    929.4
     1     1    17     8    20    10     0     0   -20.0   45.787 -118.719    714.9    928.8
     1     1    17     8    20     9     0     0   -21.0   45.743 -118.750    712.6    930.8
     1     1    17     8    20     8     0     0   -22.0   45.691 -118.752    714.7    929.2
     1     1    17     8    20     7     0     0   -23.0   45.621 -118.723    720.5    928.3
     1     1    17     8    20     6     0     0   -24.0   45.546 -118.692    703.3    931.3
     1     1    17     8    20     5     0     0   -25.0   45.463 -118.686    707.5    930.6
