     1     1
    SITE    10     3     1     0     0
     1 BACKWARD OMEGA   
    17     8    16     3   46.392 -119.412   700.0
     1 PRESSURE
     1     1    17     8    16     3     0     0     0.0   46.392 -119.412    700.0    931.4
     1     1    17     8    16     2     0     0    -1.0   46.307 -119.409    710.3    930.2
     1     1    17     8    16     1     0     0    -2.0   46.250 -119.401    719.9    929.1
     1     1    17     8    16     0     0     0    -3.0   46.217 -119.390    725.7    928.3
     1     1    17     8    15    23     0     0    -4.0   46.196 -119.361    722.6    928.2
     1     1    17     8    15    22     0     0    -5.0   46.205 -119.370    712.8    930.4
     1     1    17     8    15    21     0     0    -6.0   46.165 -119.404    721.6    931.7
     1     1    17     8    15    20     0     0    -7.0   46.064 -119.406    729.4    928.1
     1     1    17     8    15    19     0     0    -8.0   45.961 -119.386    744.2    927.4
     1     1    17     8    15    18     0     0    -9.0   45.866 -119.310    773.5    922.6
     1     1    17     8    15    17     0     0   -10.0   45.770 -119.194    761.8    925.3
     1     1    17     8    15    16     0     0   -11.0   45.669 -119.069    771.5    923.2
     1     1    17     8    15    15     0     0   -12.0   45.577 -118.989    779.9    922.4
     1     1    17     8    15    14     0     0   -13.0   45.516 -118.896    795.7    920.7
     1     1    17     8    15    13     0     0   -14.0   45.473 -118.871    799.3    919.7
     1     1    17     8    15    12     0     0   -15.0   45.410 -118.910    762.0    922.2
