     1     1
    SITE    10     3     1     0     0
     1 BACKWARD OMEGA   
    17     8    18    20   46.392 -119.412   700.0
     1 PRESSURE
     1     1    17     8    18    20     0     0     0.0   46.392 -119.412    700.0    931.4
     1     1    17     8    18    19     0     0    -1.0   46.577 -119.644    668.4    935.2
     1     1    17     8    18    18     0     0    -2.0   46.768 -119.889    691.9    931.2
     1     1    17     8    18    17     0     0    -3.0   46.955 -120.090    760.5    923.4
     1     1    17     8    18    16     0     0    -4.0   47.043 -120.322    800.1    920.3
     1     1    17     8    18    15     0     0    -5.0   46.988 -120.422    751.2    925.4
     1     1    17     8    18    14     0     0    -6.0   46.883 -120.411    690.6    932.3
     1     1    17     8    18    13     0     0    -7.0   46.789 -120.435    663.6    936.0
     1     1    17     8    18    12     0     0    -8.0   46.677 -120.416    662.8    936.9
     1     1    17     8    18    11     0     0    -9.0   46.544 -120.359    689.5    932.5
     1     1    17     8    18    10     0     0   -10.0   46.418 -120.314    705.3    931.7
     1     1    17     8    18     9     0     0   -11.0   46.305 -120.303    729.3    927.5
     1     1    17     8    18     8     0     0   -12.0   46.200 -120.305    751.9    926.2
     1     1    17     8    18     7     0     0   -13.0   46.108 -120.306    768.2    923.7
     1     1    17     8    18     6     0     0   -14.0   46.058 -120.316    774.6    922.6
     1     1    17     8    18     5     0     0   -15.0   46.033 -120.349    768.8    923.2
     1     1    17     8    18     4     0     0   -16.0   45.988 -120.347    766.9    924.5
     1     1    17     8    18     3     0     0   -17.0   45.936 -120.335    774.2    922.4
     1     1    17     8    18     2     0     0   -18.0   45.885 -120.322    767.8    923.3
     1     1    17     8    18     1     0     0   -19.0   45.844 -120.321    765.3    923.0
     1     1    17     8    18     0     0     0   -20.0   45.823 -120.355    760.0    925.7
     1     1    17     8    17    23     0     0   -21.0   45.797 -120.413    769.0    924.0
     1     1    17     8    17    22     0     0   -22.0   45.790 -120.500    778.3    922.7
     1     1    17     8    17    21     0     0   -23.0   45.752 -120.567    771.3    922.0
     1     1    17     8    17    20     0     0   -24.0   45.644 -120.585    757.3    925.0
     1     1    17     8    17    19     0     0   -25.0   45.531 -120.549    747.2    926.5
     1     1    17     8    17    18     0     0   -26.0   45.434 -120.451    717.6    928.6
