     1     1
    SITE    10     3     1     0     0
     1 BACKWARD OMEGA   
    17     8     1    18   46.392 -119.412   700.0
     1 PRESSURE
     1     1    17     8     1    18     0     0     0.0   46.392 -119.412    700.0    931.4
     1     1    17     8     1    17     0     0    -1.0   46.467 -119.261    724.7    928.5
     1     1    17     8     1    16     0     0    -2.0   46.539 -119.073    739.2    925.2
     1     1    17     8     1    15     0     0    -3.0   46.598 -118.866    743.4    926.8
     1     1    17     8     1    14     0     0    -4.0   46.670 -118.728    749.5    925.2
     1     1    17     8     1    13     0     0    -5.0   46.712 -118.628    746.6    926.4
     1     1    17     8     1    12     0     0    -6.0   46.701 -118.616    751.0    925.2
     1     1    17     8     1    11     0     0    -7.0   46.651 -118.677    743.0    926.8
     1     1    17     8     1    10     0     0    -8.0   46.569 -118.678    745.4    926.7
     1     1    17     8     1     9     0     0    -9.0   46.503 -118.666    754.7    924.9
     1     1    17     8     1     8     0     0   -10.0   46.460 -118.660    750.4    925.3
     1     1    17     8     1     7     0     0   -11.0   46.424 -118.647    737.5    927.3
     1     1    17     8     1     6     0     0   -12.0   46.409 -118.650    732.9    928.3
     1     1    17     8     1     5     0     0   -13.0   46.398 -118.655    730.9    927.8
     1     1    17     8     1     4     0     0   -14.0   46.400 -118.625    728.0    928.1
     1     1    17     8     1     3     0     0   -15.0   46.402 -118.599    719.7    929.1
     1     1    17     8     1     2     0     0   -16.0   46.388 -118.573    721.7    929.6
     1     1    17     8     1     1     0     0   -17.0   46.360 -118.536    715.2    927.9
     1     1    17     8     1     0     0     0   -18.0   46.349 -118.487    712.4    931.9
     1     1    17     7    31    23     0     0   -19.0   46.360 -118.477    716.3    928.7
     1     1    17     7    31    22     0     0   -20.0   46.333 -118.492    718.1    930.1
     1     1    17     7    31    21     0     0   -21.0   46.321 -118.488    720.5    927.5
     1     1    17     7    31    20     0     0   -22.0   46.324 -118.512    717.1    930.4
     1     1    17     7    31    19     0     0   -23.0   46.264 -118.539    728.9    928.4
     1     1    17     7    31    18     0     0   -24.0   46.178 -118.499    714.5    929.3
     1     1    17     7    31    17     0     0   -25.0   46.155 -118.404    707.7    931.2
     1     1    17     7    31    16     0     0   -26.0   46.182 -118.308    709.1    929.8
     1     1    17     7    31    15     0     0   -27.0   46.187 -118.191    710.5    930.9
     1     1    17     7    31    14     0     0   -28.0   46.156 -118.086    734.4    928.4
     1     1    17     7    31    13     0     0   -29.0   46.145 -117.998    751.0    924.6
     1     1    17     7    31    12     0     0   -30.0   46.135 -117.896    738.2    927.6
