     1     1
    SITE    10     3     1     0     0
     1 BACKWARD OMEGA   
    17     8     3     3   46.392 -119.412   700.0
     1 PRESSURE
     1     1    17     8     3     3     0     0     0.0   46.392 -119.412    700.0    931.4
     1     1    17     8     3     2     0     0    -1.0   46.457 -119.381    694.2    932.1
     1     1    17     8     3     1     0     0    -2.0   46.485 -119.319    691.0    932.7
     1     1    17     8     3     0     0     0    -3.0   46.463 -119.286    696.9    932.0
     1     1    17     8     2    23     0     0    -4.0   46.441 -119.259    693.2    931.7
     1     1    17     8     2    22     0     0    -5.0   46.411 -119.218    699.2    932.3
     1     1    17     8     2    21     0     0    -6.0   46.410 -119.234    712.1    929.5
     1     1    17     8     2    20     0     0    -7.0   46.425 -119.209    720.9    929.7
     1     1    17     8     2    19     0     0    -8.0   46.454 -119.182    724.5    927.5
     1     1    17     8     2    18     0     0    -9.0   46.553 -119.186    732.0    928.3
     1     1    17     8     2    17     0     0   -10.0   46.691 -119.144    733.7    927.9
     1     1    17     8     2    16     0     0   -11.0   46.838 -119.061    758.6    923.4
     1     1    17     8     2    15     0     0   -12.0   46.971 -118.949    750.1    925.3
     1     1    17     8     2    14     0     0   -13.0   47.095 -118.842    736.4    926.6
     1     1    17     8     2    13     0     0   -14.0   47.221 -118.751    690.6    933.6
     1     1    17     8     2    12     0     0   -15.0   47.283 -118.601    664.4    934.8
     1     1    17     8     2    11     0     0   -16.0   47.364 -118.459    636.0    938.3
