     1     1
    SITE    10     3     1     0     0
     1 BACKWARD OMEGA   
    17     8    25    12   46.392 -119.412   700.0
     1 PRESSURE
     1     1    17     8    25    12     0     0     0.0   46.392 -119.412    700.0    931.4
     1     1    17     8    25    11     0     0    -1.0   46.356 -119.355    701.2    931.2
     1     1    17     8    25    10     0     0    -2.0   46.310 -119.391    696.8    932.2
     1     1    17     8    25     9     0     0    -3.0   46.276 -119.408    701.6    930.8
     1     1    17     8    25     8     0     0    -4.0   46.235 -119.399    700.5    931.0
     1     1    17     8    25     7     0     0    -5.0   46.201 -119.377    694.7    931.7
     1     1    17     8    25     6     0     0    -6.0   46.165 -119.335    692.0    932.5
     1     1    17     8    25     5     0     0    -7.0   46.116 -119.322    684.7    932.9
     1     1    17     8    25     4     0     0    -8.0   46.068 -119.333    685.5    934.6
     1     1    17     8    25     3     0     0    -9.0   46.029 -119.355    694.2    931.3
     1     1    17     8    25     2     0     0   -10.0   45.988 -119.389    689.4    931.7
     1     1    17     8    25     1     0     0   -11.0   45.968 -119.437    682.8    933.9
     1     1    17     8    25     0     0     0   -12.0   45.938 -119.475    686.5    934.1
     1     1    17     8    24    23     0     0   -13.0   45.904 -119.521    685.7    932.2
     1     1    17     8    24    22     0     0   -14.0   45.934 -119.654    646.9    933.1
     1     1    17     8    24    21     0     0   -15.0   46.045 -119.866    641.7    938.4
     1     1    17     8    24    20     0     0   -16.0   46.194 -120.099    614.5    942.5
     1     1    17     8    24    19     0     0   -17.0   46.370 -120.347    628.6    941.3
     1     1    17     8    24    18     0     0   -18.0   46.588 -120.622    651.2    935.9
