     1     1
    SITE    10     3     1     0     0
     1 BACKWARD OMEGA   
    17     8     8    17   46.392 -119.412   700.0
     1 PRESSURE
     1     1    17     8     8    17     0     0     0.0   46.392 -119.412    700.0    931.4
     1     1    17     8     8    16     0     0    -1.0   46.442 -119.312    702.9    931.1
     1     1    17     8     8    15     0     0    -2.0   46.465 -119.199    695.3    931.8
     1     1    17     8     8    14     0     0    -3.0   46.445 -119.083    679.4    934.1
     1     1    17     8     8    13     0     0    -4.0   46.403 -118.998    684.2    933.4
     1     1    17     8     8    12     0     0    -5.0   46.382 -118.915    694.1    931.9
     1     1    17     8     8    11     0     0    -6.0   46.400 -118.820    696.0    932.0
     1     1    17     8     8    10     0     0    -7.0   46.426 -118.733    690.3    931.4
     1     1    17     8     8     9     0     0    -8.0   46.433 -118.661    688.6    934.1
     1     1    17     8     8     8     0     0    -9.0   46.430 -118.609    687.0    932.4
     1     1    17     8     8     7     0     0   -10.0   46.429 -118.571    685.3    933.6
     1     1    17     8     8     6     0     0   -11.0   46.414 -118.549    686.9    932.9
     1     1    17     8     8     5     0     0   -12.0   46.388 -118.541    685.4    932.8
     1     1    17     8     8     4     0     0   -13.0   46.385 -118.512    679.7    933.8
     1     1    17     8     8     3     0     0   -14.0   46.401 -118.466    676.7    933.9
     1     1    17     8     8     2     0     0   -15.0   46.392 -118.457    678.4    934.8
     1     1    17     8     8     1     0     0   -16.0   46.364 -118.470    678.4    932.8
     1     1    17     8     8     0     0     0   -17.0   46.317 -118.477    669.1    935.0
     1     1    17     8     7    23     0     0   -18.0   46.265 -118.500    664.1    936.4
     1     1    17     8     7    22     0     0   -19.0   46.236 -118.553    661.8    935.6
     1     1    17     8     7    21     0     0   -20.0   46.210 -118.580    656.5    937.0
     1     1    17     8     7    20     0     0   -21.0   46.168 -118.576    655.7    937.1
     1     1    17     8     7    19     0     0   -22.0   46.102 -118.569    655.5    936.4
     1     1    17     8     7    18     0     0   -23.0   46.018 -118.544    636.8    939.7
     1     1    17     8     7    17     0     0   -24.0   45.927 -118.508    654.9    936.8
     1     1    17     8     7    16     0     0   -25.0   45.837 -118.457    656.5    935.8
     1     1    17     8     7    15     0     0   -26.0   45.757 -118.371    645.1    938.2
     1     1    17     8     7    14     0     0   -27.0   45.682 -118.295    625.5    940.3
     1     1    17     8     7    13     0     0   -28.0   45.616 -118.237    612.8    942.0
     1     1    17     8     7    12     0     0   -29.0   45.559 -118.207    614.8    941.2
     1     1    17     8     7    11     0     0   -30.0   45.546 -118.173    607.7    941.3
     1     1    17     8     7    10     0     0   -31.0   45.577 -118.099    612.0    942.7
     1     1    17     8     7     9     0     0   -32.0   45.615 -118.018    627.2    940.0
     1     1    17     8     7     8     0     0   -33.0   45.638 -117.930    649.5    938.4
