     1     1
    SITE    10     3     1     0     0
     1 BACKWARD OMEGA   
    17     8     9    14   46.392 -119.412   700.0
     1 PRESSURE
     1     1    17     8     9    14     0     0     0.0   46.392 -119.412    700.0    931.4
     1     1    17     8     9    13     0     0    -1.0   46.418 -119.297    705.3    930.8
     1     1    17     8     9    12     0     0    -2.0   46.397 -119.247    721.1    929.3
     1     1    17     8     9    11     0     0    -3.0   46.334 -119.254    728.6    926.3
     1     1    17     8     9    10     0     0    -4.0   46.309 -119.226    716.6    929.1
     1     1    17     8     9     9     0     0    -5.0   46.325 -119.158    719.6    929.4
     1     1    17     8     9     8     0     0    -6.0   46.345 -119.094    728.8    928.4
     1     1    17     8     9     7     0     0    -7.0   46.342 -119.051    731.9    926.7
     1     1    17     8     9     6     0     0    -8.0   46.322 -118.995    715.0    928.6
     1     1    17     8     9     5     0     0    -9.0   46.308 -118.968    691.8    934.1
     1     1    17     8     9     4     0     0   -10.0   46.292 -118.950    690.7    933.4
     1     1    17     8     9     3     0     0   -11.0   46.267 -118.925    689.3    932.2
     1     1    17     8     9     2     0     0   -12.0   46.225 -118.930    678.7    933.7
     1     1    17     8     9     1     0     0   -13.0   46.235 -118.878    675.0    935.3
     1     1    17     8     9     0     0     0   -14.0   46.232 -118.831    666.2    935.9
     1     1    17     8     8    23     0     0   -15.0   46.174 -118.838    663.4    936.1
     1     1    17     8     8    22     0     0   -16.0   46.151 -118.827    660.9    935.1
     1     1    17     8     8    21     0     0   -17.0   46.144 -118.810    655.9    937.2
     1     1    17     8     8    20     0     0   -18.0   46.135 -118.857    665.6    936.7
     1     1    17     8     8    19     0     0   -19.0   46.127 -118.880    681.0    933.7
     1     1    17     8     8    18     0     0   -20.0   46.140 -118.813    691.6    931.6
     1     1    17     8     8    17     0     0   -21.0   46.179 -118.721    712.5    931.0
     1     1    17     8     8    16     0     0   -22.0   46.230 -118.624    717.6    929.1
     1     1    17     8     8    15     0     0   -23.0   46.256 -118.513    714.1    930.5
     1     1    17     8     8    14     0     0   -24.0   46.239 -118.399    734.3    926.8
     1     1    17     8     8    13     0     0   -25.0   46.198 -118.314    731.8    927.9
     1     1    17     8     8    12     0     0   -26.0   46.178 -118.229    723.8    928.0
     1     1    17     8     8    11     0     0   -27.0   46.196 -118.137    722.6    928.6
     1     1    17     8     8    10     0     0   -28.0   46.221 -118.052    725.0    929.4
     1     1    17     8     8     9     0     0   -29.0   46.228 -117.981    723.4    927.2
     1     1    17     8     8     8     0     0   -30.0   46.224 -117.929    721.7    929.7
