     1     1
    SITE    10     3     1     0     0
     1 BACKWARD OMEGA   
    17     8    26    19   46.392 -119.412   700.0
     1 PRESSURE
     1     1    17     8    26    19     0     0     0.0   46.392 -119.412    700.0    931.4
     1     1    17     8    26    18     0     0    -1.0   46.421 -119.352    707.0    930.6
     1     1    17     8    26    17     0     0    -2.0   46.486 -119.301    705.9    928.3
     1     1    17     8    26    16     0     0    -3.0   46.557 -119.237    698.4    931.5
     1     1    17     8    26    15     0     0    -4.0   46.629 -119.175    709.9    930.6
     1     1    17     8    26    14     0     0    -5.0   46.661 -119.097    714.4    929.5
     1     1    17     8    26    13     0     0    -6.0   46.667 -118.995    711.1    930.9
     1     1    17     8    26    12     0     0    -7.0   46.683 -118.889    711.7    930.5
     1     1    17     8    26    11     0     0    -8.0   46.684 -118.795    719.9    928.6
     1     1    17     8    26    10     0     0    -9.0   46.692 -118.717    709.3    929.4
     1     1    17     8    26     9     0     0   -10.0   46.715 -118.652    706.8    933.0
     1     1    17     8    26     8     0     0   -11.0   46.732 -118.599    712.3    928.5
     1     1    17     8    26     7     0     0   -12.0   46.749 -118.540    709.0    930.9
     1     1    17     8    26     6     0     0   -13.0   46.754 -118.480    717.1    930.4
     1     1    17     8    26     5     0     0   -14.0   46.748 -118.453    724.5    927.7
     1     1    17     8    26     4     0     0   -15.0   46.760 -118.403    711.9    928.6
     1     1    17     8    26     3     0     0   -16.0   46.788 -118.318    714.2    930.1
     1     1    17     8    26     2     0     0   -17.0   46.795 -118.254    714.8    928.8
     1     1    17     8    26     1     0     0   -18.0   46.772 -118.222    713.4    930.3
     1     1    17     8    26     0     0     0   -19.0   46.769 -118.230    709.1    929.6
     1     1    17     8    25    23     0     0   -20.0   46.771 -118.248    706.9    930.6
     1     1    17     8    25    22     0     0   -21.0   46.767 -118.241    705.6    930.9
     1     1    17     8    25    21     0     0   -22.0   46.764 -118.205    704.0    931.0
     1     1    17     8    25    20     0     0   -23.0   46.746 -118.156    707.0    931.1
     1     1    17     8    25    19     0     0   -24.0   46.715 -118.080    710.6    929.7
     1     1    17     8    25    18     0     0   -25.0   46.667 -117.977    732.2    928.8
