     1     1
    SITE    10     3     1     0     0
     1 BACKWARD OMEGA   
    17     8    21    13   46.392 -119.412   700.0
     1 PRESSURE
     1     1    17     8    21    13     0     0     0.0   46.392 -119.412    700.0    931.4
     1     1    17     8    21    12     0     0    -1.0   46.383 -119.332    688.5    932.8
     1     1    17     8    21    11     0     0    -2.0   46.360 -119.238    664.5    933.7
     1     1    17     8    21    10     0     0    -3.0   46.374 -119.160    651.6    937.2
     1     1    17     8    21     9     0     0    -4.0   46.392 -119.121    648.3    937.6
     1     1    17     8    21     8     0     0    -5.0   46.388 -119.070    653.1    937.9
     1     1    17     8    21     7     0     0    -6.0   46.384 -119.002    657.1    935.7
     1     1    17     8    21     6     0     0    -7.0   46.392 -118.948    657.1    936.5
     1     1    17     8    21     5     0     0    -8.0   46.397 -118.917    658.6    936.5
     1     1    17     8    21     4     0     0    -9.0   46.383 -118.909    661.8    936.0
     1     1    17     8    21     3     0     0   -10.0   46.354 -118.879    668.0    935.7
     1     1    17     8    21     2     0     0   -11.0   46.326 -118.857    670.9    933.7
     1     1    17     8    21     1     0     0   -12.0   46.309 -118.830    663.8    935.3
     1     1    17     8    21     0     0     0   -13.0   46.276 -118.792    646.3    937.3
     1     1    17     8    20    23     0     0   -14.0   46.227 -118.796    633.5    940.0
     1     1    17     8    20    22     0     0   -15.0   46.233 -118.826    628.0    940.4
     1     1    17     8    20    21     0     0   -16.0   46.273 -118.844    633.5    939.1
     1     1    17     8    20    20     0     0   -17.0   46.271 -118.840    631.3    939.2
     1     1    17     8    20    19     0     0   -18.0   46.232 -118.814    623.8    940.7
     1     1    17     8    20    18     0     0   -19.0   46.197 -118.707    615.5    940.2
     1     1    17     8    20    17     0     0   -20.0   46.164 -118.544    604.4    941.9
     1     1    17     8    20    16     0     0   -21.0   46.145 -118.372    604.9    942.2
     1     1    17     8    20    15     0     0   -22.0   46.118 -118.211    588.0    944.7
     1     1    17     8    20    14     0     0   -23.0   46.050 -118.157    582.8    944.7
     1     1    17     8    20    13     0     0   -24.0   45.970 -118.201    568.5    945.5
     1     1    17     8    20    12     0     0   -25.0   45.907 -118.209    547.0    948.7
     1     1    17     8    20    11     0     0   -26.0   45.854 -118.206    540.9    950.4
     1     1    17     8    20    10     0     0   -27.0   45.801 -118.235    545.4    948.9
     1     1    17     8    20     9     0     0   -28.0   45.755 -118.266    544.2    948.0
     1     1    17     8    20     8     0     0   -29.0   45.703 -118.266    539.4    950.1
     1     1    17     8    20     7     0     0   -30.0   45.631 -118.235    536.2    949.7
     1     1    17     8    20     6     0     0   -31.0   45.555 -118.200    540.4    948.7
     1     1    17     8    20     5     0     0   -32.0   45.474 -118.196    544.3    949.6
     1     1    17     8    20     4     0     0   -33.0   45.385 -118.201    554.2    947.7
