     1     1
    SITE    10     3     1     0     0
     1 BACKWARD OMEGA   
    17     8    16    15   46.392 -119.412   700.0
     1 PRESSURE
     1     1    17     8    16    15     0     0     0.0   46.392 -119.412    700.0    931.4
     1     1    17     8    16    14     0     0    -1.0   46.266 -119.420    717.4    929.4
     1     1    17     8    16    13     0     0    -2.0   46.156 -119.438    725.8    928.3
     1     1    17     8    16    12     0     0    -3.0   46.033 -119.472    712.0    929.1
     1     1    17     8    16    11     0     0    -4.0   45.891 -119.508    694.9    932.0
     1     1    17     8    16    10     0     0    -5.0   45.776 -119.537    711.1    930.1
     1     1    17     8    16     9     0     0    -6.0   45.698 -119.534    704.5    930.2
     1     1    17     8    16     8     0     0    -7.0   45.631 -119.524    680.7    933.7
     1     1    17     8    16     7     0     0    -8.0   45.573 -119.498    669.8    935.1
     1     1    17     8    16     6     0     0    -9.0   45.547 -119.462    662.5    935.4
     1     1    17     8    16     5     0     0   -10.0   45.514 -119.435    655.8    937.0
     1     1    17     8    16     4     0     0   -11.0   45.441 -119.413    652.3    936.8
