     1     1
    SITE    10     3     1     0     0
     1 BACKWARD OMEGA   
    17     8    28    13   46.392 -119.412   700.0
     1 PRESSURE
     1     1    17     8    28    13     0     0     0.0   46.392 -119.412    700.0    931.4
     1     1    17     8    28    12     0     0    -1.0   46.386 -119.377    691.4    932.4
     1     1    17     8    28    11     0     0    -2.0   46.468 -119.329    677.4    934.2
     1     1    17     8    28    10     0     0    -3.0   46.470 -119.328    657.4    936.3
     1     1    17     8    28     9     0     0    -4.0   46.477 -119.346    648.7    938.1
     1     1    17     8    28     8     0     0    -5.0   46.481 -119.376    659.5    936.6
     1     1    17     8    28     7     0     0    -6.0   46.422 -119.353    664.9    935.0
     1     1    17     8    28     6     0     0    -7.0   46.379 -119.358    653.9    937.2
     1     1    17     8    28     5     0     0    -8.0   46.335 -119.335    648.8    937.9
     1     1    17     8    28     4     0     0    -9.0   46.294 -119.270    636.7    938.7
     1     1    17     8    28     3     0     0   -10.0   46.248 -119.310    635.2    940.2
     1     1    17     8    28     2     0     0   -11.0   46.242 -119.338    639.0    939.2
     1     1    17     8    28     1     0     0   -12.0   46.248 -119.293    643.3    938.4
     1     1    17     8    28     0     0     0   -13.0   46.226 -119.234    636.0    937.6
     1     1    17     8    27    23     0     0   -14.0   46.194 -119.173    627.5    940.8
     1     1    17     8    27    22     0     0   -15.0   46.173 -119.108    629.3    940.2
     1     1    17     8    27    21     0     0   -16.0   46.161 -119.049    635.5    939.9
     1     1    17     8    27    20     0     0   -17.0   46.135 -119.020    645.0    937.4
     1     1    17     8    27    19     0     0   -18.0   46.107 -119.021    646.4    937.8
     1     1    17     8    27    18     0     0   -19.0   46.094 -119.013    648.4    937.6
     1     1    17     8    27    17     0     0   -20.0   46.088 -118.991    649.5    937.5
     1     1    17     8    27    16     0     0   -21.0   46.074 -118.955    657.3    937.3
     1     1    17     8    27    15     0     0   -22.0   46.047 -118.890    661.8    934.7
     1     1    17     8    27    14     0     0   -23.0   46.006 -118.814    660.1    936.8
     1     1    17     8    27    13     0     0   -24.0   45.965 -118.735    638.9    935.7
     1     1    17     8    27    12     0     0   -25.0   45.966 -118.667    610.4    943.8
     1     1    17     8    27    11     0     0   -26.0   45.959 -118.618    604.6    944.0
     1     1    17     8    27    10     0     0   -27.0   45.923 -118.569    612.6    942.3
     1     1    17     8    27     9     0     0   -28.0   45.912 -118.513    621.1    940.8
     1     1    17     8    27     8     0     0   -29.0   45.908 -118.450    626.8    939.9
     1     1    17     8    27     7     0     0   -30.0   45.921 -118.389    634.7    939.8
     1     1    17     8    27     6     0     0   -31.0   45.938 -118.379    647.3    937.5
     1     1    17     8    27     5     0     0   -32.0   45.931 -118.386    652.5    936.6
     1     1    17     8    27     4     0     0   -33.0   45.944 -118.346    653.3    937.1
     1     1    17     8    27     3     0     0   -34.0   45.969 -118.274    661.2    936.8
     1     1    17     8    27     2     0     0   -35.0   45.982 -118.200    659.7    934.3
     1     1    17     8    27     1     0     0   -36.0   45.993 -118.138    656.7    938.3
     1     1    17     8    27     0     0     0   -37.0   45.986 -118.091    669.9    935.0
     1     1    17     8    26    23     0     0   -38.0   45.996 -118.044    678.2    932.9
     1     1    17     8    26    22     0     0   -39.0   46.032 -117.988    684.1    933.5
     1     1    17     8    26    21     0     0   -40.0   46.041 -117.978    688.7    932.4
     1     1    17     8    26    20     0     0   -41.0   46.027 -118.009    684.0    933.3
     1     1    17     8    26    19     0     0   -42.0   46.017 -117.982    691.0    933.8
     1     1    17     8    26    18     0     0   -43.0   46.045 -117.922    704.5    930.2
