     1     1
    SITE    10     3     1     0     0
     1 BACKWARD OMEGA   
    17     8     6    10   46.392 -119.412   700.0
     1 PRESSURE
     1     1    17     8     6    10     0     0     0.0   46.392 -119.412    700.0    931.4
     1     1    17     8     6     9     0     0    -1.0   46.406 -119.337    700.0    931.4
     1     1    17     8     6     8     0     0    -2.0   46.399 -119.261    683.8    931.6
     1     1    17     8     6     7     0     0    -3.0   46.424 -119.171    679.2    936.4
     1     1    17     8     6     6     0     0    -4.0   46.450 -119.086    686.2    932.9
     1     1    17     8     6     5     0     0    -5.0   46.429 -119.039    686.6    933.6
     1     1    17     8     6     4     0     0    -6.0   46.406 -119.039    685.5    932.3
     1     1    17     8     6     3     0     0    -7.0   46.373 -119.042    685.9    933.9
     1     1    17     8     6     2     0     0    -8.0   46.348 -119.015    687.4    932.4
     1     1    17     8     6     1     0     0    -9.0   46.311 -118.989    684.9    933.1
     1     1    17     8     6     0     0     0   -10.0   46.260 -118.993    688.0    933.3
     1     1    17     8     5    23     0     0   -11.0   46.274 -118.971    702.1    931.6
     1     1    17     8     5    22     0     0   -12.0   46.306 -118.918    697.0    931.2
     1     1    17     8     5    21     0     0   -13.0   46.289 -118.887    695.8    932.7
     1     1    17     8     5    20     0     0   -14.0   46.235 -118.900    717.7    931.4
     1     1    17     8     5    19     0     0   -15.0   46.162 -118.948    731.6    928.0
     1     1    17     8     5    18     0     0   -16.0   46.094 -118.951    753.6    925.2
     1     1    17     8     5    17     0     0   -17.0   46.085 -118.878    752.5    925.0
     1     1    17     8     5    16     0     0   -18.0   46.129 -118.763    746.5    926.1
     1     1    17     8     5    15     0     0   -19.0   46.175 -118.640    735.8    927.1
     1     1    17     8     5    14     0     0   -20.0   46.224 -118.520    729.7    928.7
     1     1    17     8     5    13     0     0   -21.0   46.261 -118.400    734.8    926.8
     1     1    17     8     5    12     0     0   -22.0   46.320 -118.312    726.2    928.1
     1     1    17     8     5    11     0     0   -23.0   46.406 -118.235    728.6    930.4
     1     1    17     8     5    10     0     0   -24.0   46.497 -118.196    775.2    922.9
     1     1    17     8     5     9     0     0   -25.0   46.512 -118.203    812.5    918.4
     1     1    17     8     5     8     0     0   -26.0   46.463 -118.183    834.8    913.7
     1     1    17     8     5     7     0     0   -27.0   46.421 -118.160    830.9    916.0
     1     1    17     8     5     6     0     0   -28.0   46.379 -118.146    816.8    918.0
     1     1    17     8     5     5     0     0   -29.0   46.382 -118.101    813.9    920.3
     1     1    17     8     5     4     0     0   -30.0   46.417 -118.029    812.2    917.4
     1     1    17     8     5     3     0     0   -31.0   46.416 -117.976    805.0    920.2
     1     1    17     8     5     2     0     0   -32.0   46.378 -117.948    793.3    920.6
     1     1    17     8     5     1     0     0   -33.0   46.346 -117.914    781.1    922.3
