     1     1
    SITE    10     3     1     0     0
     1 BACKWARD OMEGA   
    17     8    16    20   46.392 -119.412   700.0
     1 PRESSURE
     1     1    17     8    16    20     0     0     0.0   46.392 -119.412    700.0    931.4
     1     1    17     8    16    19     0     0    -1.0   46.546 -119.662    700.3    931.6
     1     1    17     8    16    18     0     0    -2.0   46.736 -119.903    717.2    928.4
     1     1    17     8    16    17     0     0    -3.0   46.782 -120.146    663.9    935.1
     1     1    17     8    16    16     0     0    -4.0   46.660 -120.327    673.5    934.2
     1     1    17     8    16    15     0     0    -5.0   46.524 -120.390    677.3    934.3
     1     1    17     8    16    14     0     0    -6.0   46.400 -120.397    680.9    932.6
     1     1    17     8    16    13     0     0    -7.0   46.288 -120.415    651.3    939.2
     1     1    17     8    16    12     0     0    -8.0   46.161 -120.447    672.6    932.1
     1     1    17     8    16    11     0     0    -9.0   46.019 -120.480    640.8    939.3
     1     1    17     8    16    10     0     0   -10.0   45.902 -120.510    655.3    936.0
     1     1    17     8    16     9     0     0   -11.0   45.823 -120.509    645.2    938.3
     1     1    17     8    16     8     0     0   -12.0   45.757 -120.499    659.0    936.7
     1     1    17     8    16     7     0     0   -13.0   45.699 -120.472    665.5    935.2
     1     1    17     8    16     6     0     0   -14.0   45.674 -120.435    659.3    936.4
     1     1    17     8    16     5     0     0   -15.0   45.640 -120.409    669.1    936.5
     1     1    17     8    16     4     0     0   -16.0   45.566 -120.386    671.0    932.1
     1     1    17     8    16     3     0     0   -17.0   45.482 -120.365    648.8    937.5
     1     1    17     8    16     2     0     0   -18.0   45.395 -120.363    629.2    940.1
