     1     1
    SITE    10     3     1     0     0
     1 BACKWARD OMEGA   
    17     8    28    10   46.392 -119.412   700.0
     1 PRESSURE
     1     1    17     8    28    10     0     0     0.0   46.392 -119.412    700.0    931.4
     1     1    17     8    28     9     0     0    -1.0   46.400 -119.434    696.4    931.9
     1     1    17     8    28     8     0     0    -2.0   46.405 -119.465    715.6    930.2
     1     1    17     8    28     7     0     0    -3.0   46.346 -119.441    716.5    928.8
     1     1    17     8    28     6     0     0    -4.0   46.301 -119.445    708.6    931.9
     1     1    17     8    28     5     0     0    -5.0   46.257 -119.421    719.9    929.5
     1     1    17     8    28     4     0     0    -6.0   46.215 -119.353    733.5    927.3
     1     1    17     8    28     3     0     0    -7.0   46.167 -119.390    734.2    926.4
     1     1    17     8    28     2     0     0    -8.0   46.160 -119.417    736.0    928.5
     1     1    17     8    28     1     0     0    -9.0   46.166 -119.371    745.1    925.7
     1     1    17     8    28     0     0     0   -10.0   46.145 -119.312    752.6    926.5
     1     1    17     8    27    23     0     0   -11.0   46.113 -119.250    769.1    923.4
     1     1    17     8    27    22     0     0   -12.0   46.093 -119.182    789.1    921.8
     1     1    17     8    27    21     0     0   -13.0   46.080 -119.123    808.2    918.9
     1     1    17     8    27    20     0     0   -14.0   46.054 -119.096    819.0    917.5
     1     1    17     8    27    19     0     0   -15.0   46.027 -119.098    825.1    917.1
     1     1    17     8    27    18     0     0   -16.0   46.014 -119.089    825.7    917.0
     1     1    17     8    27    17     0     0   -17.0   46.008 -119.068    827.4    917.2
     1     1    17     8    27    16     0     0   -18.0   45.994 -119.030    827.1    916.9
     1     1    17     8    27    15     0     0   -19.0   45.967 -118.964    810.2    917.6
     1     1    17     8    27    14     0     0   -20.0   45.929 -118.887    798.0    922.1
     1     1    17     8    27    13     0     0   -21.0   45.889 -118.809    796.6    920.0
     1     1    17     8    27    12     0     0   -22.0   45.890 -118.742    791.1    921.1
     1     1    17     8    27    11     0     0   -23.0   45.884 -118.692    787.7    922.2
     1     1    17     8    27    10     0     0   -24.0   45.848 -118.644    794.9    921.2
     1     1    17     8    27     9     0     0   -25.0   45.838 -118.588    810.7    919.5
     1     1    17     8    27     8     0     0   -26.0   45.835 -118.525    820.9    916.6
     1     1    17     8    27     7     0     0   -27.0   45.847 -118.462    831.5    917.9
     1     1    17     8    27     6     0     0   -28.0   45.864 -118.451    845.3    914.5
     1     1    17     8    27     5     0     0   -29.0   45.858 -118.459    844.1    914.6
     1     1    17     8    27     4     0     0   -30.0   45.870 -118.420    838.6    916.2
     1     1    17     8    27     3     0     0   -31.0   45.896 -118.351    852.7    915.7
     1     1    17     8    27     2     0     0   -32.0   45.909 -118.274    862.1    911.2
     1     1    17     8    27     1     0     0   -33.0   45.918 -118.210    860.3    914.5
     1     1    17     8    27     0     0     0   -34.0   45.911 -118.161    869.7    913.2
     1     1    17     8    26    23     0     0   -35.0   45.921 -118.114    878.0    911.2
     1     1    17     8    26    22     0     0   -36.0   45.957 -118.059    879.5    911.5
     1     1    17     8    26    21     0     0   -37.0   45.966 -118.050    874.3    911.5
     1     1    17     8    26    20     0     0   -38.0   45.951 -118.082    867.6    912.4
     1     1    17     8    26    19     0     0   -39.0   45.941 -118.056    864.5    914.1
     1     1    17     8    26    18     0     0   -40.0   45.970 -117.997    866.7    912.2
     1     1    17     8    26    17     0     0   -41.0   46.035 -117.946    845.8    914.3
     1     1    17     8    26    16     0     0   -42.0   46.107 -117.882    822.9    918.3
