     1     1
    SITE    10     3     1     0     0
     1 BACKWARD OMEGA   
    17     8     2     5   46.392 -119.412   700.0
     1 PRESSURE
     1     1    17     8     2     5     0     0     0.0   46.392 -119.412    700.0    931.4
     1     1    17     8     2     4     0     0    -1.0   46.359 -119.358    719.6    929.1
     1     1    17     8     2     3     0     0    -2.0   46.405 -119.342    717.6    928.3
     1     1    17     8     2     2     0     0    -3.0   46.450 -119.439    693.0    932.4
     1     1    17     8     2     1     0     0    -4.0   46.428 -119.546    691.1    932.5
     1     1    17     8     2     0     0     0    -5.0   46.412 -119.622    699.9    931.3
     1     1    17     8     1    23     0     0    -6.0   46.414 -119.688    705.9    930.2
     1     1    17     8     1    22     0     0    -7.0   46.447 -119.696    714.1    930.6
     1     1    17     8     1    21     0     0    -8.0   46.511 -119.710    713.5    929.5
     1     1    17     8     1    20     0     0    -9.0   46.560 -119.765    715.0    930.5
     1     1    17     8     1    19     0     0   -10.0   46.567 -119.734    712.3    928.0
     1     1    17     8     1    18     0     0   -11.0   46.585 -119.629    695.8    931.5
     1     1    17     8     1    17     0     0   -12.0   46.660 -119.479    699.7    932.1
     1     1    17     8     1    16     0     0   -13.0   46.731 -119.288    721.2    928.6
     1     1    17     8     1    15     0     0   -14.0   46.789 -119.082    735.7    927.6
     1     1    17     8     1    14     0     0   -15.0   46.860 -118.946    742.1    925.7
     1     1    17     8     1    13     0     0   -16.0   46.900 -118.846    693.2    931.5
     1     1    17     8     1    12     0     0   -17.0   46.888 -118.831    670.0    935.6
     1     1    17     8     1    11     0     0   -18.0   46.836 -118.889    647.5    937.9
     1     1    17     8     1    10     0     0   -19.0   46.752 -118.889    635.9    939.7
     1     1    17     8     1     9     0     0   -20.0   46.686 -118.878    634.3    938.7
     1     1    17     8     1     8     0     0   -21.0   46.643 -118.873    626.2    940.4
     1     1    17     8     1     7     0     0   -22.0   46.608 -118.861    626.6    940.0
     1     1    17     8     1     6     0     0   -23.0   46.594 -118.864    623.9    940.3
     1     1    17     8     1     5     0     0   -24.0   46.583 -118.869    621.5    940.8
     1     1    17     8     1     4     0     0   -25.0   46.585 -118.839    624.0    940.9
     1     1    17     8     1     3     0     0   -26.0   46.588 -118.812    626.1    939.7
     1     1    17     8     1     2     0     0   -27.0   46.574 -118.784    620.4    940.5
     1     1    17     8     1     1     0     0   -28.0   46.546 -118.746    617.5    941.8
     1     1    17     8     1     0     0     0   -29.0   46.535 -118.694    627.4    940.5
     1     1    17     7    31    23     0     0   -30.0   46.545 -118.682    637.0    938.6
     1     1    17     7    31    22     0     0   -31.0   46.518 -118.697    633.8    938.8
     1     1    17     7    31    21     0     0   -32.0   46.507 -118.693    626.2    940.3
     1     1    17     7    31    20     0     0   -33.0   46.510 -118.716    623.1    941.4
     1     1    17     7    31    19     0     0   -34.0   46.448 -118.741    628.8    939.8
     1     1    17     7    31    18     0     0   -35.0   46.363 -118.697    604.6    942.6
     1     1    17     7    31    17     0     0   -36.0   46.337 -118.603    606.4    942.4
     1     1    17     7    31    16     0     0   -37.0   46.363 -118.508    629.1    940.9
     1     1    17     7    31    15     0     0   -38.0   46.371 -118.388    625.9    939.6
     1     1    17     7    31    14     0     0   -39.0   46.344 -118.282    612.6    941.8
     1     1    17     7    31    13     0     0   -40.0   46.335 -118.196    618.4    941.3
     1     1    17     7    31    12     0     0   -41.0   46.325 -118.095    616.2    940.4
     1     1    17     7    31    11     0     0   -42.0   46.320 -117.993    602.6    943.1
     1     1    17     7    31    10     0     0   -43.0   46.339 -117.888    600.7    942.9
