     1     1
    SITE    10     3     1     0     0
     1 BACKWARD OMEGA   
    17     8    17     6   46.392 -119.412   700.0
     1 PRESSURE
     1     1    17     8    17     6     0     0     0.0   46.392 -119.412    700.0    931.4
     1     1    17     8    17     5     0     0    -1.0   46.323 -119.442    718.2    929.3
     1     1    17     8    17     4     0     0    -2.0   46.270 -119.520    718.1    929.4
     1     1    17     8    17     3     0     0    -3.0   46.218 -119.614    734.0    929.0
     1     1    17     8    17     2     0     0    -4.0   46.204 -119.743    754.4    924.6
     1     1    17     8    17     1     0     0    -5.0   46.202 -119.896    764.2    923.8
     1     1    17     8    17     0     0     0    -6.0   46.228 -120.075    776.4    923.5
     1     1    17     8    16    23     0     0    -7.0   46.305 -120.247    785.4    921.7
     1     1    17     8    16    22     0     0    -8.0   46.443 -120.452    804.4    918.7
     1     1    17     8    16    21     0     0    -9.0   46.614 -120.713    741.2    926.7
