     1     1
    SITE    10     3     1     0     0
     1 BACKWARD OMEGA   
    17     8    19    19   46.392 -119.412   700.0
     1 PRESSURE
     1     1    17     8    19    19     0     0     0.0   46.392 -119.412    700.0    931.4
     1     1    17     8    19    18     0     0    -1.0   46.293 -119.336    717.8    929.3
     1     1    17     8    19    17     0     0    -2.0   46.186 -119.231    704.4    931.9
     1     1    17     8    19    16     0     0    -3.0   46.079 -119.106    715.4    931.1
     1     1    17     8    19    15     0     0    -4.0   45.964 -118.996    773.8    925.5
     1     1    17     8    19    14     0     0    -5.0   45.869 -118.865    774.6    920.7
     1     1    17     8    19    13     0     0    -6.0   45.834 -118.839    720.9    929.9
     1     1    17     8    19    12     0     0    -7.0   45.833 -118.963    706.4    930.7
     1     1    17     8    19    11     0     0    -8.0   45.796 -119.030    694.5    932.1
     1     1    17     8    19    10     0     0    -9.0   45.742 -119.094    693.8    932.2
     1     1    17     8    19     9     0     0   -10.0   45.765 -119.180    712.0    929.7
     1     1    17     8    19     8     0     0   -11.0   45.850 -119.271    717.5    930.1
     1     1    17     8    19     7     0     0   -12.0   45.858 -119.376    700.5    930.0
     1     1    17     8    19     6     0     0   -13.0   45.806 -119.443    694.2    932.0
     1     1    17     8    19     5     0     0   -14.0   45.757 -119.482    694.7    931.4
     1     1    17     8    19     4     0     0   -15.0   45.678 -119.509    710.4    930.2
     1     1    17     8    19     3     0     0   -16.0   45.602 -119.569    724.3    928.6
     1     1    17     8    19     2     0     0   -17.0   45.610 -119.693    736.1    928.0
     1     1    17     8    19     1     0     0   -18.0   45.692 -119.821    746.7    924.9
     1     1    17     8    19     0     0     0   -19.0   45.773 -119.934    723.4    928.9
     1     1    17     8    18    23     0     0   -20.0   45.897 -120.138    718.5    930.4
     1     1    17     8    18    22     0     0   -21.0   46.071 -120.400    746.8    925.4
     1     1    17     8    18    21     0     0   -22.0   46.220 -120.608    768.4    924.2
