     1     1
    SITE    10     3     1     0     0
     1 BACKWARD OMEGA   
    17     8     5    12   46.392 -119.412   700.0
     1 PRESSURE
     1     1    17     8     5    12     0     0     0.0   46.392 -119.412    700.0    931.4
     1     1    17     8     5    11     0     0    -1.0   46.480 -119.330    700.6    931.4
     1     1    17     8     5    10     0     0    -2.0   46.571 -119.291    727.2    928.1
     1     1    17     8     5     9     0     0    -3.0   46.586 -119.301    752.9    925.0
     1     1    17     8     5     8     0     0    -4.0   46.538 -119.281    763.0    923.2
     1     1    17     8     5     7     0     0    -5.0   46.496 -119.258    767.9    924.5
     1     1    17     8     5     6     0     0    -6.0   46.455 -119.243    775.4    922.3
     1     1    17     8     5     5     0     0    -7.0   46.457 -119.199    781.9    922.2
     1     1    17     8     5     4     0     0    -8.0   46.492 -119.127    781.3    922.4
     1     1    17     8     5     3     0     0    -9.0   46.491 -119.075    775.8    922.0
     1     1    17     8     5     2     0     0   -10.0   46.452 -119.049    769.9    923.9
     1     1    17     8     5     1     0     0   -11.0   46.419 -119.015    775.4    923.8
     1     1    17     8     5     0     0     0   -12.0   46.433 -118.967    779.7    920.9
     1     1    17     8     4    23     0     0   -13.0   46.490 -118.922    763.8    924.8
     1     1    17     8     4    22     0     0   -14.0   46.520 -118.861    755.9    925.3
     1     1    17     8     4    21     0     0   -15.0   46.514 -118.861    754.0    925.5
     1     1    17     8     4    20     0     0   -16.0   46.535 -118.927    727.4    927.4
     1     1    17     8     4    19     0     0   -17.0   46.543 -118.918    712.5    931.3
     1     1    17     8     4    18     0     0   -18.0   46.567 -118.835    713.5    927.2
     1     1    17     8     4    17     0     0   -19.0   46.638 -118.722    706.0    929.4
     1     1    17     8     4    16     0     0   -20.0   46.703 -118.596    659.0    935.2
     1     1    17     8     4    15     0     0   -21.0   46.735 -118.487    629.3    940.5
     1     1    17     8     4    14     0     0   -22.0   46.759 -118.480    627.2    940.0
     1     1    17     8     4    13     0     0   -23.0   46.755 -118.550    612.8    940.6
     1     1    17     8     4    12     0     0   -24.0   46.711 -118.626    601.2    943.2
     1     1    17     8     4    11     0     0   -25.0   46.736 -118.682    600.0    943.5
     1     1    17     8     4    10     0     0   -26.0   46.852 -118.711    608.6    943.8
     1     1    17     8     4     9     0     0   -27.0   46.962 -118.747    631.9    938.9
     1     1    17     8     4     8     0     0   -28.0   46.993 -118.794    629.4    940.2
     1     1    17     8     4     7     0     0   -29.0   46.982 -118.831    628.2    939.1
     1     1    17     8     4     6     0     0   -30.0   46.963 -118.839    625.4    940.8
     1     1    17     8     4     5     0     0   -31.0   46.951 -118.867    628.9    940.1
     1     1    17     8     4     4     0     0   -32.0   46.918 -118.898    630.7    939.3
     1     1    17     8     4     3     0     0   -33.0   46.854 -118.872    632.2    939.3
     1     1    17     8     4     2     0     0   -34.0   46.798 -118.854    619.5    940.1
     1     1    17     8     4     1     0     0   -35.0   46.738 -118.857    604.2    942.8
     1     1    17     8     4     0     0     0   -36.0   46.684 -118.849    601.7    943.5
     1     1    17     8     3    23     0     0   -37.0   46.628 -118.857    600.7    942.0
     1     1    17     8     3    22     0     0   -38.0   46.558 -118.866    585.3    944.6
     1     1    17     8     3    21     0     0   -39.0   46.483 -118.831    568.7    946.5
     1     1    17     8     3    20     0     0   -40.0   46.389 -118.813    560.6    947.2
     1     1    17     8     3    19     0     0   -41.0   46.285 -118.830    554.0    947.8
     1     1    17     8     3    18     0     0   -42.0   46.191 -118.802    551.6    948.1
     1     1    17     8     3    17     0     0   -43.0   46.154 -118.696    548.6    947.6
     1     1    17     8     3    16     0     0   -44.0   46.189 -118.566    533.5    950.1
     1     1    17     8     3    15     0     0   -45.0   46.234 -118.458    525.2    950.7
     1     1    17     8     3    14     0     0   -46.0   46.210 -118.397    509.7    953.0
     1     1    17     8     3    13     0     0   -47.0   46.202 -118.355    512.2    952.7
     1     1    17     8     3    12     0     0   -48.0   46.265 -118.280    511.7    951.7
     1     1    17     8     3    11     0     0   -49.0   46.296 -118.317    498.5    953.4
     1     1    17     8     3    10     0     0   -50.0   46.262 -118.401    506.9    952.8
     1     1    17     8     3     9     0     0   -51.0   46.203 -118.400    505.1    953.4
     1     1    17     8     3     8     0     0   -52.0   46.168 -118.370    503.9    953.3
     1     1    17     8     3     7     0     0   -53.0   46.142 -118.339    509.6    953.4
     1     1    17     8     3     6     0     0   -54.0   46.137 -118.342    514.5    951.4
     1     1    17     8     3     5     0     0   -55.0   46.132 -118.352    512.0    952.7
     1     1    17     8     3     4     0     0   -56.0   46.145 -118.316    512.2    952.7
     1     1    17     8     3     3     0     0   -57.0   46.202 -118.264    522.5    950.9
     1     1    17     8     3     2     0     0   -58.0   46.268 -118.233    526.4    950.1
     1     1    17     8     3     1     0     0   -59.0   46.295 -118.170    527.8    951.3
     1     1    17     8     3     0     0     0   -60.0   46.273 -118.136    526.9    950.9
     1     1    17     8     2    23     0     0   -61.0   46.251 -118.106    530.6    950.8
     1     1    17     8     2    22     0     0   -62.0   46.219 -118.064    534.6    949.7
     1     1    17     8     2    21     0     0   -63.0   46.217 -118.081    541.5    949.4
     1     1    17     8     2    20     0     0   -64.0   46.231 -118.059    546.8    948.6
     1     1    17     8     2    19     0     0   -65.0   46.259 -118.032    549.6    945.4
     1     1    17     8     2    18     0     0   -66.0   46.356 -118.034    555.0    947.7
     1     1    17     8     2    17     0     0   -67.0   46.491 -117.991    570.8    946.0
     1     1    17     8     2    16     0     0   -68.0   46.637 -117.905    568.4    946.0
