     1     1
    SITE    10     3     1     0     0
     1 BACKWARD OMEGA   
    17     8    27    12   46.392 -119.412   700.0
     1 PRESSURE
     1     1    17     8    27    12     0     0     0.0   46.392 -119.412    700.0    931.4
     1     1    17     8    27    11     0     0    -1.0   46.386 -119.363    705.3    930.8
     1     1    17     8    27    10     0     0    -2.0   46.351 -119.315    710.0    929.4
     1     1    17     8    27     9     0     0    -3.0   46.341 -119.259    707.9    930.9
     1     1    17     8    27     8     0     0    -4.0   46.339 -119.194    695.1    930.3
     1     1    17     8    27     7     0     0    -5.0   46.353 -119.131    674.1    935.1
     1     1    17     8    27     6     0     0    -6.0   46.369 -119.121    665.5    936.4
     1     1    17     8    27     5     0     0    -7.0   46.362 -119.128    661.9    935.7
     1     1    17     8    27     4     0     0    -8.0   46.375 -119.091    679.3    936.8
     1     1    17     8    27     3     0     0    -9.0   46.401 -119.024    685.4    930.4
     1     1    17     8    27     2     0     0   -10.0   46.413 -118.948    682.8    934.9
     1     1    17     8    27     1     0     0   -11.0   46.422 -118.885    685.2    932.3
     1     1    17     8    27     0     0     0   -12.0   46.414 -118.838    676.5    933.6
     1     1    17     8    26    23     0     0   -13.0   46.425 -118.790    670.7    935.8
     1     1    17     8    26    22     0     0   -14.0   46.461 -118.733    672.8    934.4
     1     1    17     8    26    21     0     0   -15.0   46.470 -118.723    672.0    934.7
     1     1    17     8    26    20     0     0   -16.0   46.456 -118.756    667.9    934.8
     1     1    17     8    26    19     0     0   -17.0   46.445 -118.729    664.2    936.2
     1     1    17     8    26    18     0     0   -18.0   46.473 -118.671    658.4    935.8
     1     1    17     8    26    17     0     0   -19.0   46.538 -118.620    648.8    937.4
     1     1    17     8    26    16     0     0   -20.0   46.610 -118.558    641.4    938.4
     1     1    17     8    26    15     0     0   -21.0   46.682 -118.495    630.7    939.6
     1     1    17     8    26    14     0     0   -22.0   46.711 -118.415    623.8    940.7
     1     1    17     8    26    13     0     0   -23.0   46.715 -118.317    611.8    939.3
     1     1    17     8    26    12     0     0   -24.0   46.732 -118.215    589.9    943.9
     1     1    17     8    26    11     0     0   -25.0   46.735 -118.120    584.2    944.9
     1     1    17     8    26    10     0     0   -26.0   46.744 -118.040    581.0    944.5
     1     1    17     8    26     9     0     0   -27.0   46.768 -117.975    567.5    946.7
     1     1    17     8    26     8     0     0   -28.0   46.784 -117.924    569.4    947.0
