     1     1
    SITE    10     3     1     0     0
     1 BACKWARD OMEGA   
    17     8    18    13   46.392 -119.412   700.0
     1 PRESSURE
     1     1    17     8    18    13     0     0     0.0   46.392 -119.412    700.0    931.4
     1     1    17     8    18    12     0     0    -1.0   46.281 -119.394    696.0    931.9
     1     1    17     8    18    11     0     0    -2.0   46.147 -119.334    647.6    937.6
     1     1    17     8    18    10     0     0    -3.0   46.019 -119.290    640.2    938.7
     1     1    17     8    18     9     0     0    -4.0   45.907 -119.279    643.2    937.9
     1     1    17     8    18     8     0     0    -5.0   45.801 -119.281    647.5    938.5
     1     1    17     8    18     7     0     0    -6.0   45.709 -119.283    664.6    935.4
     1     1    17     8    18     6     0     0    -7.0   45.659 -119.295    665.3    935.5
     1     1    17     8    18     5     0     0    -8.0   45.634 -119.328    664.5    935.7
     1     1    17     8    18     4     0     0    -9.0   45.589 -119.328    651.2    935.7
     1     1    17     8    18     3     0     0   -10.0   45.537 -119.317    635.6    939.4
     1     1    17     8    18     2     0     0   -11.0   45.483 -119.304    626.9    940.9
     1     1    17     8    18     1     0     0   -12.0   45.441 -119.305    620.2    940.5
     1     1    17     8    18     0     0     0   -13.0   45.419 -119.340    620.4    940.9
