     1     1
    SITE    10     3     1     0     0
     1 BACKWARD OMEGA   
    17     8    18     7   46.392 -119.412   700.0
     1 PRESSURE
     1     1    17     8    18     7     0     0     0.0   46.392 -119.412    700.0    931.4
     1     1    17     8    18     6     0     0    -1.0   46.342 -119.422    707.1    930.6
     1     1    17     8    18     5     0     0    -2.0   46.317 -119.455    708.7    930.4
     1     1    17     8    18     4     0     0    -3.0   46.273 -119.453    707.4    930.1
     1     1    17     8    18     3     0     0    -4.0   46.220 -119.442    701.6    931.7
     1     1    17     8    18     2     0     0    -5.0   46.166 -119.431    706.6    931.3
     1     1    17     8    18     1     0     0    -6.0   46.125 -119.430    709.2    930.5
     1     1    17     8    18     0     0     0    -7.0   46.104 -119.464    709.5    930.9
     1     1    17     8    17    23     0     0    -8.0   46.076 -119.522    696.4    929.7
     1     1    17     8    17    22     0     0    -9.0   46.069 -119.610    678.9    936.3
     1     1    17     8    17    21     0     0   -10.0   46.030 -119.682    688.1    933.7
     1     1    17     8    17    20     0     0   -11.0   45.922 -119.697    674.0    934.7
     1     1    17     8    17    19     0     0   -12.0   45.810 -119.662    673.1    935.1
     1     1    17     8    17    18     0     0   -13.0   45.714 -119.568    673.5    933.8
     1     1    17     8    17    17     0     0   -14.0   45.646 -119.421    660.3    935.7
     1     1    17     8    17    16     0     0   -15.0   45.652 -119.251    663.6    936.9
     1     1    17     8    17    15     0     0   -16.0   45.683 -119.098    675.0    934.4
     1     1    17     8    17    14     0     0   -17.0   45.678 -119.092    668.4    934.8
     1     1    17     8    17    13     0     0   -18.0   45.641 -119.176    644.6    938.1
     1     1    17     8    17    12     0     0   -19.0   45.570 -119.179    629.1    939.9
     1     1    17     8    17    11     0     0   -20.0   45.484 -119.132    624.8    940.7
     1     1    17     8    17    10     0     0   -21.0   45.388 -119.060    637.0    938.4
