     1     1
    SITE    10     3     1     0     0
     1 BACKWARD OMEGA   
    17     8    15    22   46.392 -119.412   700.0
     1 PRESSURE
     1     1    17     8    15    22     0     0     0.0   46.392 -119.412    700.0    931.4
     1     1    17     8    15    21     0     0    -1.0   46.354 -119.444    688.7    932.7
     1     1    17     8    15    20     0     0    -2.0   46.253 -119.444    687.4    932.9
     1     1    17     8    15    19     0     0    -3.0   46.151 -119.424    691.1    932.0
     1     1    17     8    15    18     0     0    -4.0   46.060 -119.348    692.3    931.8
     1     1    17     8    15    17     0     0    -5.0   45.966 -119.228    687.7    932.5
     1     1    17     8    15    16     0     0    -6.0   45.869 -119.100    652.8    937.2
     1     1    17     8    15    15     0     0    -7.0   45.780 -119.019    632.1    939.6
     1     1    17     8    15    14     0     0    -8.0   45.723 -118.927    623.9    940.9
     1     1    17     8    15    13     0     0    -9.0   45.685 -118.906    628.2    940.0
     1     1    17     8    15    12     0     0   -10.0   45.624 -118.945    639.0    938.3
     1     1    17     8    15    11     0     0   -11.0   45.580 -118.896    648.2    937.4
     1     1    17     8    15    10     0     0   -12.0   45.567 -118.809    653.6    937.0
     1     1    17     8    15     9     0     0   -13.0   45.542 -118.748    667.1    936.2
     1     1    17     8    15     8     0     0   -14.0   45.504 -118.737    671.2    933.2
     1     1    17     8    15     7     0     0   -15.0   45.475 -118.731    665.4    936.0
     1     1    17     8    15     6     0     0   -16.0   45.451 -118.727    656.5    935.7
     1     1    17     8    15     5     0     0   -17.0   45.429 -118.730    641.8    938.7
