     1     1
    SITE    10     3     1     0     0
     1 BACKWARD OMEGA   
    17     8    24    13   46.392 -119.412   700.0
     1 PRESSURE
     1     1    17     8    24    13     0     0     0.0   46.392 -119.412    700.0    931.4
     1     1    17     8    24    12     0     0    -1.0   46.359 -119.591    708.6    930.4
     1     1    17     8    24    11     0     0    -2.0   46.319 -119.708    715.5    929.5
     1     1    17     8    24    10     0     0    -3.0   46.233 -119.728    701.7    931.0
     1     1    17     8    24     9     0     0    -4.0   46.149 -119.779    701.3    930.8
     1     1    17     8    24     8     0     0    -5.0   46.166 -119.960    719.5    930.4
     1     1    17     8    24     7     0     0    -6.0   46.245 -120.180    746.7    926.3
     1     1    17     8    24     6     0     0    -7.0   46.246 -120.304    759.5    924.7
     1     1    17     8    24     5     0     0    -8.0   46.236 -120.365    757.3    924.8
     1     1    17     8    24     4     0     0    -9.0   46.241 -120.429    745.7    926.2
     1     1    17     8    24     3     0     0   -10.0   46.205 -120.443    737.5    928.7
     1     1    17     8    24     2     0     0   -11.0   46.152 -120.445    740.4    926.8
     1     1    17     8    24     1     0     0   -12.0   46.109 -120.441    738.3    926.5
     1     1    17     8    24     0     0     0   -13.0   46.106 -120.418    732.0    928.0
     1     1    17     8    23    23     0     0   -14.0   46.103 -120.416    725.0    928.3
     1     1    17     8    23    22     0     0   -15.0   46.072 -120.440    726.4    929.5
     1     1    17     8    23    21     0     0   -16.0   46.031 -120.510    724.7    927.3
     1     1    17     8    23    20     0     0   -17.0   45.960 -120.540    713.9    929.1
     1     1    17     8    23    19     0     0   -18.0   45.893 -120.482    700.1    931.3
     1     1    17     8    23    18     0     0   -19.0   45.831 -120.412    686.1    932.8
     1     1    17     8    23    17     0     0   -20.0   45.757 -120.331    682.6    933.4
     1     1    17     8    23    16     0     0   -21.0   45.688 -120.211    690.4    930.9
     1     1    17     8    23    15     0     0   -22.0   45.585 -120.093    674.5    935.1
     1     1    17     8    23    14     0     0   -23.0   45.471 -119.967    662.9    938.2
