     1     1
    SITE    10     3     1     0     0
     1 BACKWARD OMEGA   
    17     8    14     5   46.392 -119.412   700.0
     1 PRESSURE
     1     1    17     8    14     5     0     0     0.0   46.392 -119.412    700.0    931.4
     1     1    17     8    14     4     0     0    -1.0   46.310 -119.412    692.8    932.3
     1     1    17     8    14     3     0     0    -2.0   46.219 -119.411    679.7    933.6
     1     1    17     8    14     2     0     0    -3.0   46.111 -119.416    663.5    935.4
     1     1    17     8    14     1     0     0    -4.0   46.006 -119.427    649.7    937.1
     1     1    17     8    14     0     0     0    -5.0   45.933 -119.400    640.7    938.7
     1     1    17     8    13    23     0     0    -6.0   45.913 -119.452    641.0    938.3
     1     1    17     8    13    22     0     0    -7.0   45.937 -119.632    608.4    939.9
     1     1    17     8    13    21     0     0    -8.0   46.015 -119.847    594.3    943.8
     1     1    17     8    13    20     0     0    -9.0   46.172 -120.107    632.4    940.5
     1     1    17     8    13    19     0     0   -10.0   46.356 -120.379    683.6    934.7
     1     1    17     8    13    18     0     0   -11.0   46.513 -120.609    725.9    929.9
