     1     1
    SITE    10     3     1     0     0
     1 BACKWARD OMEGA   
    17     8    22     7   46.392 -119.412   700.0
     1 PRESSURE
     1     1    17     8    22     7     0     0     0.0   46.392 -119.412    700.0    931.4
     1     1    17     8    22     6     0     0    -1.0   46.373 -119.387    694.6    932.0
     1     1    17     8    22     5     0     0    -2.0   46.369 -119.321    699.0    933.2
     1     1    17     8    22     4     0     0    -3.0   46.397 -119.257    703.4    929.7
     1     1    17     8    22     3     0     0    -4.0   46.442 -119.212    700.4    931.7
     1     1    17     8    22     2     0     0    -5.0   46.464 -119.172    698.8    931.6
     1     1    17     8    22     1     0     0    -6.0   46.449 -119.154    697.0    931.9
     1     1    17     8    22     0     0     0    -7.0   46.429 -119.115    695.8    931.7
     1     1    17     8    21    23     0     0    -8.0   46.438 -119.055    696.5    933.2
     1     1    17     8    21    22     0     0    -9.0   46.454 -119.072    693.6    930.9
     1     1    17     8    21    21     0     0   -10.0   46.449 -119.143    696.0    932.3
     1     1    17     8    21    20     0     0   -11.0   46.418 -119.176    700.7    931.2
     1     1    17     8    21    19     0     0   -12.0   46.418 -119.196    692.2    932.9
     1     1    17     8    21    18     0     0   -13.0   46.485 -119.238    672.1    933.4
     1     1    17     8    21    17     0     0   -14.0   46.517 -119.314    676.0    934.7
     1     1    17     8    21    16     0     0   -15.0   46.543 -119.389    677.2    933.8
     1     1    17     8    21    15     0     0   -16.0   46.547 -119.420    669.0    935.0
     1     1    17     8    21    14     0     0   -17.0   46.486 -119.424    670.8    934.8
     1     1    17     8    21    13     0     0   -18.0   46.470 -119.369    670.1    934.6
     1     1    17     8    21    12     0     0   -19.0   46.462 -119.288    678.1    933.8
     1     1    17     8    21    11     0     0   -20.0   46.441 -119.196    671.4    934.2
     1     1    17     8    21    10     0     0   -21.0   46.456 -119.119    664.8    936.0
     1     1    17     8    21     9     0     0   -22.0   46.474 -119.080    660.7    935.1
     1     1    17     8    21     8     0     0   -23.0   46.471 -119.028    647.3    937.4
     1     1    17     8    21     7     0     0   -24.0   46.467 -118.960    640.5    939.4
     1     1    17     8    21     6     0     0   -25.0   46.474 -118.907    639.9    938.9
     1     1    17     8    21     5     0     0   -26.0   46.479 -118.876    641.4    938.4
     1     1    17     8    21     4     0     0   -27.0   46.464 -118.868    647.0    938.2
     1     1    17     8    21     3     0     0   -28.0   46.434 -118.837    652.8    936.6
     1     1    17     8    21     2     0     0   -29.0   46.404 -118.815    652.1    937.1
     1     1    17     8    21     1     0     0   -30.0   46.386 -118.789    643.6    937.8
     1     1    17     8    21     0     0     0   -31.0   46.353 -118.753    642.0    939.0
     1     1    17     8    20    23     0     0   -32.0   46.306 -118.758    630.9    939.8
     1     1    17     8    20    22     0     0   -33.0   46.312 -118.790    623.1    940.9
     1     1    17     8    20    21     0     0   -34.0   46.354 -118.809    623.4    940.3
     1     1    17     8    20    20     0     0   -35.0   46.354 -118.804    621.1    940.6
     1     1    17     8    20    19     0     0   -36.0   46.316 -118.781    619.7    941.2
     1     1    17     8    20    18     0     0   -37.0   46.280 -118.675    629.1    941.2
     1     1    17     8    20    17     0     0   -38.0   46.248 -118.511    637.6    938.6
     1     1    17     8    20    16     0     0   -39.0   46.229 -118.343    641.0    938.2
     1     1    17     8    20    15     0     0   -40.0   46.203 -118.185    643.2    938.7
     1     1    17     8    20    14     0     0   -41.0   46.133 -118.134    647.7    937.4
     1     1    17     8    20    13     0     0   -42.0   46.051 -118.180    657.8    936.6
     1     1    17     8    20    12     0     0   -43.0   45.987 -118.189    660.8    936.1
     1     1    17     8    20    11     0     0   -44.0   45.934 -118.189    661.5    936.2
     1     1    17     8    20    10     0     0   -45.0   45.880 -118.216    661.1    935.2
     1     1    17     8    20     9     0     0   -46.0   45.835 -118.246    648.4    937.1
     1     1    17     8    20     8     0     0   -47.0   45.782 -118.246    640.1    939.6
     1     1    17     8    20     7     0     0   -48.0   45.710 -118.216    651.3    937.2
     1     1    17     8    20     6     0     0   -49.0   45.634 -118.184    673.6    935.3
     1     1    17     8    20     5     0     0   -50.0   45.553 -118.178    702.0    931.2
     1     1    17     8    20     4     0     0   -51.0   45.463 -118.186    743.7    925.8
