     1     1
    SITE    10     3     1     0     0
     1 BACKWARD OMEGA   
    17     8    26    23   46.392 -119.412   700.0
     1 PRESSURE
     1     1    17     8    26    23     0     0     0.0   46.392 -119.412    700.0    931.4
     1     1    17     8    26    22     0     0    -1.0   46.427 -119.354    697.8    931.7
     1     1    17     8    26    21     0     0    -2.0   46.435 -119.344    695.8    932.3
     1     1    17     8    26    20     0     0    -3.0   46.419 -119.374    701.0    931.6
     1     1    17     8    26    19     0     0    -4.0   46.408 -119.347    700.7    930.3
     1     1    17     8    26    18     0     0    -5.0   46.436 -119.286    688.4    932.4
     1     1    17     8    26    17     0     0    -6.0   46.503 -119.233    674.3    934.4
     1     1    17     8    26    16     0     0    -7.0   46.575 -119.170    674.7    934.3
     1     1    17     8    26    15     0     0    -8.0   46.649 -119.111    677.7    934.1
     1     1    17     8    26    14     0     0    -9.0   46.681 -119.034    679.9    933.7
     1     1    17     8    26    13     0     0   -10.0   46.686 -118.932    673.4    933.8
     1     1    17     8    26    12     0     0   -11.0   46.702 -118.827    669.1    935.4
     1     1    17     8    26    11     0     0   -12.0   46.704 -118.733    664.6    935.1
     1     1    17     8    26    10     0     0   -13.0   46.713 -118.654    650.9    938.1
     1     1    17     8    26     9     0     0   -14.0   46.737 -118.589    654.8    938.5
     1     1    17     8    26     8     0     0   -15.0   46.753 -118.537    666.5    934.6
     1     1    17     8    26     7     0     0   -16.0   46.769 -118.476    664.5    934.9
     1     1    17     8    26     6     0     0   -17.0   46.774 -118.415    666.2    936.9
     1     1    17     8    26     5     0     0   -18.0   46.768 -118.388    672.7    934.0
     1     1    17     8    26     4     0     0   -19.0   46.780 -118.338    678.6    934.6
     1     1    17     8    26     3     0     0   -20.0   46.807 -118.252    701.7    928.6
     1     1    17     8    26     2     0     0   -21.0   46.813 -118.188    701.6    930.9
     1     1    17     8    26     1     0     0   -22.0   46.790 -118.155    703.0    931.1
     1     1    17     8    26     0     0     0   -23.0   46.787 -118.164    699.3    930.9
     1     1    17     8    25    23     0     0   -24.0   46.789 -118.182    692.3    932.4
     1     1    17     8    25    22     0     0   -25.0   46.786 -118.174    686.1    933.0
     1     1    17     8    25    21     0     0   -26.0   46.783 -118.140    681.4    933.6
     1     1    17     8    25    20     0     0   -27.0   46.766 -118.091    683.7    934.0
     1     1    17     8    25    19     0     0   -28.0   46.734 -118.016    694.9    932.4
     1     1    17     8    25    18     0     0   -29.0   46.685 -117.911    717.1    931.0
