     1     1
    SITE    10     3     1     0     0
     1 BACKWARD OMEGA   
    17     8    26     9   46.392 -119.412   700.0
     1 PRESSURE
     1     1    17     8    26     9     0     0     0.0   46.392 -119.412    700.0    931.4
     1     1    17     8    26     8     0     0    -1.0   46.407 -119.360    703.2    931.0
     1     1    17     8    26     7     0     0    -2.0   46.424 -119.300    695.0    931.4
     1     1    17     8    26     6     0     0    -3.0   46.429 -119.238    684.9    934.0
     1     1    17     8    26     5     0     0    -4.0   46.422 -119.212    684.4    933.4
     1     1    17     8    26     4     0     0    -5.0   46.436 -119.161    675.3    933.2
     1     1    17     8    26     3     0     0    -6.0   46.464 -119.076    655.1    938.7
     1     1    17     8    26     2     0     0    -7.0   46.469 -119.014    657.4    937.1
     1     1    17     8    26     1     0     0    -8.0   46.445 -118.981    659.6    935.2
     1     1    17     8    26     0     0     0    -9.0   46.442 -118.991    663.6    937.0
     1     1    17     8    25    23     0     0   -10.0   46.445 -119.010    669.8    934.4
     1     1    17     8    25    22     0     0   -11.0   46.440 -119.003    669.5    935.1
     1     1    17     8    25    21     0     0   -12.0   46.437 -118.970    676.9    934.9
     1     1    17     8    25    20     0     0   -13.0   46.419 -118.922    685.1    932.6
     1     1    17     8    25    19     0     0   -14.0   46.387 -118.844    679.1    932.9
     1     1    17     8    25    18     0     0   -15.0   46.340 -118.736    667.5    936.1
     1     1    17     8    25    17     0     0   -16.0   46.293 -118.629    679.0    933.7
     1     1    17     8    25    16     0     0   -17.0   46.243 -118.518    683.3    932.6
     1     1    17     8    25    15     0     0   -18.0   46.191 -118.394    686.4    933.3
     1     1    17     8    25    14     0     0   -19.0   46.148 -118.277    696.9    930.8
     1     1    17     8    25    13     0     0   -20.0   46.123 -118.164    685.2    933.5
     1     1    17     8    25    12     0     0   -21.0   46.113 -118.044    705.3    931.9
     1     1    17     8    25    11     0     0   -22.0   46.077 -117.988    746.4    926.0
     1     1    17     8    25    10     0     0   -23.0   46.030 -118.027    759.8    924.4
     1     1    17     8    25     9     0     0   -24.0   45.996 -118.045    761.5    923.6
     1     1    17     8    25     8     0     0   -25.0   45.956 -118.037    757.7    924.8
     1     1    17     8    25     7     0     0   -26.0   45.923 -118.016    757.3    925.5
     1     1    17     8    25     6     0     0   -27.0   45.888 -117.975    753.0    924.2
     1     1    17     8    25     5     0     0   -28.0   45.838 -117.962    744.3    926.6
     1     1    17     8    25     4     0     0   -29.0   45.790 -117.974    732.1    926.4
     1     1    17     8    25     3     0     0   -30.0   45.751 -117.994    718.6    929.8
     1     1    17     8    25     2     0     0   -31.0   45.710 -118.027    712.8    930.3
     1     1    17     8    25     1     0     0   -32.0   45.689 -118.076    706.8    930.4
     1     1    17     8    25     0     0     0   -33.0   45.657 -118.116    699.4    931.7
     1     1    17     8    24    23     0     0   -34.0   45.624 -118.162    701.8    931.5
     1     1    17     8    24    22     0     0   -35.0   45.655 -118.293    691.4    930.9
     1     1    17     8    24    21     0     0   -36.0   45.766 -118.494    662.2    935.9
     1     1    17     8    24    20     0     0   -37.0   45.920 -118.723    649.4    936.6
     1     1    17     8    24    19     0     0   -38.0   46.091 -118.966    624.2    940.9
     1     1    17     8    24    18     0     0   -39.0   46.309 -119.235    627.1    940.1
     1     1    17     8    24    17     0     0   -40.0   46.544 -119.540    633.8    938.4
     1     1    17     8    24    16     0     0   -41.0   46.771 -119.837    623.9    939.3
     1     1    17     8    24    15     0     0   -42.0   46.984 -120.093    589.0    944.2
     1     1    17     8    24    14     0     0   -43.0   47.138 -120.296    565.7    945.5
     1     1    17     8    24    13     0     0   -44.0   47.168 -120.476    519.2    951.9
     1     1    17     8    24    12     0     0   -45.0   47.137 -120.653    495.6    954.4
