     1     1
    SITE    10     3     1     0     0
     1 BACKWARD OMEGA   
    17     8    25     9   46.392 -119.412   700.0
     1 PRESSURE
     1     1    17     8    25     9     0     0     0.0   46.392 -119.412    700.0    931.4
     1     1    17     8    25     8     0     0    -1.0   46.351 -119.403    698.8    931.6
     1     1    17     8    25     7     0     0    -2.0   46.317 -119.380    686.3    931.7
     1     1    17     8    25     6     0     0    -3.0   46.283 -119.338    677.1    937.2
     1     1    17     8    25     5     0     0    -4.0   46.234 -119.326    686.8    932.2
     1     1    17     8    25     4     0     0    -5.0   46.186 -119.337    694.5    931.9
     1     1    17     8    25     3     0     0    -6.0   46.147 -119.359    692.3    931.4
     1     1    17     8    25     2     0     0    -7.0   46.106 -119.397    693.9    933.5
     1     1    17     8    25     1     0     0    -8.0   46.083 -119.448    702.2    930.6
     1     1    17     8    25     0     0     0    -9.0   46.053 -119.490    683.6    930.9
     1     1    17     8    24    23     0     0   -10.0   46.020 -119.536    666.2    937.5
     1     1    17     8    24    22     0     0   -11.0   46.055 -119.665    653.8    935.5
     1     1    17     8    24    21     0     0   -12.0   46.166 -119.865    673.2    934.0
     1     1    17     8    24    20     0     0   -13.0   46.314 -120.089    652.2    936.6
     1     1    17     8    24    19     0     0   -14.0   46.491 -120.332    664.4    932.4
     1     1    17     8    24    18     0     0   -15.0   46.708 -120.602    655.0    937.3
