     1     1
    SITE    10     3     1     0     0
     1 BACKWARD OMEGA   
    17     8     9     9   46.392 -119.412   700.0
     1 PRESSURE
     1     1    17     8     9     9     0     0     0.0   46.392 -119.412    700.0    931.4
     1     1    17     8     9     8     0     0    -1.0   46.412 -119.349    697.9    931.7
     1     1    17     8     9     7     0     0    -2.0   46.409 -119.306    700.0    931.4
     1     1    17     8     9     6     0     0    -3.0   46.388 -119.250    704.3    931.1
     1     1    17     8     9     5     0     0    -4.0   46.374 -119.224    708.2    930.5
     1     1    17     8     9     4     0     0    -5.0   46.359 -119.207    699.2    930.0
     1     1    17     8     9     3     0     0    -6.0   46.334 -119.182    692.4    932.8
     1     1    17     8     9     2     0     0    -7.0   46.294 -119.185    681.7    933.0
     1     1    17     8     9     1     0     0    -8.0   46.304 -119.136    674.1    935.2
     1     1    17     8     9     0     0     0    -9.0   46.299 -119.092    686.8    932.4
     1     1    17     8     8    23     0     0   -10.0   46.240 -119.103    673.7    934.6
     1     1    17     8     8    22     0     0   -11.0   46.218 -119.092    669.7    935.9
     1     1    17     8     8    21     0     0   -12.0   46.212 -119.076    669.8    934.9
     1     1    17     8     8    20     0     0   -13.0   46.204 -119.122    660.8    935.1
     1     1    17     8     8    19     0     0   -14.0   46.197 -119.144    655.8    937.7
     1     1    17     8     8    18     0     0   -15.0   46.209 -119.075    652.2    937.2
     1     1    17     8     8    17     0     0   -16.0   46.248 -118.982    649.2    936.2
     1     1    17     8     8    16     0     0   -17.0   46.298 -118.881    643.7    938.3
     1     1    17     8     8    15     0     0   -18.0   46.321 -118.767    657.7    937.0
     1     1    17     8     8    14     0     0   -19.0   46.304 -118.652    669.7    934.8
     1     1    17     8     8    13     0     0   -20.0   46.262 -118.567    668.7    935.0
     1     1    17     8     8    12     0     0   -21.0   46.241 -118.481    680.5    935.7
     1     1    17     8     8    11     0     0   -22.0   46.259 -118.387    700.1    930.8
     1     1    17     8     8    10     0     0   -23.0   46.285 -118.300    696.1    931.4
     1     1    17     8     8     9     0     0   -24.0   46.291 -118.226    697.2    932.6
     1     1    17     8     8     8     0     0   -25.0   46.285 -118.173    696.0    931.2
     1     1    17     8     8     7     0     0   -26.0   46.283 -118.136    695.4    932.8
     1     1    17     8     8     6     0     0   -27.0   46.268 -118.114    699.0    931.3
     1     1    17     8     8     5     0     0   -28.0   46.241 -118.106    700.3    931.4
     1     1    17     8     8     4     0     0   -29.0   46.239 -118.076    703.4    931.3
     1     1    17     8     8     3     0     0   -30.0   46.254 -118.032    713.2    929.8
     1     1    17     8     8     2     0     0   -31.0   46.244 -118.023    719.5    928.6
     1     1    17     8     8     1     0     0   -32.0   46.217 -118.037    714.6    929.1
     1     1    17     8     8     0     0     0   -33.0   46.169 -118.043    710.9    930.8
     1     1    17     8     7    23     0     0   -34.0   46.117 -118.064    715.2    930.1
     1     1    17     8     7    22     0     0   -35.0   46.087 -118.114    706.5    928.2
     1     1    17     8     7    21     0     0   -36.0   46.060 -118.138    694.8    933.5
     1     1    17     8     7    20     0     0   -37.0   46.017 -118.132    694.3    931.0
     1     1    17     8     7    19     0     0   -38.0   45.954 -118.124    679.1    933.2
     1     1    17     8     7    18     0     0   -39.0   45.870 -118.096    684.9    933.7
     1     1    17     8     7    17     0     0   -40.0   45.778 -118.060    705.4    930.6
     1     1    17     8     7    16     0     0   -41.0   45.687 -118.010    719.1    928.7
     1     1    17     8     7    15     0     0   -42.0   45.608 -117.925    720.6    928.4
