     1     1
    SITE    10     3     1     0     0
     1 BACKWARD OMEGA   
    17     8    14     7   46.392 -119.412   700.0
     1 PRESSURE
     1     1    17     8    14     7     0     0     0.0   46.392 -119.412    700.0    931.4
     1     1    17     8    14     6     0     0    -1.0   46.304 -119.397    736.6    927.1
     1     1    17     8    14     5     0     0    -2.0   46.217 -119.389    761.2    925.3
     1     1    17     8    14     4     0     0    -3.0   46.135 -119.387    787.2    921.3
     1     1    17     8    14     3     0     0    -4.0   46.043 -119.384    781.8    921.6
     1     1    17     8    14     2     0     0    -5.0   45.933 -119.389    748.2    925.6
     1     1    17     8    14     1     0     0    -6.0   45.828 -119.405    732.3    927.4
     1     1    17     8    14     0     0     0    -7.0   45.755 -119.380    715.0    929.4
     1     1    17     8    13    23     0     0    -8.0   45.731 -119.432    699.8    932.1
     1     1    17     8    13    22     0     0    -9.0   45.756 -119.615    710.0    931.2
     1     1    17     8    13    21     0     0   -10.0   45.829 -119.832    713.0    929.5
     1     1    17     8    13    20     0     0   -11.0   45.985 -120.102    676.8    934.8
     1     1    17     8    13    19     0     0   -12.0   46.169 -120.370    656.5    937.4
     1     1    17     8    13    18     0     0   -13.0   46.324 -120.597    640.1    939.3
