     1     1
    SITE    10     3     1     0     0
     1 BACKWARD OMEGA   
    17     8    21    21   46.392 -119.412   700.0
     1 PRESSURE
     1     1    17     8    21    21     0     0     0.0   46.392 -119.412    700.0    931.4
     1     1    17     8    21    20     0     0    -1.0   46.360 -119.444    697.2    931.7
     1     1    17     8    21    19     0     0    -2.0   46.359 -119.462    700.7    932.9
     1     1    17     8    21    18     0     0    -3.0   46.426 -119.504    719.8    929.4
     1     1    17     8    21    17     0     0    -4.0   46.459 -119.582    718.1    928.9
     1     1    17     8    21    16     0     0    -5.0   46.486 -119.658    719.9    929.5
     1     1    17     8    21    15     0     0    -6.0   46.490 -119.689    724.8    927.1
     1     1    17     8    21    14     0     0    -7.0   46.428 -119.692    718.9    930.6
     1     1    17     8    21    13     0     0    -8.0   46.409 -119.635    725.2    928.9
     1     1    17     8    21    12     0     0    -9.0   46.399 -119.557    715.5    928.3
     1     1    17     8    21    11     0     0   -10.0   46.377 -119.467    715.4    931.1
     1     1    17     8    21    10     0     0   -11.0   46.391 -119.389    718.3    929.5
     1     1    17     8    21     9     0     0   -12.0   46.408 -119.350    717.0    928.9
     1     1    17     8    21     8     0     0   -13.0   46.406 -119.298    717.7    930.1
     1     1    17     8    21     7     0     0   -14.0   46.402 -119.228    729.6    928.6
     1     1    17     8    21     6     0     0   -15.0   46.409 -119.174    732.3    926.2
     1     1    17     8    21     5     0     0   -16.0   46.413 -119.143    723.3    929.0
     1     1    17     8    21     4     0     0   -17.0   46.400 -119.136    726.6    929.4
     1     1    17     8    21     3     0     0   -18.0   46.368 -119.107    718.4    927.6
     1     1    17     8    21     2     0     0   -19.0   46.337 -119.087    709.1    932.4
     1     1    17     8    21     1     0     0   -20.0   46.321 -119.063    698.8    929.5
     1     1    17     8    21     0     0     0   -21.0   46.289 -119.025    682.6    933.4
     1     1    17     8    20    23     0     0   -22.0   46.241 -119.030    677.1    934.7
     1     1    17     8    20    22     0     0   -23.0   46.247 -119.059    677.5    934.2
     1     1    17     8    20    21     0     0   -24.0   46.288 -119.073    679.8    934.6
     1     1    17     8    20    20     0     0   -25.0   46.286 -119.068    688.7    932.6
     1     1    17     8    20    19     0     0   -26.0   46.248 -119.043    693.9    932.1
     1     1    17     8    20    18     0     0   -27.0   46.211 -118.939    703.3    932.6
     1     1    17     8    20    17     0     0   -28.0   46.179 -118.775    699.2    932.8
     1     1    17     8    20    16     0     0   -29.0   46.156 -118.607    687.4    931.2
     1     1    17     8    20    15     0     0   -30.0   46.126 -118.450    669.4    934.3
     1     1    17     8    20    14     0     0   -31.0   46.055 -118.397    661.9    937.2
     1     1    17     8    20    13     0     0   -32.0   45.972 -118.441    693.0    933.0
     1     1    17     8    20    12     0     0   -33.0   45.907 -118.450    708.9    930.0
     1     1    17     8    20    11     0     0   -34.0   45.853 -118.449    704.1    930.8
     1     1    17     8    20    10     0     0   -35.0   45.800 -118.475    695.8    931.9
     1     1    17     8    20     9     0     0   -36.0   45.754 -118.504    699.2    932.9
     1     1    17     8    20     8     0     0   -37.0   45.703 -118.507    703.7    929.8
     1     1    17     8    20     7     0     0   -38.0   45.633 -118.478    679.5    934.3
     1     1    17     8    20     6     0     0   -39.0   45.557 -118.446    679.6    934.3
     1     1    17     8    20     5     0     0   -40.0   45.474 -118.439    692.5    931.9
     1     1    17     8    20     4     0     0   -41.0   45.386 -118.449    694.0    931.9
