     1     1
    SITE    10     3     1     0     0
     1 BACKWARD OMEGA   
    17     8    15    13   46.392 -119.412   700.0
     1 PRESSURE
     1     1    17     8    15    13     0     0     0.0   46.392 -119.412    700.0    931.4
     1     1    17     8    15    12     0     0    -1.0   46.329 -119.455    693.9    932.1
     1     1    17     8    15    11     0     0    -2.0   46.285 -119.407    695.2    932.3
     1     1    17     8    15    10     0     0    -3.0   46.273 -119.318    692.3    930.9
     1     1    17     8    15     9     0     0    -4.0   46.250 -119.257    682.7    933.8
     1     1    17     8    15     8     0     0    -5.0   46.212 -119.246    681.8    934.4
     1     1    17     8    15     7     0     0    -6.0   46.183 -119.240    684.7    932.9
     1     1    17     8    15     6     0     0    -7.0   46.160 -119.237    682.9    933.1
     1     1    17     8    15     5     0     0    -8.0   46.138 -119.240    681.6    934.0
     1     1    17     8    15     4     0     0    -9.0   46.139 -119.213    679.1    933.4
     1     1    17     8    15     3     0     0   -10.0   46.142 -119.165    672.5    935.3
     1     1    17     8    15     2     0     0   -11.0   46.127 -119.074    668.5    935.1
     1     1    17     8    15     1     0     0   -12.0   46.141 -118.989    665.6    935.4
     1     1    17     8    15     0     0     0   -13.0   46.189 -118.995    648.0    936.3
     1     1    17     8    14    23     0     0   -14.0   46.215 -119.063    645.6    940.6
     1     1    17     8    14    22     0     0   -15.0   46.202 -119.104    655.2    936.8
     1     1    17     8    14    21     0     0   -16.0   46.150 -119.088    663.7    935.5
     1     1    17     8    14    20     0     0   -17.0   46.079 -119.069    670.3    935.0
     1     1    17     8    14    19     0     0   -18.0   46.003 -119.010    665.6    935.2
     1     1    17     8    14    18     0     0   -19.0   45.915 -118.889    638.1    938.6
     1     1    17     8    14    17     0     0   -20.0   45.822 -118.745    610.1    942.9
     1     1    17     8    14    16     0     0   -21.0   45.730 -118.609    617.9    940.8
     1     1    17     8    14    15     0     0   -22.0   45.662 -118.460    610.8    941.9
     1     1    17     8    14    14     0     0   -23.0   45.594 -118.407    618.0    941.9
     1     1    17     8    14    13     0     0   -24.0   45.504 -118.369    639.3    938.3
     1     1    17     8    14    12     0     0   -25.0   45.396 -118.249    629.1    939.6
