     1     1
    SITE    10     3     1     0     0
     1 BACKWARD OMEGA   
    17     8    25    14   46.392 -119.412   700.0
     1 PRESSURE
     1     1    17     8    25    14     0     0     0.0   46.392 -119.412    700.0    931.4
     1     1    17     8    25    13     0     0    -1.0   46.365 -119.299    703.4    931.0
     1     1    17     8    25    12     0     0    -2.0   46.356 -119.180    699.0    932.0
     1     1    17     8    25    11     0     0    -3.0   46.320 -119.126    700.1    930.8
     1     1    17     8    25    10     0     0    -4.0   46.274 -119.164    692.5    932.7
     1     1    17     8    25     9     0     0    -5.0   46.241 -119.181    681.7    933.2
     1     1    17     8    25     8     0     0    -6.0   46.201 -119.173    671.1    934.6
     1     1    17     8    25     7     0     0    -7.0   46.167 -119.152    662.8    936.2
     1     1    17     8    25     6     0     0    -8.0   46.132 -119.109    667.0    935.7
     1     1    17     8    25     5     0     0    -9.0   46.083 -119.095    660.7    934.2
     1     1    17     8    25     4     0     0   -10.0   46.034 -119.107    645.2    939.3
     1     1    17     8    25     3     0     0   -11.0   45.993 -119.130    640.9    938.7
     1     1    17     8    25     2     0     0   -12.0   45.951 -119.167    636.0    938.7
     1     1    17     8    25     1     0     0   -13.0   45.930 -119.219    635.5    940.0
     1     1    17     8    25     0     0     0   -14.0   45.899 -119.258    637.6    938.3
     1     1    17     8    24    23     0     0   -15.0   45.865 -119.301    642.6    937.8
     1     1    17     8    24    22     0     0   -16.0   45.899 -119.435    657.1    939.1
     1     1    17     8    24    21     0     0   -17.0   46.005 -119.641    629.2    940.0
     1     1    17     8    24    20     0     0   -18.0   46.157 -119.872    641.8    938.8
     1     1    17     8    24    19     0     0   -19.0   46.333 -120.117    616.6    940.8
     1     1    17     8    24    18     0     0   -20.0   46.557 -120.392    602.5    943.5
     1     1    17     8    24    17     0     0   -21.0   46.789 -120.689    612.6    942.2
