     1     1
    SITE    10     3     1     0     0
     1 BACKWARD OMEGA   
    17     8     3    20   46.392 -119.412   700.0
     1 PRESSURE
     1     1    17     8     3    20     0     0     0.0   46.392 -119.412    700.0    931.4
     1     1    17     8     3    19     0     0    -1.0   46.289 -119.428    690.5    932.5
     1     1    17     8     3    18     0     0    -2.0   46.193 -119.404    702.9    931.5
     1     1    17     8     3    17     0     0    -3.0   46.152 -119.297    722.1    928.5
     1     1    17     8     3    16     0     0    -4.0   46.185 -119.165    720.7    929.9
     1     1    17     8     3    15     0     0    -5.0   46.229 -119.060    738.6    926.7
     1     1    17     8     3    14     0     0    -6.0   46.203 -119.002    761.0    925.0
     1     1    17     8     3    13     0     0    -7.0   46.196 -118.961    785.5    921.6
     1     1    17     8     3    12     0     0    -8.0   46.258 -118.888    799.3    919.5
     1     1    17     8     3    11     0     0    -9.0   46.290 -118.930    804.0    919.4
     1     1    17     8     3    10     0     0   -10.0   46.257 -119.014    798.1    919.8
     1     1    17     8     3     9     0     0   -11.0   46.198 -119.016    785.9    922.0
     1     1    17     8     3     8     0     0   -12.0   46.163 -118.986    777.6    921.9
     1     1    17     8     3     7     0     0   -13.0   46.139 -118.956    769.5    924.2
     1     1    17     8     3     6     0     0   -14.0   46.134 -118.960    768.1    923.4
     1     1    17     8     3     5     0     0   -15.0   46.129 -118.971    767.1    923.8
     1     1    17     8     3     4     0     0   -16.0   46.142 -118.935    772.8    923.8
     1     1    17     8     3     3     0     0   -17.0   46.200 -118.882    780.6    922.5
     1     1    17     8     3     2     0     0   -18.0   46.265 -118.849    784.5    921.3
     1     1    17     8     3     1     0     0   -19.0   46.293 -118.786    793.1    921.9
     1     1    17     8     3     0     0     0   -20.0   46.271 -118.752    796.1    920.7
     1     1    17     8     2    23     0     0   -21.0   46.248 -118.723    807.3    920.2
     1     1    17     8     2    22     0     0   -22.0   46.218 -118.681    835.5    915.0
     1     1    17     8     2    21     0     0   -23.0   46.217 -118.696    836.3    914.9
     1     1    17     8     2    20     0     0   -24.0   46.231 -118.671    843.2    916.0
     1     1    17     8     2    19     0     0   -25.0   46.261 -118.642    854.3    913.3
     1     1    17     8     2    18     0     0   -26.0   46.359 -118.644    853.2    914.5
     1     1    17     8     2    17     0     0   -27.0   46.498 -118.600    843.0    916.0
     1     1    17     8     2    16     0     0   -28.0   46.646 -118.512    847.8    915.2
     1     1    17     8     2    15     0     0   -29.0   46.778 -118.403    870.3    912.7
     1     1    17     8     2    14     0     0   -30.0   46.902 -118.301    857.9    914.9
     1     1    17     8     2    13     0     0   -31.0   47.029 -118.211    872.4    912.2
     1     1    17     8     2    12     0     0   -32.0   47.090 -118.056    909.0    909.7
     1     1    17     8     2    11     0     0   -33.0   47.170 -117.917    920.5    907.2
