     1     1
    SITE    10     3     1     0     0
     1 BACKWARD OMEGA   
    17     8    12     6   46.392 -119.412   700.0
     1 PRESSURE
     1     1    17     8    12     6     0     0     0.0   46.392 -119.412    700.0    931.4
     1     1    17     8    12     5     0     0    -1.0   46.297 -119.411    673.2    934.6
     1     1    17     8    12     4     0     0    -2.0   46.183 -119.382    645.0    937.5
     1     1    17     8    12     3     0     0    -3.0   46.084 -119.379    625.4    940.1
     1     1    17     8    12     2     0     0    -4.0   46.020 -119.423    606.9    942.4
     1     1    17     8    12     1     0     0    -5.0   45.973 -119.447    598.8    943.1
     1     1    17     8    12     0     0     0    -6.0   45.915 -119.427    588.4    943.5
     1     1    17     8    11    23     0     0    -7.0   45.871 -119.389    580.6    945.8
     1     1    17     8    11    22     0     0    -8.0   45.824 -119.356    579.5    944.8
     1     1    17     8    11    21     0     0    -9.0   45.736 -119.329    568.8    946.2
     1     1    17     8    11    20     0     0   -10.0   45.622 -119.362    576.1    946.1
     1     1    17     8    11    19     0     0   -11.0   45.509 -119.448    597.3    942.7
     1     1    17     8    11    18     0     0   -12.0   45.413 -119.490    583.2    944.6
