     1     1
    SITE    10     3     1     0     0
     1 BACKWARD OMEGA   
    17     8     3    11   46.392 -119.412   700.0
     1 PRESSURE
     1     1    17     8     3    11     0     0     0.0   46.392 -119.412    700.0    931.4
     1     1    17     8     3    10     0     0    -1.0   46.357 -119.495    722.6    928.8
     1     1    17     8     3     9     0     0    -2.0   46.298 -119.498    736.3    927.3
     1     1    17     8     3     8     0     0    -3.0   46.263 -119.468    750.3    925.6
     1     1    17     8     3     7     0     0    -4.0   46.238 -119.438    759.5    924.1
     1     1    17     8     3     6     0     0    -5.0   46.233 -119.441    761.3    924.1
     1     1    17     8     3     5     0     0    -6.0   46.229 -119.451    758.5    924.5
     1     1    17     8     3     4     0     0    -7.0   46.241 -119.416    753.9    924.8
     1     1    17     8     3     3     0     0    -8.0   46.300 -119.365    741.7    925.6
     1     1    17     8     3     2     0     0    -9.0   46.365 -119.333    737.4    928.5
     1     1    17     8     3     1     0     0   -10.0   46.394 -119.271    742.1    926.3
     1     1    17     8     3     0     0     0   -11.0   46.372 -119.237    737.0    927.3
     1     1    17     8     2    23     0     0   -12.0   46.351 -119.207    745.5    927.4
     1     1    17     8     2    22     0     0   -13.0   46.321 -119.166    747.0    924.5
     1     1    17     8     2    21     0     0   -14.0   46.320 -119.181    748.5    927.2
     1     1    17     8     2    20     0     0   -15.0   46.335 -119.156    752.4    924.7
     1     1    17     8     2    19     0     0   -16.0   46.366 -119.129    757.1    925.8
     1     1    17     8     2    18     0     0   -17.0   46.464 -119.134    764.7    924.7
     1     1    17     8     2    17     0     0   -18.0   46.604 -119.091    743.2    925.6
     1     1    17     8     2    16     0     0   -19.0   46.750 -119.003    723.1    927.8
     1     1    17     8     2    15     0     0   -20.0   46.883 -118.893    710.9    930.5
     1     1    17     8     2    14     0     0   -21.0   47.004 -118.787    695.9    932.0
     1     1    17     8     2    13     0     0   -22.0   47.131 -118.694    664.5    935.2
     1     1    17     8     2    12     0     0   -23.0   47.194 -118.542    662.8    936.2
     1     1    17     8     2    11     0     0   -24.0   47.272 -118.401    683.4    933.8
