     1     1
    SITE    10     3     1     0     0
     1 BACKWARD OMEGA   
    17     8     5     1   46.392 -119.412   700.0
     1 PRESSURE
     1     1    17     8     5     1     0     0     0.0   46.392 -119.412    700.0    931.4
     1     1    17     8     5     0     0     0    -1.0   46.406 -119.367    717.5    929.4
     1     1    17     8     4    23     0     0    -2.0   46.462 -119.323    740.6    924.6
     1     1    17     8     4    22     0     0    -3.0   46.491 -119.264    741.4    926.6
     1     1    17     8     4    21     0     0    -4.0   46.486 -119.265    749.4    925.4
     1     1    17     8     4    20     0     0    -5.0   46.505 -119.330    761.9    924.6
     1     1    17     8     4    19     0     0    -6.0   46.512 -119.321    774.8    922.1
     1     1    17     8     4    18     0     0    -7.0   46.536 -119.238    775.0    923.5
     1     1    17     8     4    17     0     0    -8.0   46.606 -119.126    795.7    920.9
     1     1    17     8     4    16     0     0    -9.0   46.672 -119.002    813.4    919.1
     1     1    17     8     4    15     0     0   -10.0   46.706 -118.894    825.2    917.2
     1     1    17     8     4    14     0     0   -11.0   46.728 -118.885    832.8    916.7
     1     1    17     8     4    13     0     0   -12.0   46.724 -118.955    853.2    914.8
     1     1    17     8     4    12     0     0   -13.0   46.683 -119.033    863.8    914.8
     1     1    17     8     4    11     0     0   -14.0   46.709 -119.092    875.1    911.0
     1     1    17     8     4    10     0     0   -15.0   46.825 -119.122    836.9    915.5
     1     1    17     8     4     9     0     0   -16.0   46.937 -119.158    814.6    919.0
     1     1    17     8     4     8     0     0   -17.0   46.968 -119.203    816.2    918.3
     1     1    17     8     4     7     0     0   -18.0   46.957 -119.241    817.9    918.4
     1     1    17     8     4     6     0     0   -19.0   46.938 -119.249    815.7    917.7
     1     1    17     8     4     5     0     0   -20.0   46.925 -119.276    820.6    919.5
     1     1    17     8     4     4     0     0   -21.0   46.890 -119.307    845.6    916.1
     1     1    17     8     4     3     0     0   -22.0   46.827 -119.278    856.2    913.6
     1     1    17     8     4     2     0     0   -23.0   46.772 -119.257    868.1    914.6
     1     1    17     8     4     1     0     0   -24.0   46.714 -119.261    880.5    910.4
     1     1    17     8     4     0     0     0   -25.0   46.660 -119.253    878.0    911.6
     1     1    17     8     3    23     0     0   -26.0   46.602 -119.260    869.7    912.2
     1     1    17     8     3    22     0     0   -27.0   46.533 -119.271    878.0    912.0
     1     1    17     8     3    21     0     0   -28.0   46.458 -119.236    892.4    910.6
     1     1    17     8     3    20     0     0   -29.0   46.365 -119.217    888.0    910.2
     1     1    17     8     3    19     0     0   -30.0   46.262 -119.236    880.1    911.7
     1     1    17     8     3    18     0     0   -31.0   46.167 -119.213    897.8    910.5
     1     1    17     8     3    17     0     0   -32.0   46.127 -119.106    913.3    908.3
     1     1    17     8     3    16     0     0   -33.0   46.161 -118.976    917.5    907.2
     1     1    17     8     3    15     0     0   -34.0   46.206 -118.870    931.5    907.1
     1     1    17     8     3    14     0     0   -35.0   46.182 -118.812    950.8    903.0
     1     1    17     8     3    13     0     0   -36.0   46.174 -118.771    943.6    905.0
     1     1    17     8     3    12     0     0   -37.0   46.236 -118.696    938.5    904.2
     1     1    17     8     3    11     0     0   -38.0   46.268 -118.736    921.1    907.1
     1     1    17     8     3    10     0     0   -39.0   46.235 -118.821    940.5    905.7
     1     1    17     8     3     9     0     0   -40.0   46.175 -118.823    957.6    902.9
     1     1    17     8     3     8     0     0   -41.0   46.140 -118.794    947.9    902.9
     1     1    17     8     3     7     0     0   -42.0   46.115 -118.763    938.1    906.7
     1     1    17     8     3     6     0     0   -43.0   46.111 -118.766    940.1    905.8
     1     1    17     8     3     5     0     0   -44.0   46.106 -118.777    942.2    904.4
     1     1    17     8     3     4     0     0   -45.0   46.118 -118.741    943.3    905.8
     1     1    17     8     3     3     0     0   -46.0   46.175 -118.689    925.9    906.2
     1     1    17     8     3     2     0     0   -47.0   46.241 -118.658    928.3    909.2
     1     1    17     8     3     1     0     0   -48.0   46.269 -118.596    936.3    903.5
     1     1    17     8     3     0     0     0   -49.0   46.247 -118.562    924.8    907.9
     1     1    17     8     2    23     0     0   -50.0   46.225 -118.534    913.3    908.0
     1     1    17     8     2    22     0     0   -51.0   46.195 -118.493    914.6    908.8
     1     1    17     8     2    21     0     0   -52.0   46.193 -118.508    899.6    907.0
     1     1    17     8     2    20     0     0   -53.0   46.208 -118.484    898.2    912.3
     1     1    17     8     2    19     0     0   -54.0   46.237 -118.456    901.5    909.0
     1     1    17     8     2    18     0     0   -55.0   46.335 -118.458    881.9    910.3
     1     1    17     8     2    17     0     0   -56.0   46.474 -118.413    866.7    912.8
     1     1    17     8     2    16     0     0   -57.0   46.621 -118.328    868.0    913.5
     1     1    17     8     2    15     0     0   -58.0   46.753 -118.218    893.4    910.2
     1     1    17     8     2    14     0     0   -59.0   46.876 -118.115    911.8    907.8
     1     1    17     8     2    13     0     0   -60.0   47.003 -118.025    934.1    906.1
     1     1    17     8     2    12     0     0   -61.0   47.064 -117.871    929.3    905.3
