     1     1
    SITE    10     3     1     0     0
     1 BACKWARD OMEGA   
    17     8    24     1   46.392 -119.412   700.0
     1 PRESSURE
     1     1    17     8    24     1     0     0     0.0   46.392 -119.412    700.0    931.4
     1     1    17     8    24     0     0     0    -1.0   46.389 -119.389    706.0    930.7
     1     1    17     8    23    23     0     0    -2.0   46.387 -119.386    697.5    930.2
     1     1    17     8    23    22     0     0    -3.0   46.355 -119.410    691.8    932.6
     1     1    17     8    23    21     0     0    -4.0   46.315 -119.479    689.9    932.8
     1     1    17     8    23    20     0     0    -5.0   46.247 -119.510    689.7    932.3
     1     1    17     8    23    19     0     0    -6.0   46.181 -119.451    681.4    933.6
     1     1    17     8    23    18     0     0    -7.0   46.121 -119.381    658.2    936.0
     1     1    17     8    23    17     0     0    -8.0   46.047 -119.301    653.9    937.4
     1     1    17     8    23    16     0     0    -9.0   45.977 -119.178    663.9    934.9
     1     1    17     8    23    15     0     0   -10.0   45.875 -119.059    629.3    937.6
     1     1    17     8    23    14     0     0   -11.0   45.759 -118.937    593.1    944.0
     1     1    17     8    23    13     0     0   -12.0   45.630 -118.813    573.4    946.0
     1     1    17     8    23    12     0     0   -13.0   45.466 -118.700    590.0    943.8
