     1     1
    SITE    10     3     1     0     0
     1 BACKWARD OMEGA   
    17     8     5     5   46.392 -119.412   700.0
     1 PRESSURE
     1     1    17     8     5     5     0     0     0.0   46.392 -119.412    700.0    931.4
     1     1    17     8     5     4     0     0    -1.0   46.425 -119.339    686.8    933.0
     1     1    17     8     5     3     0     0    -2.0   46.424 -119.284    681.1    935.1
     1     1    17     8     5     2     0     0    -3.0   46.385 -119.257    681.9    933.7
     1     1    17     8     5     1     0     0    -4.0   46.352 -119.224    676.2    933.4
     1     1    17     8     5     0     0     0    -5.0   46.366 -119.177    655.8    935.3
     1     1    17     8     4    23     0     0    -6.0   46.422 -119.130    646.9    939.5
     1     1    17     8     4    22     0     0    -7.0   46.449 -119.071    648.8    937.2
     1     1    17     8     4    21     0     0    -8.0   46.443 -119.073    641.4    938.3
     1     1    17     8     4    20     0     0    -9.0   46.462 -119.141    643.1    938.2
     1     1    17     8     4    19     0     0   -10.0   46.468 -119.134    626.8    938.3
     1     1    17     8     4    18     0     0   -11.0   46.492 -119.052    615.7    941.4
     1     1    17     8     4    17     0     0   -12.0   46.561 -118.940    638.7    938.9
     1     1    17     8     4    16     0     0   -13.0   46.624 -118.816    650.5    936.7
     1     1    17     8     4    15     0     0   -14.0   46.656 -118.709    648.1    937.4
     1     1    17     8     4    14     0     0   -15.0   46.677 -118.704    656.1    937.1
     1     1    17     8     4    13     0     0   -16.0   46.670 -118.779    672.9    933.9
     1     1    17     8     4    12     0     0   -17.0   46.627 -118.858    684.5    932.6
     1     1    17     8     4    11     0     0   -18.0   46.651 -118.920    693.1    932.1
     1     1    17     8     4    10     0     0   -19.0   46.769 -118.946    712.5    930.3
     1     1    17     8     4     9     0     0   -20.0   46.880 -118.981    697.3    932.8
     1     1    17     8     4     8     0     0   -21.0   46.912 -119.028    700.0    931.3
     1     1    17     8     4     7     0     0   -22.0   46.901 -119.065    701.5    930.8
     1     1    17     8     4     6     0     0   -23.0   46.882 -119.072    701.7    931.5
     1     1    17     8     4     5     0     0   -24.0   46.869 -119.098    702.5    930.8
     1     1    17     8     4     4     0     0   -25.0   46.834 -119.128    697.2    931.2
     1     1    17     8     4     3     0     0   -26.0   46.769 -119.103    699.0    932.0
     1     1    17     8     4     2     0     0   -27.0   46.712 -119.084    710.5    929.3
     1     1    17     8     4     1     0     0   -28.0   46.655 -119.087    705.3    929.1
     1     1    17     8     4     0     0     0   -29.0   46.601 -119.077    689.5    933.0
     1     1    17     8     3    23     0     0   -30.0   46.543 -119.082    675.4    934.4
     1     1    17     8     3    22     0     0   -31.0   46.475 -119.090    674.3    934.3
     1     1    17     8     3    21     0     0   -32.0   46.399 -119.057    662.6    935.8
     1     1    17     8     3    20     0     0   -33.0   46.305 -119.040    662.1    935.6
     1     1    17     8     3    19     0     0   -34.0   46.201 -119.058    653.7    936.7
     1     1    17     8     3    18     0     0   -35.0   46.106 -119.035    635.7    938.0
     1     1    17     8     3    17     0     0   -36.0   46.069 -118.928    610.9    942.5
     1     1    17     8     3    16     0     0   -37.0   46.109 -118.799    610.9    941.6
     1     1    17     8     3    15     0     0   -38.0   46.156 -118.694    607.8    942.1
     1     1    17     8     3    14     0     0   -39.0   46.133 -118.636    600.4    943.0
     1     1    17     8     3    13     0     0   -40.0   46.125 -118.596    599.9    943.2
     1     1    17     8     3    12     0     0   -41.0   46.186 -118.522    594.5    942.0
     1     1    17     8     3    11     0     0   -42.0   46.219 -118.560    576.2    945.6
     1     1    17     8     3    10     0     0   -43.0   46.187 -118.646    570.3    946.6
     1     1    17     8     3     9     0     0   -44.0   46.126 -118.648    577.6    945.2
     1     1    17     8     3     8     0     0   -45.0   46.089 -118.619    581.7    944.7
     1     1    17     8     3     7     0     0   -46.0   46.063 -118.590    578.0    944.7
     1     1    17     8     3     6     0     0   -47.0   46.059 -118.593    574.2    946.1
     1     1    17     8     3     5     0     0   -48.0   46.055 -118.604    573.9    945.6
     1     1    17     8     3     4     0     0   -49.0   46.067 -118.567    569.8    945.7
     1     1    17     8     3     3     0     0   -50.0   46.124 -118.512    567.2    945.5
     1     1    17     8     3     2     0     0   -51.0   46.190 -118.480    558.2    947.8
     1     1    17     8     3     1     0     0   -52.0   46.220 -118.420    562.7    947.0
     1     1    17     8     3     0     0     0   -53.0   46.200 -118.386    570.7    946.0
     1     1    17     8     2    23     0     0   -54.0   46.179 -118.359    576.0    945.2
     1     1    17     8     2    22     0     0   -55.0   46.148 -118.317    574.9    945.7
     1     1    17     8     2    21     0     0   -56.0   46.146 -118.332    591.0    944.8
     1     1    17     8     2    20     0     0   -57.0   46.161 -118.306    621.4    938.8
     1     1    17     8     2    19     0     0   -58.0   46.188 -118.278    654.8    939.3
     1     1    17     8     2    18     0     0   -59.0   46.284 -118.281    652.9    936.6
     1     1    17     8     2    17     0     0   -60.0   46.422 -118.235    624.8    940.0
     1     1    17     8     2    16     0     0   -61.0   46.565 -118.149    630.9    939.4
     1     1    17     8     2    15     0     0   -62.0   46.696 -118.040    606.0    942.5
     1     1    17     8     2    14     0     0   -63.0   46.818 -117.936    620.3    941.0
