     1     1
    SITE    10     3     1     0     0
     1 BACKWARD OMEGA   
    17     8    14    20   46.392 -119.412   700.0
     1 PRESSURE
     1     1    17     8    14    20     0     0     0.0   46.392 -119.412    700.0    931.4
     1     1    17     8    14    19     0     0    -1.0   46.315 -119.352    720.1    929.1
     1     1    17     8    14    18     0     0    -2.0   46.225 -119.229    737.2    927.5
     1     1    17     8    14    17     0     0    -3.0   46.133 -119.085    749.6    925.8
     1     1    17     8    14    16     0     0    -4.0   46.041 -118.945    746.7    926.0
     1     1    17     8    14    15     0     0    -5.0   45.971 -118.792    742.5    928.4
     1     1    17     8    14    14     0     0    -6.0   45.905 -118.744    759.5    924.3
     1     1    17     8    14    13     0     0    -7.0   45.817 -118.707    754.7    923.9
     1     1    17     8    14    12     0     0    -8.0   45.712 -118.587    737.6    926.8
     1     1    17     8    14    11     0     0    -9.0   45.589 -118.548    717.3    929.6
     1     1    17     8    14    10     0     0   -10.0   45.474 -118.545    722.5    928.0
