     1     1
    SITE    10     3     1     0     0
     1 BACKWARD OMEGA   
    17     8     2    11   46.392 -119.412   700.0
     1 PRESSURE
     1     1    17     8     2    11     0     0     0.0   46.392 -119.412    700.0    931.4
     1     1    17     8     2    10     0     0    -1.0   46.576 -119.366    716.9    929.6
     1     1    17     8     2     9     0     0    -2.0   46.566 -119.358    724.9    927.9
     1     1    17     8     2     8     0     0    -3.0   46.544 -119.371    763.9    923.8
     1     1    17     8     2     7     0     0    -4.0   46.654 -119.362    765.8    924.1
     1     1    17     8     2     6     0     0    -5.0   46.701 -119.332    767.1    923.7
     1     1    17     8     2     5     0     0    -6.0   46.692 -119.316    765.7    923.8
     1     1    17     8     2     4     0     0    -7.0   46.659 -119.261    749.3    927.0
     1     1    17     8     2     3     0     0    -8.0   46.705 -119.243    734.4    927.8
     1     1    17     8     2     2     0     0    -9.0   46.750 -119.340    726.5    928.0
     1     1    17     8     2     1     0     0   -10.0   46.728 -119.447    712.1    929.8
     1     1    17     8     2     0     0     0   -11.0   46.713 -119.523    694.4    932.2
     1     1    17     8     1    23     0     0   -12.0   46.714 -119.593    684.5    933.6
     1     1    17     8     1    22     0     0   -13.0   46.747 -119.601    676.9    934.1
     1     1    17     8     1    21     0     0   -14.0   46.810 -119.615    685.1    933.2
     1     1    17     8     1    20     0     0   -15.0   46.859 -119.671    700.4    931.4
     1     1    17     8     1    19     0     0   -16.0   46.869 -119.640    693.0    930.3
     1     1    17     8     1    18     0     0   -17.0   46.889 -119.538    671.0    936.5
     1     1    17     8     1    17     0     0   -18.0   46.965 -119.391    649.4    937.0
     1     1    17     8     1    16     0     0   -19.0   47.039 -119.201    637.0    939.9
     1     1    17     8     1    15     0     0   -20.0   47.099 -118.994    646.9    938.1
     1     1    17     8     1    14     0     0   -21.0   47.168 -118.854    667.8    935.2
     1     1    17     8     1    13     0     0   -22.0   47.209 -118.753    669.8    934.8
     1     1    17     8     1    12     0     0   -23.0   47.198 -118.743    682.1    933.7
     1     1    17     8     1    11     0     0   -24.0   47.149 -118.805    687.0    933.1
     1     1    17     8     1    10     0     0   -25.0   47.066 -118.802    708.3    930.7
     1     1    17     8     1     9     0     0   -26.0   47.002 -118.789    712.9    929.6
     1     1    17     8     1     8     0     0   -27.0   46.959 -118.783    697.7    931.4
     1     1    17     8     1     7     0     0   -28.0   46.923 -118.770    682.0    934.3
     1     1    17     8     1     6     0     0   -29.0   46.907 -118.774    676.1    934.7
     1     1    17     8     1     5     0     0   -30.0   46.897 -118.780    675.5    934.3
     1     1    17     8     1     4     0     0   -31.0   46.899 -118.750    669.6    934.5
     1     1    17     8     1     3     0     0   -32.0   46.901 -118.723    665.6    935.8
     1     1    17     8     1     2     0     0   -33.0   46.887 -118.696    671.5    935.5
     1     1    17     8     1     1     0     0   -34.0   46.857 -118.658    675.1    933.7
     1     1    17     8     1     0     0     0   -35.0   46.845 -118.607    666.7    934.6
     1     1    17     7    31    23     0     0   -36.0   46.857 -118.598    664.4    936.3
     1     1    17     7    31    22     0     0   -37.0   46.830 -118.614    669.9    935.8
     1     1    17     7    31    21     0     0   -38.0   46.818 -118.611    673.3    933.5
     1     1    17     7    31    20     0     0   -39.0   46.821 -118.636    671.6    934.8
     1     1    17     7    31    19     0     0   -40.0   46.761 -118.661    661.9    934.5
     1     1    17     7    31    18     0     0   -41.0   46.673 -118.619    656.1    936.6
     1     1    17     7    31    17     0     0   -42.0   46.647 -118.522    657.4    936.3
     1     1    17     7    31    16     0     0   -43.0   46.674 -118.422    673.1    936.1
     1     1    17     7    31    15     0     0   -44.0   46.682 -118.300    693.8    931.6
     1     1    17     7    31    14     0     0   -45.0   46.653 -118.192    689.1    932.8
     1     1    17     7    31    13     0     0   -46.0   46.643 -118.102    690.9    932.6
     1     1    17     7    31    12     0     0   -47.0   46.632 -117.998    695.0    932.1
     1     1    17     7    31    11     0     0   -48.0   46.629 -117.892    699.0    931.4
