     1     1
    SITE    10     3     1     0     0
     1 BACKWARD OMEGA   
    17     8    22     5   46.392 -119.412   700.0
     1 PRESSURE
     1     1    17     8    22     5     0     0     0.0   46.392 -119.412    700.0    931.4
     1     1    17     8    22     4     0     0    -1.0   46.421 -119.348    708.3    930.4
     1     1    17     8    22     3     0     0    -2.0   46.467 -119.303    707.9    930.1
     1     1    17     8    22     2     0     0    -3.0   46.489 -119.262    705.2    930.9
     1     1    17     8    22     1     0     0    -4.0   46.474 -119.242    707.8    931.1
     1     1    17     8    22     0     0     0    -5.0   46.454 -119.204    717.4    929.5
     1     1    17     8    21    23     0     0    -6.0   46.463 -119.145    719.6    928.9
     1     1    17     8    21    22     0     0    -7.0   46.478 -119.163    715.1    929.1
     1     1    17     8    21    21     0     0    -8.0   46.473 -119.236    721.5    929.2
     1     1    17     8    21    20     0     0    -9.0   46.442 -119.269    734.8    927.9
     1     1    17     8    21    19     0     0   -10.0   46.442 -119.287    746.0    925.4
     1     1    17     8    21    18     0     0   -11.0   46.509 -119.328    732.1    926.6
     1     1    17     8    21    17     0     0   -12.0   46.542 -119.403    737.4    927.2
     1     1    17     8    21    16     0     0   -13.0   46.569 -119.479    737.3    927.4
     1     1    17     8    21    15     0     0   -14.0   46.573 -119.511    735.1    926.1
     1     1    17     8    21    14     0     0   -15.0   46.513 -119.513    736.5    926.9
     1     1    17     8    21    13     0     0   -16.0   46.496 -119.456    732.5    926.9
     1     1    17     8    21    12     0     0   -17.0   46.487 -119.376    745.2    926.2
     1     1    17     8    21    11     0     0   -18.0   46.466 -119.284    743.6    924.8
     1     1    17     8    21    10     0     0   -19.0   46.481 -119.207    744.5    926.3
     1     1    17     8    21     9     0     0   -20.0   46.499 -119.168    740.7    926.0
     1     1    17     8    21     8     0     0   -21.0   46.496 -119.115    725.0    927.8
     1     1    17     8    21     7     0     0   -22.0   46.491 -119.046    717.5    930.5
     1     1    17     8    21     6     0     0   -23.0   46.498 -118.992    718.1    929.3
     1     1    17     8    21     5     0     0   -24.0   46.502 -118.961    724.1    929.4
     1     1    17     8    21     4     0     0   -25.0   46.489 -118.953    736.5    927.1
     1     1    17     8    21     3     0     0   -26.0   46.459 -118.924    745.2    925.9
     1     1    17     8    21     2     0     0   -27.0   46.428 -118.903    743.0    925.6
     1     1    17     8    21     1     0     0   -28.0   46.412 -118.877    730.1    927.7
     1     1    17     8    21     0     0     0   -29.0   46.379 -118.841    728.1    929.3
     1     1    17     8    20    23     0     0   -30.0   46.332 -118.847    710.6    929.1
     1     1    17     8    20    22     0     0   -31.0   46.338 -118.879    702.0    933.4
     1     1    17     8    20    21     0     0   -32.0   46.378 -118.895    711.6    930.2
     1     1    17     8    20    20     0     0   -33.0   46.378 -118.890    713.2    929.4
     1     1    17     8    20    19     0     0   -34.0   46.340 -118.865    718.7    930.3
     1     1    17     8    20    18     0     0   -35.0   46.304 -118.758    722.1    928.2
     1     1    17     8    20    17     0     0   -36.0   46.270 -118.593    740.7    927.2
     1     1    17     8    20    16     0     0   -37.0   46.249 -118.424    757.9    924.9
     1     1    17     8    20    15     0     0   -38.0   46.223 -118.266    752.6    925.5
     1     1    17     8    20    14     0     0   -39.0   46.155 -118.212    759.2    924.9
     1     1    17     8    20    13     0     0   -40.0   46.073 -118.258    786.9    921.9
     1     1    17     8    20    12     0     0   -41.0   46.008 -118.268    808.7    918.9
     1     1    17     8    20    11     0     0   -42.0   45.955 -118.267    808.9    918.8
     1     1    17     8    20    10     0     0   -43.0   45.902 -118.294    795.5    920.6
     1     1    17     8    20     9     0     0   -44.0   45.858 -118.326    780.0    922.3
     1     1    17     8    20     8     0     0   -45.0   45.807 -118.327    767.8    923.9
     1     1    17     8    20     7     0     0   -46.0   45.736 -118.295    778.7    922.6
     1     1    17     8    20     6     0     0   -47.0   45.660 -118.263    804.6    920.0
     1     1    17     8    20     5     0     0   -48.0   45.579 -118.256    831.3    916.4
     1     1    17     8    20     4     0     0   -49.0   45.490 -118.264    855.7    914.0
     1     1    17     8    20     3     0     0   -50.0   45.398 -118.252    869.1    912.7
