     1     1
    SITE    10     3     1     0     0
     1 BACKWARD OMEGA   
    17     8    19    22   46.392 -119.412   700.0
     1 PRESSURE
     1     1    17     8    19    22     0     0     0.0   46.392 -119.412    700.0    931.4
     1     1    17     8    19    21     0     0    -1.0   46.489 -119.440    696.2    931.9
     1     1    17     8    19    20     0     0    -2.0   46.535 -119.536    693.5    932.3
     1     1    17     8    19    19     0     0    -3.0   46.481 -119.570    709.5    930.6
     1     1    17     8    19    18     0     0    -4.0   46.379 -119.494    702.7    931.7
     1     1    17     8    19    17     0     0    -5.0   46.270 -119.387    704.8    928.2
     1     1    17     8    19    16     0     0    -6.0   46.162 -119.263    672.8    934.7
     1     1    17     8    19    15     0     0    -7.0   46.048 -119.150    670.2    935.8
     1     1    17     8    19    14     0     0    -8.0   45.955 -119.015    666.9    933.4
     1     1    17     8    19    13     0     0    -9.0   45.921 -118.994    624.2    940.7
     1     1    17     8    19    12     0     0   -10.0   45.920 -119.120    611.1    941.8
     1     1    17     8    19    11     0     0   -11.0   45.883 -119.186    613.6    941.7
     1     1    17     8    19    10     0     0   -12.0   45.832 -119.244    629.2    940.3
     1     1    17     8    19     9     0     0   -13.0   45.856 -119.328    642.7    939.0
     1     1    17     8    19     8     0     0   -14.0   45.940 -119.423    674.7    933.7
     1     1    17     8    19     7     0     0   -15.0   45.946 -119.526    689.0    932.1
     1     1    17     8    19     6     0     0   -16.0   45.894 -119.592    688.6    932.7
     1     1    17     8    19     5     0     0   -17.0   45.847 -119.632    687.2    932.7
     1     1    17     8    19     4     0     0   -18.0   45.768 -119.660    687.6    933.9
     1     1    17     8    19     3     0     0   -19.0   45.691 -119.718    688.8    932.4
     1     1    17     8    19     2     0     0   -20.0   45.701 -119.841    689.6    933.1
     1     1    17     8    19     1     0     0   -21.0   45.785 -119.968    688.0    933.2
     1     1    17     8    19     0     0     0   -22.0   45.867 -120.083    674.7    932.7
     1     1    17     8    18    23     0     0   -23.0   45.991 -120.285    639.8    938.1
     1     1    17     8    18    22     0     0   -24.0   46.163 -120.547    652.6    937.2
