     1     1
    SITE    10     3     1     0     0
     1 BACKWARD OMEGA   
    17     8    19    13   46.392 -119.412   700.0
     1 PRESSURE
     1     1    17     8    19    13     0     0     0.0   46.392 -119.412    700.0    931.4
     1     1    17     8    19    12     0     0    -1.0   46.391 -119.533    670.7    934.9
     1     1    17     8    19    11     0     0    -2.0   46.356 -119.600    667.1    935.2
     1     1    17     8    19    10     0     0    -3.0   46.305 -119.663    678.3    933.8
     1     1    17     8    19     9     0     0    -4.0   46.327 -119.751    676.8    933.8
     1     1    17     8    19     8     0     0    -5.0   46.408 -119.842    705.3    931.5
     1     1    17     8    19     7     0     0    -6.0   46.415 -119.949    735.8    926.4
     1     1    17     8    19     6     0     0    -7.0   46.365 -120.017    740.4    926.9
     1     1    17     8    19     5     0     0    -8.0   46.317 -120.059    718.9    925.8
     1     1    17     8    19     4     0     0    -9.0   46.238 -120.089    706.1    934.7
     1     1    17     8    19     3     0     0   -10.0   46.161 -120.147    710.9    930.0
     1     1    17     8    19     2     0     0   -11.0   46.169 -120.272    721.5    929.3
     1     1    17     8    19     1     0     0   -12.0   46.250 -120.399    737.4    927.5
     1     1    17     8    19     0     0     0   -13.0   46.331 -120.514    742.9    926.3
     1     1    17     8    18    23     0     0   -14.0   46.459 -120.719    714.9    930.1
