     1     1
    SITE    10     3     1     0     0
     1 BACKWARD OMEGA   
    17     8    14    10   46.392 -119.412   700.0
     1 PRESSURE
     1     1    17     8    14    10     0     0     0.0   46.392 -119.412    700.0    931.4
     1     1    17     8    14     9     0     0    -1.0   46.295 -119.400    703.6    931.0
     1     1    17     8    14     8     0     0    -2.0   46.215 -119.388    711.6    929.8
     1     1    17     8    14     7     0     0    -3.0   46.133 -119.362    708.7    930.8
     1     1    17     8    14     6     0     0    -4.0   46.045 -119.345    688.5    932.4
     1     1    17     8    14     5     0     0    -5.0   45.957 -119.335    673.0    934.6
     1     1    17     8    14     4     0     0    -6.0   45.876 -119.333    665.4    935.8
     1     1    17     8    14     3     0     0    -7.0   45.786 -119.327    655.5    936.1
     1     1    17     8    14     2     0     0    -8.0   45.678 -119.332    657.6    936.7
     1     1    17     8    14     1     0     0    -9.0   45.573 -119.348    658.7    935.8
     1     1    17     8    14     0     0     0   -10.0   45.500 -119.321    647.7    938.5
     1     1    17     8    13    23     0     0   -11.0   45.478 -119.375    650.5    937.0
     1     1    17     8    13    22     0     0   -12.0   45.501 -119.556    656.3    936.7
     1     1    17     8    13    21     0     0   -13.0   45.577 -119.768    658.2    936.5
     1     1    17     8    13    20     0     0   -14.0   45.728 -120.032    665.1    935.1
     1     1    17     8    13    19     0     0   -15.0   45.912 -120.295    644.0    938.8
     1     1    17     8    13    18     0     0   -16.0   46.062 -120.526    656.3    937.9
