     1     1
    SITE    10     3     1     0     0
     1 BACKWARD OMEGA   
    17     8     4     9   46.392 -119.412   700.0
     1 PRESSURE
     1     1    17     8     4     9     0     0     0.0   46.392 -119.412    700.0    931.4
     1     1    17     8     4     8     0     0    -1.0   46.424 -119.456    704.8    930.9
     1     1    17     8     4     7     0     0    -2.0   46.413 -119.492    710.0    930.2
     1     1    17     8     4     6     0     0    -3.0   46.394 -119.500    711.1    930.0
     1     1    17     8     4     5     0     0    -4.0   46.381 -119.526    708.4    930.1
     1     1    17     8     4     4     0     0    -5.0   46.345 -119.555    703.6    931.5
     1     1    17     8     4     3     0     0    -6.0   46.283 -119.528    709.5    929.8
     1     1    17     8     4     2     0     0    -7.0   46.227 -119.509    698.0    931.5
     1     1    17     8     4     1     0     0    -8.0   46.169 -119.511    693.9    932.9
     1     1    17     8     4     0     0     0    -9.0   46.116 -119.502    699.3    931.4
     1     1    17     8     3    23     0     0   -10.0   46.060 -119.508    691.8    930.7
     1     1    17     8     3    22     0     0   -11.0   45.992 -119.518    678.3    935.9
     1     1    17     8     3    21     0     0   -12.0   45.917 -119.483    673.7    933.7
     1     1    17     8     3    20     0     0   -13.0   45.823 -119.460    660.7    936.1
     1     1    17     8     3    19     0     0   -14.0   45.721 -119.476    652.0    938.0
     1     1    17     8     3    18     0     0   -15.0   45.624 -119.452    647.2    938.3
     1     1    17     8     3    17     0     0   -16.0   45.582 -119.348    647.9    937.3
     1     1    17     8     3    16     0     0   -17.0   45.618 -119.224    651.8    938.0
     1     1    17     8     3    15     0     0   -18.0   45.662 -119.119    645.6    937.1
     1     1    17     8     3    14     0     0   -19.0   45.637 -119.061    639.0    939.2
     1     1    17     8     3    13     0     0   -20.0   45.629 -119.018    644.6    937.8
     1     1    17     8     3    12     0     0   -21.0   45.689 -118.941    637.6    938.8
     1     1    17     8     3    11     0     0   -22.0   45.722 -118.979    633.2    939.5
     1     1    17     8     3    10     0     0   -23.0   45.691 -119.063    641.2    939.4
     1     1    17     8     3     9     0     0   -24.0   45.633 -119.065    648.4    937.1
     1     1    17     8     3     8     0     0   -25.0   45.598 -119.036    640.9    938.6
     1     1    17     8     3     7     0     0   -26.0   45.574 -119.006    634.5    939.5
     1     1    17     8     3     6     0     0   -27.0   45.570 -119.009    633.9    939.8
     1     1    17     8     3     5     0     0   -28.0   45.565 -119.019    634.1    938.8
     1     1    17     8     3     4     0     0   -29.0   45.578 -118.983    626.4    939.7
     1     1    17     8     3     3     0     0   -30.0   45.635 -118.930    617.2    942.5
     1     1    17     8     3     2     0     0   -31.0   45.701 -118.898    610.4    940.9
     1     1    17     8     3     1     0     0   -32.0   45.729 -118.836    597.8    943.4
     1     1    17     8     3     0     0     0   -33.0   45.708 -118.802    597.7    943.5
     1     1    17     8     2    23     0     0   -34.0   45.686 -118.774    600.1    942.4
     1     1    17     8     2    22     0     0   -35.0   45.655 -118.731    607.7    942.3
     1     1    17     8     2    21     0     0   -36.0   45.654 -118.748    617.8    940.5
     1     1    17     8     2    20     0     0   -37.0   45.667 -118.725    614.4    942.1
     1     1    17     8     2    19     0     0   -38.0   45.693 -118.701    632.4    939.0
     1     1    17     8     2    18     0     0   -39.0   45.790 -118.703    625.7    939.2
     1     1    17     8     2    17     0     0   -40.0   45.927 -118.659    620.5    940.7
     1     1    17     8     2    16     0     0   -41.0   46.073 -118.569    641.0    937.4
     1     1    17     8     2    15     0     0   -42.0   46.206 -118.457    635.2    939.0
     1     1    17     8     2    14     0     0   -43.0   46.327 -118.350    636.8    939.7
     1     1    17     8     2    13     0     0   -44.0   46.451 -118.261    652.6    937.0
     1     1    17     8     2    12     0     0   -45.0   46.510 -118.114    662.7    935.6
     1     1    17     8     2    11     0     0   -46.0   46.590 -117.972    676.7    934.1
     1     1    17     8     2    10     0     0   -47.0   46.773 -117.925    706.8    930.5
