     1     1
    SITE    10     3     1     0     0
     1 BACKWARD OMEGA   
    17     8    22    23   46.392 -119.412   700.0
     1 PRESSURE
     1     1    17     8    22    23     0     0     0.0   46.392 -119.412    700.0    931.4
     1     1    17     8    22    22     0     0    -1.0   46.301 -119.448    680.0    933.8
     1     1    17     8    22    21     0     0    -2.0   46.199 -119.456    684.6    933.0
     1     1    17     8    22    20     0     0    -3.0   46.092 -119.433    692.9    932.0
     1     1    17     8    22    19     0     0    -4.0   45.988 -119.414    689.2    933.3
     1     1    17     8    22    18     0     0    -5.0   45.895 -119.391    696.2    931.4
     1     1    17     8    22    17     0     0    -6.0   45.816 -119.341    692.5    932.1
     1     1    17     8    22    16     0     0    -7.0   45.751 -119.284    685.7    933.6
     1     1    17     8    22    15     0     0    -8.0   45.716 -119.211    689.1    932.6
     1     1    17     8    22    14     0     0    -9.0   45.706 -119.122    700.9    932.5
     1     1    17     8    22    13     0     0   -10.0   45.680 -119.068    713.2    929.2
     1     1    17     8    22    12     0     0   -11.0   45.637 -119.029    713.0    929.9
     1     1    17     8    22    11     0     0   -12.0   45.599 -118.970    706.8    930.2
     1     1    17     8    22    10     0     0   -13.0   45.554 -118.904    700.3    931.6
     1     1    17     8    22     9     0     0   -14.0   45.497 -118.852    703.7    932.1
     1     1    17     8    22     8     0     0   -15.0   45.436 -118.819    708.0    929.4
     1     1    17     8    22     7     0     0   -16.0   45.398 -118.808    703.2    931.2
