     1     1
    SITE    10     3     1     0     0
     1 BACKWARD OMEGA   
    17     8    19     7   46.392 -119.412   700.0
     1 PRESSURE
     1     1    17     8    19     7     0     0     0.0   46.392 -119.412    700.0    931.4
     1     1    17     8    19     6     0     0    -1.0   46.341 -119.476    694.3    932.1
     1     1    17     8    19     5     0     0    -2.0   46.292 -119.515    698.7    931.5
     1     1    17     8    19     4     0     0    -3.0   46.212 -119.545    693.7    931.0
     1     1    17     8    19     3     0     0    -4.0   46.136 -119.605    705.0    930.8
     1     1    17     8    19     2     0     0    -5.0   46.146 -119.733    691.2    932.4
     1     1    17     8    19     1     0     0    -6.0   46.227 -119.865    696.1    931.8
     1     1    17     8    19     0     0     0    -7.0   46.309 -119.981    707.2    930.8
     1     1    17     8    18    23     0     0    -8.0   46.434 -120.184    721.5    929.8
     1     1    17     8    18    22     0     0    -9.0   46.611 -120.441    739.3    925.6
     1     1    17     8    18    21     0     0   -10.0   46.759 -120.649    746.0    927.0
