     1     1
    SITE    10     3     1     0     0
     1 BACKWARD OMEGA   
    17     8    10     8   46.392 -119.412   700.0
     1 PRESSURE
     1     1    17     8    10     8     0     0     0.0   46.392 -119.412    700.0    931.4
     1     1    17     8    10     7     0     0    -1.0   46.335 -119.365    695.0    932.0
     1     1    17     8    10     6     0     0    -2.0   46.322 -119.316    698.0    932.0
     1     1    17     8    10     5     0     0    -3.0   46.341 -119.270    707.5    929.4
     1     1    17     8    10     4     0     0    -4.0   46.343 -119.264    706.4    930.5
     1     1    17     8    10     3     0     0    -5.0   46.319 -119.255    704.6    931.0
     1     1    17     8    10     2     0     0    -6.0   46.307 -119.209    701.4    930.9
     1     1    17     8    10     1     0     0    -7.0   46.332 -119.164    696.5    932.0
     1     1    17     8    10     0     0     0    -8.0   46.341 -119.172    700.0    931.9
     1     1    17     8     9    23     0     0    -9.0   46.314 -119.163    713.4    929.5
     1     1    17     8     9    22     0     0   -10.0   46.279 -119.120    715.4    930.2
     1     1    17     8     9    21     0     0   -11.0   46.240 -119.107    712.0    928.8
     1     1    17     8     9    20     0     0   -12.0   46.208 -119.153    703.2    931.9
     1     1    17     8     9    19     0     0   -13.0   46.209 -119.131    728.8    928.2
     1     1    17     8     9    18     0     0   -14.0   46.250 -119.013    767.9    923.2
     1     1    17     8     9    17     0     0   -15.0   46.300 -118.901    773.2    923.0
     1     1    17     8     9    16     0     0   -16.0   46.350 -118.763    776.9    922.6
     1     1    17     8     9    15     0     0   -17.0   46.405 -118.632    789.0    921.7
     1     1    17     8     9    14     0     0   -18.0   46.450 -118.513    815.1    918.0
     1     1    17     8     9    13     0     0   -19.0   46.477 -118.399    828.0    917.2
     1     1    17     8     9    12     0     0   -20.0   46.457 -118.348    828.7    916.4
     1     1    17     8     9    11     0     0   -21.0   46.395 -118.355    802.8    919.6
     1     1    17     8     9    10     0     0   -22.0   46.371 -118.327    786.1    923.0
     1     1    17     8     9     9     0     0   -23.0   46.388 -118.256    785.1    921.7
     1     1    17     8     9     8     0     0   -24.0   46.410 -118.192    785.9    921.8
     1     1    17     8     9     7     0     0   -25.0   46.407 -118.148    787.8    921.5
     1     1    17     8     9     6     0     0   -26.0   46.387 -118.091    793.6    921.1
     1     1    17     8     9     5     0     0   -27.0   46.373 -118.065    792.1    920.6
     1     1    17     8     9     4     0     0   -28.0   46.357 -118.047    793.9    921.0
     1     1    17     8     9     3     0     0   -29.0   46.333 -118.021    794.8    919.9
     1     1    17     8     9     2     0     0   -30.0   46.292 -118.025    789.4    921.5
     1     1    17     8     9     1     0     0   -31.0   46.301 -117.973    785.2    921.5
     1     1    17     8     9     0     0     0   -32.0   46.295 -117.929    778.5    921.8
