     1     1
    SITE    10     3     1     0     0
     1 BACKWARD OMEGA   
    17     8    15    16   46.392 -119.412   700.0
     1 PRESSURE
     1     1    17     8    15    16     0     0     0.0   46.392 -119.412    700.0    931.4
     1     1    17     8    15    15     0     0    -1.0   46.300 -119.333    691.7    932.4
     1     1    17     8    15    14     0     0    -2.0   46.237 -119.238    693.9    932.0
     1     1    17     8    15    13     0     0    -3.0   46.193 -119.213    686.9    932.8
     1     1    17     8    15    12     0     0    -4.0   46.131 -119.253    677.0    934.9
     1     1    17     8    15    11     0     0    -5.0   46.088 -119.205    665.6    935.4
     1     1    17     8    15    10     0     0    -6.0   46.075 -119.114    652.7    937.4
     1     1    17     8    15     9     0     0    -7.0   46.050 -119.051    652.2    938.4
     1     1    17     8    15     8     0     0    -8.0   46.012 -119.040    657.2    936.0
     1     1    17     8    15     7     0     0    -9.0   45.983 -119.033    656.2    936.5
     1     1    17     8    15     6     0     0   -10.0   45.960 -119.028    653.7    937.1
     1     1    17     8    15     5     0     0   -11.0   45.939 -119.031    654.0    937.2
     1     1    17     8    15     4     0     0   -12.0   45.940 -119.005    653.4    936.5
     1     1    17     8    15     3     0     0   -13.0   45.945 -118.958    653.1    936.9
     1     1    17     8    15     2     0     0   -14.0   45.932 -118.863    645.4    937.1
     1     1    17     8    15     1     0     0   -15.0   45.946 -118.778    636.6    939.0
     1     1    17     8    15     0     0     0   -16.0   45.997 -118.784    628.3    939.5
     1     1    17     8    14    23     0     0   -17.0   46.024 -118.850    629.0    940.1
     1     1    17     8    14    22     0     0   -18.0   46.012 -118.891    627.4    939.3
     1     1    17     8    14    21     0     0   -19.0   45.960 -118.877    629.1    940.3
     1     1    17     8    14    20     0     0   -20.0   45.890 -118.857    649.2    937.6
     1     1    17     8    14    19     0     0   -21.0   45.813 -118.798    657.8    936.5
     1     1    17     8    14    18     0     0   -22.0   45.724 -118.679    661.6    935.1
     1     1    17     8    14    17     0     0   -23.0   45.633 -118.540    648.2    938.8
     1     1    17     8    14    16     0     0   -24.0   45.542 -118.398    643.1    936.6
     1     1    17     8    14    15     0     0   -25.0   45.476 -118.245    605.5    943.3
     1     1    17     8    14    14     0     0   -26.0   45.407 -118.194    606.8    942.6
