     1     1
    SITE    10     3     1     0     0
     1 BACKWARD OMEGA   
    17     8     1     6   46.392 -119.412   700.0
     1 PRESSURE
     1     1    17     8     1     6     0     0     0.0   46.392 -119.412    700.0    931.4
     1     1    17     8     1     5     0     0    -1.0   46.381 -119.417    698.0    931.6
     1     1    17     8     1     4     0     0    -2.0   46.383 -119.387    693.8    932.0
     1     1    17     8     1     3     0     0    -3.0   46.386 -119.361    693.5    932.3
     1     1    17     8     1     2     0     0    -4.0   46.372 -119.334    693.7    932.0
     1     1    17     8     1     1     0     0    -5.0   46.344 -119.295    684.3    932.5
     1     1    17     8     1     0     0     0    -6.0   46.333 -119.244    670.9    935.0
     1     1    17     7    31    23     0     0    -7.0   46.345 -119.235    674.2    934.7
     1     1    17     7    31    22     0     0    -8.0   46.319 -119.251    681.8    932.9
     1     1    17     7    31    21     0     0    -9.0   46.308 -119.249    678.6    934.3
     1     1    17     7    31    20     0     0   -10.0   46.312 -119.274    681.7    933.7
     1     1    17     7    31    19     0     0   -11.0   46.252 -119.302    678.3    933.3
     1     1    17     7    31    18     0     0   -12.0   46.165 -119.263    683.7    933.2
     1     1    17     7    31    17     0     0   -13.0   46.138 -119.167    700.5    931.6
     1     1    17     7    31    16     0     0   -14.0   46.164 -119.070    713.6    928.4
     1     1    17     7    31    15     0     0   -15.0   46.170 -118.952    720.2    929.1
     1     1    17     7    31    14     0     0   -16.0   46.140 -118.844    711.3    930.5
     1     1    17     7    31    13     0     0   -17.0   46.129 -118.753    714.3    929.9
     1     1    17     7    31    12     0     0   -18.0   46.120 -118.650    720.1    928.7
     1     1    17     7    31    11     0     0   -19.0   46.117 -118.547    708.4    930.0
     1     1    17     7    31    10     0     0   -20.0   46.136 -118.441    716.7    930.8
     1     1    17     7    31     9     0     0   -21.0   46.120 -118.352    725.3    927.7
     1     1    17     7    31     8     0     0   -22.0   46.114 -118.343    714.2    930.0
     1     1    17     7    31     7     0     0   -23.0   46.114 -118.347    710.1    930.4
     1     1    17     7    31     6     0     0   -24.0   46.105 -118.310    712.4    929.9
     1     1    17     7    31     5     0     0   -25.0   46.103 -118.265    710.2    929.7
     1     1    17     7    31     4     0     0   -26.0   46.078 -118.236    707.6    931.0
     1     1    17     7    31     3     0     0   -27.0   46.034 -118.227    700.9    931.2
     1     1    17     7    31     2     0     0   -28.0   46.002 -118.244    694.7    932.2
     1     1    17     7    31     1     0     0   -29.0   46.022 -118.285    698.9    933.1
     1     1    17     7    31     0     0     0   -30.0   46.045 -118.231    699.9    930.7
     1     1    17     7    30    23     0     0   -31.0   46.033 -118.240    704.0    930.7
     1     1    17     7    30    22     0     0   -32.0   46.087 -118.385    710.9    929.8
     1     1    17     7    30    21     0     0   -33.0   46.192 -118.534    731.8    928.7
     1     1    17     7    30    20     0     0   -34.0   46.235 -118.714    750.1    924.2
     1     1    17     7    30    19     0     0   -35.0   46.187 -118.765    758.6    924.9
     1     1    17     7    30    18     0     0   -36.0   46.087 -118.623    748.7    926.7
     1     1    17     7    30    17     0     0   -37.0   45.968 -118.388    712.9    930.1
     1     1    17     7    30    16     0     0   -38.0   45.834 -118.220    688.0    933.6
     1     1    17     7    30    15     0     0   -39.0   45.710 -118.132    696.3    931.6
     1     1    17     7    30    14     0     0   -40.0   45.603 -117.978    708.6    931.1
