     1     1
    SITE    10     3     1     0     0
     1 BACKWARD OMEGA   
    17     8    26    11   46.392 -119.412   700.0
     1 PRESSURE
     1     1    17     8    26    11     0     0     0.0   46.392 -119.412    700.0    931.4
     1     1    17     8    26    10     0     0    -1.0   46.400 -119.334    707.4    930.5
     1     1    17     8    26     9     0     0    -2.0   46.424 -119.269    716.0    930.1
     1     1    17     8    26     8     0     0    -3.0   46.439 -119.217    720.9    928.0
     1     1    17     8    26     7     0     0    -4.0   46.457 -119.157    708.1    929.6
     1     1    17     8    26     6     0     0    -5.0   46.461 -119.096    693.4    932.6
     1     1    17     8    26     5     0     0    -6.0   46.454 -119.069    689.6    933.1
     1     1    17     8    26     4     0     0    -7.0   46.468 -119.017    677.8    932.6
     1     1    17     8    26     3     0     0    -8.0   46.497 -118.931    674.1    934.3
     1     1    17     8    26     2     0     0    -9.0   46.503 -118.869    677.0    935.3
     1     1    17     8    26     1     0     0   -10.0   46.480 -118.837    684.9    932.3
     1     1    17     8    26     0     0     0   -11.0   46.476 -118.844    680.9    933.1
     1     1    17     8    25    23     0     0   -12.0   46.478 -118.862    668.2    935.9
     1     1    17     8    25    22     0     0   -13.0   46.474 -118.855    666.4    935.8
     1     1    17     8    25    21     0     0   -14.0   46.470 -118.821    658.6    935.3
     1     1    17     8    25    20     0     0   -15.0   46.453 -118.773    651.2    938.2
     1     1    17     8    25    19     0     0   -16.0   46.420 -118.693    647.1    937.1
     1     1    17     8    25    18     0     0   -17.0   46.372 -118.586    638.9    938.5
     1     1    17     8    25    17     0     0   -18.0   46.322 -118.480    629.3    940.3
     1     1    17     8    25    16     0     0   -19.0   46.270 -118.369    628.0    939.8
     1     1    17     8    25    15     0     0   -20.0   46.217 -118.250    619.1    940.9
     1     1    17     8    25    14     0     0   -21.0   46.175 -118.132    607.4    941.8
     1     1    17     8    25    13     0     0   -22.0   46.152 -118.014    598.4    943.2
     1     1    17     8    25    12     0     0   -23.0   46.141 -117.899    620.0    941.2
