     1     1
    SITE    10     3     1     0     0
     1 BACKWARD OMEGA   
    17     8    27    13   46.392 -119.412   700.0
     1 PRESSURE
     1     1    17     8    27    13     0     0     0.0   46.392 -119.412    700.0    931.4
     1     1    17     8    27    12     0     0    -1.0   46.393 -119.347    690.9    932.5
     1     1    17     8    27    11     0     0    -2.0   46.387 -119.298    696.6    932.5
     1     1    17     8    27    10     0     0    -3.0   46.351 -119.250    694.2    931.3
     1     1    17     8    27     9     0     0    -4.0   46.342 -119.194    688.1    933.4
     1     1    17     8    27     8     0     0    -5.0   46.340 -119.129    678.4    932.9
     1     1    17     8    27     7     0     0    -6.0   46.353 -119.064    665.3    936.1
     1     1    17     8    27     6     0     0    -7.0   46.371 -119.054    659.1    936.9
     1     1    17     8    27     5     0     0    -8.0   46.364 -119.061    654.8    936.4
     1     1    17     8    27     4     0     0    -9.0   46.377 -119.023    659.4    937.6
     1     1    17     8    27     3     0     0   -10.0   46.402 -118.956    646.7    935.8
     1     1    17     8    27     2     0     0   -11.0   46.414 -118.879    645.0    939.9
     1     1    17     8    27     1     0     0   -12.0   46.424 -118.814    649.9    936.1
     1     1    17     8    27     0     0     0   -13.0   46.417 -118.766    637.9    938.2
     1     1    17     8    26    23     0     0   -14.0   46.428 -118.718    628.4    940.8
     1     1    17     8    26    22     0     0   -15.0   46.464 -118.661    630.8    939.6
     1     1    17     8    26    21     0     0   -16.0   46.473 -118.652    630.7    939.6
     1     1    17     8    26    20     0     0   -17.0   46.458 -118.683    626.9    939.6
     1     1    17     8    26    19     0     0   -18.0   46.447 -118.658    622.0    940.9
     1     1    17     8    26    18     0     0   -19.0   46.476 -118.599    623.4    941.2
     1     1    17     8    26    17     0     0   -20.0   46.542 -118.548    623.9    939.9
     1     1    17     8    26    16     0     0   -21.0   46.614 -118.487    618.9    940.7
     1     1    17     8    26    15     0     0   -22.0   46.687 -118.422    610.2    941.6
     1     1    17     8    26    14     0     0   -23.0   46.717 -118.343    615.9    941.7
     1     1    17     8    26    13     0     0   -24.0   46.721 -118.244    618.7    938.3
     1     1    17     8    26    12     0     0   -25.0   46.738 -118.139    605.5    942.7
     1     1    17     8    26    11     0     0   -26.0   46.741 -118.045    615.1    941.4
     1     1    17     8    26    10     0     0   -27.0   46.749 -117.965    615.8    941.0
     1     1    17     8    26     9     0     0   -28.0   46.773 -117.898    598.6    942.4
