     1     1
    SITE    10     3     1     0     0
     1 BACKWARD OMEGA   
    17     8    17    14   46.392 -119.412   700.0
     1 PRESSURE
     1     1    17     8    17    14     0     0     0.0   46.392 -119.412    700.0    931.4
     1     1    17     8    17    13     0     0    -1.0   46.354 -119.499    699.8    931.4
     1     1    17     8    17    12     0     0    -2.0   46.280 -119.504    696.6    932.6
     1     1    17     8    17    11     0     0    -3.0   46.190 -119.456    722.1    929.2
     1     1    17     8    17    10     0     0    -4.0   46.092 -119.383    736.2    927.4
     1     1    17     8    17     9     0     0    -5.0   45.998 -119.301    725.8    928.6
     1     1    17     8    17     8     0     0    -6.0   45.884 -119.251    715.0    929.9
     1     1    17     8    17     7     0     0    -7.0   45.756 -119.233    679.0    933.9
     1     1    17     8    17     6     0     0    -8.0   45.643 -119.220    662.5    935.4
     1     1    17     8    17     5     0     0    -9.0   45.573 -119.250    642.6    938.6
     1     1    17     8    17     4     0     0   -10.0   45.522 -119.330    627.8    939.9
     1     1    17     8    17     3     0     0   -11.0   45.470 -119.427    629.0    940.1
     1     1    17     8    17     2     0     0   -12.0   45.455 -119.556    631.0    939.1
     1     1    17     8    17     1     0     0   -13.0   45.450 -119.710    625.0    941.5
     1     1    17     8    17     0     0     0   -14.0   45.477 -119.892    632.4    938.9
     1     1    17     8    16    23     0     0   -15.0   45.560 -120.063    638.7    938.9
     1     1    17     8    16    22     0     0   -16.0   45.702 -120.268    621.2    941.3
     1     1    17     8    16    21     0     0   -17.0   45.877 -120.535    645.3    936.6
