     1     1
    SITE    10     3     1     0     0
     1 BACKWARD OMEGA   
    17     8     9     7   46.392 -119.412   700.0
     1 PRESSURE
     1     1    17     8     9     7     0     0     0.0   46.392 -119.412    700.0    931.4
     1     1    17     8     9     6     0     0    -1.0   46.371 -119.356    699.4    931.5
     1     1    17     8     9     5     0     0    -2.0   46.357 -119.331    704.4    930.6
     1     1    17     8     9     4     0     0    -3.0   46.341 -119.315    697.8    930.8
     1     1    17     8     9     3     0     0    -4.0   46.317 -119.290    683.4    934.0
     1     1    17     8     9     2     0     0    -5.0   46.277 -119.295    669.4    934.0
     1     1    17     8     9     1     0     0    -6.0   46.286 -119.244    657.6    937.8
     1     1    17     8     9     0     0     0    -7.0   46.279 -119.202    642.9    938.8
     1     1    17     8     8    23     0     0    -8.0   46.218 -119.210    636.2    939.2
     1     1    17     8     8    22     0     0    -9.0   46.196 -119.198    637.7    939.3
     1     1    17     8     8    21     0     0   -10.0   46.190 -119.181    636.3    938.5
     1     1    17     8     8    20     0     0   -11.0   46.181 -119.227    635.1    939.8
     1     1    17     8     8    19     0     0   -12.0   46.173 -119.247    638.6    937.6
     1     1    17     8     8    18     0     0   -13.0   46.187 -119.178    642.5    938.4
     1     1    17     8     8    17     0     0   -14.0   46.224 -119.085    648.6    937.4
     1     1    17     8     8    16     0     0   -15.0   46.272 -118.987    647.1    937.8
     1     1    17     8     8    15     0     0   -16.0   46.295 -118.876    651.8    937.9
     1     1    17     8     8    14     0     0   -17.0   46.277 -118.762    653.8    936.5
     1     1    17     8     8    13     0     0   -18.0   46.235 -118.680    634.8    939.2
     1     1    17     8     8    12     0     0   -19.0   46.213 -118.595    622.4    941.7
     1     1    17     8     8    11     0     0   -20.0   46.230 -118.501    623.4    940.2
     1     1    17     8     8    10     0     0   -21.0   46.254 -118.416    623.1    941.0
     1     1    17     8     8     9     0     0   -22.0   46.260 -118.344    615.8    940.9
     1     1    17     8     8     8     0     0   -23.0   46.255 -118.292    613.6    942.7
     1     1    17     8     8     7     0     0   -24.0   46.253 -118.255    618.9    940.7
     1     1    17     8     8     6     0     0   -25.0   46.238 -118.232    618.9    940.6
     1     1    17     8     8     5     0     0   -26.0   46.211 -118.223    617.9    941.2
     1     1    17     8     8     4     0     0   -27.0   46.210 -118.194    616.5    941.1
     1     1    17     8     8     3     0     0   -28.0   46.226 -118.150    615.8    941.6
     1     1    17     8     8     2     0     0   -29.0   46.217 -118.141    614.7    941.2
     1     1    17     8     8     1     0     0   -30.0   46.190 -118.154    613.1    941.7
     1     1    17     8     8     0     0     0   -31.0   46.142 -118.161    616.5    941.5
     1     1    17     8     7    23     0     0   -32.0   46.090 -118.183    620.2    940.7
     1     1    17     8     7    22     0     0   -33.0   46.059 -118.233    616.4    941.0
     1     1    17     8     7    21     0     0   -34.0   46.031 -118.257    611.3    941.9
     1     1    17     8     7    20     0     0   -35.0   45.988 -118.251    606.9    941.9
     1     1    17     8     7    19     0     0   -36.0   45.922 -118.243    597.3    943.0
     1     1    17     8     7    18     0     0   -37.0   45.840 -118.213    616.4    941.4
     1     1    17     8     7    17     0     0   -38.0   45.750 -118.175    629.6    939.4
     1     1    17     8     7    16     0     0   -39.0   45.658 -118.125    639.1    939.1
     1     1    17     8     7    15     0     0   -40.0   45.580 -118.044    659.2    935.6
     1     1    17     8     7    14     0     0   -41.0   45.506 -117.971    662.6    935.8
