     1     1
    SITE    10     3     1     0     0
     1 BACKWARD OMEGA   
    17     8    29     4   46.392 -119.412   700.0
     1 PRESSURE
     1     1    17     8    29     4     0     0     0.0   46.392 -119.412    700.0    931.4
     1     1    17     8    29     3     0     0    -1.0   46.417 -119.299    720.5    929.1
     1     1    17     8    29     2     0     0    -2.0   46.464 -119.187    749.5    925.4
     1     1    17     8    29     1     0     0    -3.0   46.510 -119.108    756.5    924.8
     1     1    17     8    29     0     0     0    -4.0   46.508 -119.087    760.4    925.1
     1     1    17     8    28    23     0     0    -5.0   46.471 -119.097    765.7    923.0
     1     1    17     8    28    22     0     0    -6.0   46.442 -119.081    758.7    924.1
     1     1    17     8    28    21     0     0    -7.0   46.417 -119.047    753.2    926.1
     1     1    17     8    28    20     0     0    -8.0   46.392 -119.074    745.4    925.3
     1     1    17     8    28    19     0     0    -9.0   46.356 -119.114    733.1    927.9
     1     1    17     8    28    18     0     0   -10.0   46.371 -119.165    711.5    928.7
     1     1    17     8    28    17     0     0   -11.0   46.456 -119.255    712.9    930.0
     1     1    17     8    28    16     0     0   -12.0   46.544 -119.303    710.0    929.9
     1     1    17     8    28    15     0     0   -13.0   46.633 -119.321    716.3    929.8
     1     1    17     8    28    14     0     0   -14.0   46.634 -119.328    723.2    928.5
     1     1    17     8    28    13     0     0   -15.0   46.545 -119.340    709.9    930.1
     1     1    17     8    28    12     0     0   -16.0   46.538 -119.304    690.7    932.8
     1     1    17     8    28    11     0     0   -17.0   46.622 -119.259    677.1    934.1
     1     1    17     8    28    10     0     0   -18.0   46.624 -119.260    684.1    932.9
     1     1    17     8    28     9     0     0   -19.0   46.629 -119.278    689.5    933.1
     1     1    17     8    28     8     0     0   -20.0   46.637 -119.307    693.6    932.3
     1     1    17     8    28     7     0     0   -21.0   46.579 -119.283    683.3    933.9
     1     1    17     8    28     6     0     0   -22.0   46.537 -119.284    692.5    933.0
     1     1    17     8    28     5     0     0   -23.0   46.497 -119.258    679.8    930.8
     1     1    17     8    28     4     0     0   -24.0   46.456 -119.191    669.5    935.8
     1     1    17     8    28     3     0     0   -25.0   46.406 -119.229    675.1    933.6
     1     1    17     8    28     2     0     0   -26.0   46.399 -119.258    679.7    933.3
     1     1    17     8    28     1     0     0   -27.0   46.405 -119.212    668.2    935.1
     1     1    17     8    28     0     0     0   -28.0   46.383 -119.152    658.5    936.5
     1     1    17     8    27    23     0     0   -29.0   46.352 -119.091    648.7    937.3
     1     1    17     8    27    22     0     0   -30.0   46.331 -119.023    638.6    938.9
     1     1    17     8    27    21     0     0   -31.0   46.317 -118.964    636.5    939.7
     1     1    17     8    27    20     0     0   -32.0   46.291 -118.939    640.4    938.4
     1     1    17     8    27    19     0     0   -33.0   46.264 -118.940    643.5    938.0
     1     1    17     8    27    18     0     0   -34.0   46.252 -118.931    641.9    937.9
     1     1    17     8    27    17     0     0   -35.0   46.246 -118.909    643.3    938.8
     1     1    17     8    27    16     0     0   -36.0   46.231 -118.870    642.9    937.4
     1     1    17     8    27    15     0     0   -37.0   46.204 -118.803    634.1    938.3
     1     1    17     8    27    14     0     0   -38.0   46.168 -118.725    626.7    941.3
     1     1    17     8    27    13     0     0   -39.0   46.128 -118.646    634.2    939.9
     1     1    17     8    27    12     0     0   -40.0   46.130 -118.580    642.0    937.8
     1     1    17     8    27    11     0     0   -41.0   46.124 -118.531    647.7    935.6
     1     1    17     8    27    10     0     0   -42.0   46.090 -118.482    644.2    938.3
     1     1    17     8    27     9     0     0   -43.0   46.081 -118.423    649.0    938.5
     1     1    17     8    27     8     0     0   -44.0   46.077 -118.358    655.7    936.2
     1     1    17     8    27     7     0     0   -45.0   46.091 -118.295    651.6    936.3
     1     1    17     8    27     6     0     0   -46.0   46.110 -118.285    642.5    938.3
     1     1    17     8    27     5     0     0   -47.0   46.102 -118.293    636.8    939.3
     1     1    17     8    27     4     0     0   -48.0   46.113 -118.256    644.1    939.1
     1     1    17     8    27     3     0     0   -49.0   46.138 -118.187    649.0    936.9
     1     1    17     8    27     2     0     0   -50.0   46.148 -118.111    652.7    937.4
     1     1    17     8    27     1     0     0   -51.0   46.157 -118.048    651.3    936.4
     1     1    17     8    27     0     0     0   -52.0   46.151 -117.999    646.2    938.5
     1     1    17     8    26    23     0     0   -53.0   46.162 -117.952    648.8    938.2
     1     1    17     8    26    22     0     0   -54.0   46.198 -117.899    646.9    937.0
