     1     1
    SITE    10     3     1     0     0
     1 BACKWARD OMEGA   
    17     8     9    11   46.392 -119.412   700.0
     1 PRESSURE
     1     1    17     8     9    11     0     0     0.0   46.392 -119.412    700.0    931.4
     1     1    17     8     9    10     0     0    -1.0   46.367 -119.384    698.5    931.6
     1     1    17     8     9     9     0     0    -2.0   46.383 -119.317    698.5    930.5
     1     1    17     8     9     8     0     0    -3.0   46.404 -119.252    694.4    932.7
     1     1    17     8     9     7     0     0    -4.0   46.402 -119.209    696.8    932.2
     1     1    17     8     9     6     0     0    -5.0   46.381 -119.153    700.8    930.6
     1     1    17     8     9     5     0     0    -6.0   46.367 -119.128    699.5    931.9
     1     1    17     8     9     4     0     0    -7.0   46.352 -119.110    705.1    930.7
     1     1    17     8     9     3     0     0    -8.0   46.327 -119.085    713.4    928.7
     1     1    17     8     9     2     0     0    -9.0   46.286 -119.088    716.1    930.1
     1     1    17     8     9     1     0     0   -10.0   46.297 -119.038    721.6    928.6
     1     1    17     8     9     0     0     0   -11.0   46.292 -118.993    749.5    925.8
     1     1    17     8     8    23     0     0   -12.0   46.233 -119.000    746.9    925.7
     1     1    17     8     8    22     0     0   -13.0   46.210 -118.986    734.6    928.1
     1     1    17     8     8    21     0     0   -14.0   46.204 -118.969    729.5    928.5
     1     1    17     8     8    20     0     0   -15.0   46.195 -119.015    721.4    928.0
     1     1    17     8     8    19     0     0   -16.0   46.187 -119.038    706.9    931.3
     1     1    17     8     8    18     0     0   -17.0   46.200 -118.969    710.6    930.5
     1     1    17     8     8    17     0     0   -18.0   46.239 -118.876    720.2    928.3
     1     1    17     8     8    16     0     0   -19.0   46.289 -118.773    726.3    928.3
     1     1    17     8     8    15     0     0   -20.0   46.315 -118.658    742.6    925.9
     1     1    17     8     8    14     0     0   -21.0   46.295 -118.543    746.1    926.8
     1     1    17     8     8    13     0     0   -22.0   46.254 -118.457    755.4    924.5
     1     1    17     8     8    12     0     0   -23.0   46.234 -118.370    760.9    925.9
     1     1    17     8     8    11     0     0   -24.0   46.252 -118.278    773.0    922.8
     1     1    17     8     8    10     0     0   -25.0   46.277 -118.189    782.4    923.2
     1     1    17     8     8     9     0     0   -26.0   46.283 -118.115    803.2    919.6
     1     1    17     8     8     8     0     0   -27.0   46.278 -118.064    814.9    918.0
     1     1    17     8     8     7     0     0   -28.0   46.276 -118.027    820.7    918.1
     1     1    17     8     8     6     0     0   -29.0   46.262 -118.005    826.1    916.9
     1     1    17     8     8     5     0     0   -30.0   46.235 -117.997    823.0    917.1
     1     1    17     8     8     4     0     0   -31.0   46.233 -117.967    826.4    918.4
     1     1    17     8     8     3     0     0   -32.0   46.248 -117.922    842.9    914.4
