     1     1
    SITE    10     3     1     0     0
     1 BACKWARD OMEGA   
    17     8     1    20   46.392 -119.412   700.0
     1 PRESSURE
     1     1    17     8     1    20     0     0     0.0   46.392 -119.412    700.0    931.4
     1     1    17     8     1    19     0     0    -1.0   46.399 -119.382    712.9    929.9
     1     1    17     8     1    18     0     0    -2.0   46.417 -119.279    726.5    928.3
     1     1    17     8     1    17     0     0    -3.0   46.492 -119.129    748.6    928.0
     1     1    17     8     1    16     0     0    -4.0   46.563 -118.938    770.4    923.7
     1     1    17     8     1    15     0     0    -5.0   46.623 -118.735    795.9    920.6
     1     1    17     8     1    14     0     0    -6.0   46.695 -118.598    803.5    920.0
     1     1    17     8     1    13     0     0    -7.0   46.738 -118.499    816.5    917.8
     1     1    17     8     1    12     0     0    -8.0   46.727 -118.488    824.9    917.8
     1     1    17     8     1    11     0     0    -9.0   46.677 -118.550    827.6    916.9
     1     1    17     8     1    10     0     0   -10.0   46.595 -118.548    826.1    918.1
     1     1    17     8     1     9     0     0   -11.0   46.530 -118.536    828.3    916.7
     1     1    17     8     1     8     0     0   -12.0   46.487 -118.530    827.2    917.3
     1     1    17     8     1     7     0     0   -13.0   46.452 -118.516    826.4    916.5
     1     1    17     8     1     6     0     0   -14.0   46.437 -118.520    826.4    917.9
     1     1    17     8     1     5     0     0   -15.0   46.426 -118.525    828.8    916.5
     1     1    17     8     1     4     0     0   -16.0   46.428 -118.495    822.4    917.2
     1     1    17     8     1     3     0     0   -17.0   46.431 -118.468    812.7    918.8
     1     1    17     8     1     2     0     0   -18.0   46.417 -118.442    807.0    920.1
     1     1    17     8     1     1     0     0   -19.0   46.389 -118.404    804.0    919.3
     1     1    17     8     1     0     0     0   -20.0   46.377 -118.353    795.2    921.0
     1     1    17     7    31    23     0     0   -21.0   46.388 -118.342    801.9    919.5
     1     1    17     7    31    22     0     0   -22.0   46.361 -118.356    804.9    919.7
     1     1    17     7    31    21     0     0   -23.0   46.350 -118.352    800.0    919.7
     1     1    17     7    31    20     0     0   -24.0   46.353 -118.375    789.2    921.2
     1     1    17     7    31    19     0     0   -25.0   46.293 -118.404    796.2    922.0
     1     1    17     7    31    18     0     0   -26.0   46.207 -118.364    793.4    921.0
     1     1    17     7    31    17     0     0   -27.0   46.182 -118.269    802.7    919.9
     1     1    17     7    31    16     0     0   -28.0   46.208 -118.172    797.5    920.1
     1     1    17     7    31    15     0     0   -29.0   46.214 -118.054    818.1    918.5
     1     1    17     7    31    14     0     0   -30.0   46.184 -117.948    843.3    915.3
