     1     1
    SITE    10     3     1     0     0
     1 BACKWARD OMEGA   
    17     8     6    11   46.392 -119.412   700.0
     1 PRESSURE
     1     1    17     8     6    11     0     0     0.0   46.392 -119.412    700.0    931.4
     1     1    17     8     6    10     0     0    -1.0   46.376 -119.353    697.3    931.7
     1     1    17     8     6     9     0     0    -2.0   46.391 -119.278    691.4    931.6
     1     1    17     8     6     8     0     0    -3.0   46.384 -119.203    675.9    933.5
     1     1    17     8     6     7     0     0    -4.0   46.407 -119.113    670.9    936.2
     1     1    17     8     6     6     0     0    -5.0   46.434 -119.028    672.8    934.2
     1     1    17     8     6     5     0     0    -6.0   46.414 -118.980    667.4    936.5
     1     1    17     8     6     4     0     0    -7.0   46.391 -118.979    668.3    934.4
     1     1    17     8     6     3     0     0    -8.0   46.359 -118.983    667.5    936.2
     1     1    17     8     6     2     0     0    -9.0   46.334 -118.957    669.5    934.8
     1     1    17     8     6     1     0     0   -10.0   46.297 -118.930    674.0    934.9
     1     1    17     8     6     0     0     0   -11.0   46.246 -118.933    678.5    934.5
     1     1    17     8     5    23     0     0   -12.0   46.261 -118.912    691.0    932.0
     1     1    17     8     5    22     0     0   -13.0   46.292 -118.859    685.9    932.5
     1     1    17     8     5    21     0     0   -14.0   46.275 -118.829    683.2    933.8
     1     1    17     8     5    20     0     0   -15.0   46.222 -118.842    699.9    933.4
     1     1    17     8     5    19     0     0   -16.0   46.149 -118.890    710.7    929.7
     1     1    17     8     5    18     0     0   -17.0   46.081 -118.894    721.3    929.4
     1     1    17     8     5    17     0     0   -18.0   46.073 -118.822    733.6    926.9
     1     1    17     8     5    16     0     0   -19.0   46.117 -118.707    729.9    927.8
     1     1    17     8     5    15     0     0   -20.0   46.163 -118.586    713.3    930.2
     1     1    17     8     5    14     0     0   -21.0   46.212 -118.465    715.3    930.8
     1     1    17     8     5    13     0     0   -22.0   46.249 -118.348    726.2    927.5
     1     1    17     8     5    12     0     0   -23.0   46.307 -118.260    717.0    929.3
     1     1    17     8     5    11     0     0   -24.0   46.393 -118.181    742.9    928.4
     1     1    17     8     5    10     0     0   -25.0   46.484 -118.142    784.3    921.5
     1     1    17     8     5     9     0     0   -26.0   46.499 -118.150    811.6    918.7
     1     1    17     8     5     8     0     0   -27.0   46.450 -118.129    827.6    915.5
     1     1    17     8     5     7     0     0   -28.0   46.408 -118.106    820.1    916.8
     1     1    17     8     5     6     0     0   -29.0   46.366 -118.091    808.2    919.6
     1     1    17     8     5     5     0     0   -30.0   46.369 -118.047    806.3    920.4
     1     1    17     8     5     4     0     0   -31.0   46.403 -117.975    811.5    918.4
     1     1    17     8     5     3     0     0   -32.0   46.403 -117.922    813.6    918.6
