     1     1
    SITE    10     3     1     0     0
     1 BACKWARD OMEGA   
    17     8     6     3   46.392 -119.412   700.0
     1 PRESSURE
     1     1    17     8     6     3     0     0     0.0   46.392 -119.412    700.0    931.4
     1     1    17     8     6     2     0     0    -1.0   46.366 -119.384    696.8    931.8
     1     1    17     8     6     1     0     0    -2.0   46.327 -119.358    695.4    932.1
     1     1    17     8     6     0     0     0    -3.0   46.276 -119.364    696.1    931.6
     1     1    17     8     5    23     0     0    -4.0   46.288 -119.339    700.1    932.6
     1     1    17     8     5    22     0     0    -5.0   46.319 -119.282    706.3    930.1
     1     1    17     8     5    21     0     0    -6.0   46.303 -119.252    696.9    931.0
     1     1    17     8     5    20     0     0    -7.0   46.249 -119.268    706.2    932.9
     1     1    17     8     5    19     0     0    -8.0   46.175 -119.314    729.3    927.7
     1     1    17     8     5    18     0     0    -9.0   46.108 -119.315    733.1    927.7
     1     1    17     8     5    17     0     0   -10.0   46.097 -119.243    749.5    925.7
     1     1    17     8     5    16     0     0   -11.0   46.138 -119.130    750.8    925.6
     1     1    17     8     5    15     0     0   -12.0   46.184 -119.006    748.6    926.5
     1     1    17     8     5    14     0     0   -13.0   46.230 -118.885    762.5    923.9
     1     1    17     8     5    13     0     0   -14.0   46.268 -118.769    769.6    923.7
     1     1    17     8     5    12     0     0   -15.0   46.327 -118.679    795.2    920.7
     1     1    17     8     5    11     0     0   -16.0   46.413 -118.599    801.7    918.3
     1     1    17     8     5    10     0     0   -17.0   46.503 -118.558    770.0    923.8
     1     1    17     8     5     9     0     0   -18.0   46.518 -118.565    759.0    924.7
     1     1    17     8     5     8     0     0   -19.0   46.470 -118.543    758.9    925.4
     1     1    17     8     5     7     0     0   -20.0   46.427 -118.521    754.8    923.9
     1     1    17     8     5     6     0     0   -21.0   46.386 -118.505    744.1    927.1
     1     1    17     8     5     5     0     0   -22.0   46.388 -118.461    733.6    926.9
     1     1    17     8     5     4     0     0   -23.0   46.423 -118.388    720.8    928.7
     1     1    17     8     5     3     0     0   -24.0   46.423 -118.335    718.6    929.0
     1     1    17     8     5     2     0     0   -25.0   46.384 -118.309    717.1    930.2
     1     1    17     8     5     1     0     0   -26.0   46.351 -118.275    720.9    928.9
     1     1    17     8     5     0     0     0   -27.0   46.364 -118.227    725.1    928.9
     1     1    17     8     4    23     0     0   -28.0   46.419 -118.181    731.8    928.8
     1     1    17     8     4    22     0     0   -29.0   46.448 -118.120    749.9    925.8
     1     1    17     8     4    21     0     0   -30.0   46.443 -118.118    747.8    924.3
     1     1    17     8     4    20     0     0   -31.0   46.461 -118.181    733.2    928.4
     1     1    17     8     4    19     0     0   -32.0   46.468 -118.172    739.5    927.5
     1     1    17     8     4    18     0     0   -33.0   46.489 -118.091    751.2    926.3
     1     1    17     8     4    17     0     0   -34.0   46.558 -117.982    740.3    927.5
