     1     1
    SITE    10     3     1     0     0
     1 BACKWARD OMEGA   
    17     8    13     2   46.392 -119.412   700.0
     1 PRESSURE
     1     1    17     8    13     2     0     0     0.0   46.392 -119.412    700.0    931.4
     1     1    17     8    13     1     0     0    -1.0   46.343 -119.448    697.5    931.7
     1     1    17     8    13     0     0     0    -2.0   46.272 -119.450    686.9    932.6
     1     1    17     8    12    23     0     0    -3.0   46.216 -119.522    661.5    936.2
     1     1    17     8    12    22     0     0    -4.0   46.209 -119.712    662.3    935.4
     1     1    17     8    12    21     0     0    -5.0   46.296 -119.931    661.7    935.4
     1     1    17     8    12    20     0     0    -6.0   46.336 -120.146    668.3    935.8
     1     1    17     8    12    19     0     0    -7.0   46.253 -120.181    674.9    934.0
     1     1    17     8    12    18     0     0    -8.0   46.139 -120.082    675.4    934.8
     1     1    17     8    12    17     0     0    -9.0   45.993 -120.039    666.7    935.6
     1     1    17     8    12    16     0     0   -10.0   45.836 -119.976    652.9    937.1
     1     1    17     8    12    15     0     0   -11.0   45.700 -119.812    614.2    942.2
     1     1    17     8    12    14     0     0   -12.0   45.564 -119.676    605.3    941.7
     1     1    17     8    12    13     0     0   -13.0   45.420 -119.648    599.7    943.0
