     1     1
    SITE    10     3     1     0     0
     1 BACKWARD OMEGA   
    17     8    23     9   46.392 -119.412   700.0
     1 PRESSURE
     1     1    17     8    23     9     0     0     0.0   46.392 -119.412    700.0    931.4
     1     1    17     8    23     8     0     0    -1.0   46.279 -119.403    704.4    930.9
     1     1    17     8    23     7     0     0    -2.0   46.167 -119.393    680.5    934.7
     1     1    17     8    23     6     0     0    -3.0   46.082 -119.376    687.2    932.5
     1     1    17     8    23     5     0     0    -4.0   46.034 -119.362    690.3    932.6
     1     1    17     8    23     4     0     0    -5.0   45.969 -119.346    696.0    932.1
     1     1    17     8    23     3     0     0    -6.0   45.896 -119.324    704.5    930.5
     1     1    17     8    23     2     0     0    -7.0   45.857 -119.284    695.5    931.9
     1     1    17     8    23     1     0     0    -8.0   45.805 -119.271    697.1    933.2
     1     1    17     8    23     0     0     0    -9.0   45.722 -119.353    698.6    931.4
     1     1    17     8    22    23     0     0   -10.0   45.638 -119.429    688.1    932.5
     1     1    17     8    22    22     0     0   -11.0   45.550 -119.465    682.1    933.9
     1     1    17     8    22    21     0     0   -12.0   45.451 -119.476    691.3    931.9
