     1     1
    SITE    10     3     1     0     0
     1 BACKWARD OMEGA   
    17     8     6    21   46.392 -119.412   700.0
     1 PRESSURE
     1     1    17     8     6    21     0     0     0.0   46.392 -119.412    700.0    931.4
     1     1    17     8     6    20     0     0    -1.0   46.356 -119.442    699.5    931.5
     1     1    17     8     6    19     0     0    -2.0   46.361 -119.412    706.4    930.7
     1     1    17     8     6    18     0     0    -3.0   46.379 -119.433    706.0    930.1
     1     1    17     8     6    17     0     0    -4.0   46.373 -119.524    713.1    929.3
     1     1    17     8     6    16     0     0    -5.0   46.399 -119.539    704.5    929.7
     1     1    17     8     6    15     0     0    -6.0   46.410 -119.465    698.1    932.4
     1     1    17     8     6    14     0     0    -7.0   46.424 -119.384    709.8    929.6
     1     1    17     8     6    13     0     0    -8.0   46.428 -119.311    721.6    929.0
     1     1    17     8     6    12     0     0    -9.0   46.389 -119.240    719.1    929.9
     1     1    17     8     6    11     0     0   -10.0   46.345 -119.184    713.7    928.6
     1     1    17     8     6    10     0     0   -11.0   46.330 -119.128    706.3    931.3
     1     1    17     8     6     9     0     0   -12.0   46.346 -119.056    709.2    930.5
     1     1    17     8     6     8     0     0   -13.0   46.340 -118.983    706.4    929.4
     1     1    17     8     6     7     0     0   -14.0   46.365 -118.893    680.5    933.4
     1     1    17     8     6     6     0     0   -15.0   46.392 -118.809    688.9    932.9
     1     1    17     8     6     5     0     0   -16.0   46.371 -118.760    692.2    931.2
     1     1    17     8     6     4     0     0   -17.0   46.347 -118.760    694.7    932.8
     1     1    17     8     6     3     0     0   -18.0   46.314 -118.763    702.4    930.8
     1     1    17     8     6     2     0     0   -19.0   46.288 -118.735    701.0    931.0
     1     1    17     8     6     1     0     0   -20.0   46.251 -118.707    710.7    931.7
     1     1    17     8     6     0     0     0   -21.0   46.200 -118.713    717.1    928.9
     1     1    17     8     5    23     0     0   -22.0   46.216 -118.688    720.1    931.5
     1     1    17     8     5    22     0     0   -23.0   46.247 -118.631    727.7    926.4
     1     1    17     8     5    21     0     0   -24.0   46.230 -118.600    713.4    928.7
     1     1    17     8     5    20     0     0   -25.0   46.173 -118.611    697.7    932.3
     1     1    17     8     5    19     0     0   -26.0   46.100 -118.657    697.6    931.6
     1     1    17     8     5    18     0     0   -27.0   46.033 -118.662    699.2    931.5
     1     1    17     8     5    17     0     0   -28.0   46.024 -118.590    696.1    931.8
     1     1    17     8     5    16     0     0   -29.0   46.065 -118.475    714.0    929.7
     1     1    17     8     5    15     0     0   -30.0   46.108 -118.350    710.5    929.5
     1     1    17     8     5    14     0     0   -31.0   46.156 -118.229    713.1    930.8
     1     1    17     8     5    13     0     0   -32.0   46.191 -118.113    718.4    929.2
     1     1    17     8     5    12     0     0   -33.0   46.247 -118.024    728.5    928.8
     1     1    17     8     5    11     0     0   -34.0   46.333 -117.944    733.1    926.9
