     1     1
    SITE    10     3     1     0     0
     1 BACKWARD OMEGA   
    17     8     8     0   46.392 -119.412   700.0
     1 PRESSURE
     1     1    17     8     8     0     0     0     0.0   46.392 -119.412    700.0    931.4
     1     1    17     8     7    23     0     0    -1.0   46.340 -119.433    716.4    929.5
     1     1    17     8     7    22     0     0    -2.0   46.311 -119.483    722.2    927.8
     1     1    17     8     7    21     0     0    -3.0   46.284 -119.507    720.7    929.1
     1     1    17     8     7    20     0     0    -4.0   46.241 -119.502    723.1    929.2
     1     1    17     8     7    19     0     0    -5.0   46.174 -119.493    719.4    927.9
     1     1    17     8     7    18     0     0    -6.0   46.088 -119.465    707.4    930.5
     1     1    17     8     7    17     0     0    -7.0   45.996 -119.428    712.5    929.8
     1     1    17     8     7    16     0     0    -8.0   45.905 -119.376    730.0    929.6
     1     1    17     8     7    15     0     0    -9.0   45.824 -119.293    754.0    924.0
     1     1    17     8     7    14     0     0   -10.0   45.752 -119.219    739.1    926.9
     1     1    17     8     7    13     0     0   -11.0   45.686 -119.161    738.4    927.6
     1     1    17     8     7    12     0     0   -12.0   45.630 -119.130    744.8    925.9
     1     1    17     8     7    11     0     0   -13.0   45.616 -119.095    745.2    926.9
     1     1    17     8     7    10     0     0   -14.0   45.645 -119.021    753.1    925.9
     1     1    17     8     7     9     0     0   -15.0   45.683 -118.943    755.3    923.9
     1     1    17     8     7     8     0     0   -16.0   45.706 -118.855    751.2    926.0
     1     1    17     8     7     7     0     0   -17.0   45.704 -118.785    758.3    924.7
     1     1    17     8     7     6     0     0   -18.0   45.690 -118.767    760.6    924.1
     1     1    17     8     7     5     0     0   -19.0   45.686 -118.731    761.4    924.8
     1     1    17     8     7     4     0     0   -20.0   45.665 -118.677    763.6    922.6
     1     1    17     8     7     3     0     0   -21.0   45.639 -118.631    760.9    924.5
     1     1    17     8     7     2     0     0   -22.0   45.623 -118.597    761.7    924.2
     1     1    17     8     7     1     0     0   -23.0   45.580 -118.565    775.6    924.2
     1     1    17     8     7     0     0     0   -24.0   45.535 -118.501    789.6    920.4
     1     1    17     8     6    23     0     0   -25.0   45.505 -118.426    800.4    920.6
     1     1    17     8     6    22     0     0   -26.0   45.518 -118.353    794.5    917.9
     1     1    17     8     6    21     0     0   -27.0   45.524 -118.356    764.6    924.7
     1     1    17     8     6    20     0     0   -28.0   45.489 -118.383    758.1    925.3
     1     1    17     8     6    19     0     0   -29.0   45.496 -118.353    762.2    924.7
     1     1    17     8     6    18     0     0   -30.0   45.515 -118.371    764.4    924.0
     1     1    17     8     6    17     0     0   -31.0   45.510 -118.459    762.0    923.2
     1     1    17     8     6    16     0     0   -32.0   45.536 -118.472    750.3    925.6
     1     1    17     8     6    15     0     0   -33.0   45.550 -118.399    742.2    927.0
     1     1    17     8     6    14     0     0   -34.0   45.563 -118.321    735.8    928.4
     1     1    17     8     6    13     0     0   -35.0   45.567 -118.249    738.5    926.4
     1     1    17     8     6    12     0     0   -36.0   45.527 -118.178    735.8    927.5
     1     1    17     8     6    11     0     0   -37.0   45.482 -118.123    735.6    927.2
     1     1    17     8     6    10     0     0   -38.0   45.466 -118.067    744.6    926.5
     1     1    17     8     6     9     0     0   -39.0   45.481 -117.995    753.6    924.8
     1     1    17     8     6     8     0     0   -40.0   45.474 -117.921    749.3    924.5
