     1     1
    SITE    10     3     1     0     0
     1 BACKWARD OMEGA   
    17     8     5     3   46.392 -119.412   700.0
     1 PRESSURE
     1     1    17     8     5     3     0     0     0.0   46.392 -119.412    700.0    931.4
     1     1    17     8     5     2     0     0    -1.0   46.353 -119.387    696.1    931.9
     1     1    17     8     5     1     0     0    -2.0   46.319 -119.355    692.9    932.4
     1     1    17     8     5     0     0     0    -3.0   46.333 -119.310    688.2    932.7
     1     1    17     8     4    23     0     0    -4.0   46.391 -119.267    701.3    931.8
     1     1    17     8     4    22     0     0    -5.0   46.421 -119.206    718.8    929.1
     1     1    17     8     4    21     0     0    -6.0   46.415 -119.206    732.8    927.6
     1     1    17     8     4    20     0     0    -7.0   46.433 -119.271    744.3    925.6
     1     1    17     8     4    19     0     0    -8.0   46.441 -119.262    748.9    925.3
     1     1    17     8     4    18     0     0    -9.0   46.464 -119.181    730.9    926.2
     1     1    17     8     4    17     0     0   -10.0   46.535 -119.071    748.9    925.9
     1     1    17     8     4    16     0     0   -11.0   46.601 -118.947    769.8    923.3
     1     1    17     8     4    15     0     0   -12.0   46.633 -118.837    785.6    922.1
     1     1    17     8     4    14     0     0   -13.0   46.655 -118.830    799.6    919.9
     1     1    17     8     4    13     0     0   -14.0   46.651 -118.901    800.2    920.6
     1     1    17     8     4    12     0     0   -15.0   46.608 -118.977    812.7    918.4
     1     1    17     8     4    11     0     0   -16.0   46.633 -119.035    817.1    917.3
     1     1    17     8     4    10     0     0   -17.0   46.750 -119.063    808.2    918.4
     1     1    17     8     4     9     0     0   -18.0   46.863 -119.098    782.1    923.0
     1     1    17     8     4     8     0     0   -19.0   46.896 -119.143    785.4    921.7
     1     1    17     8     4     7     0     0   -20.0   46.885 -119.180    783.1    921.5
     1     1    17     8     4     6     0     0   -21.0   46.866 -119.188    777.4    922.6
     1     1    17     8     4     5     0     0   -22.0   46.852 -119.215    783.1    922.9
     1     1    17     8     4     4     0     0   -23.0   46.818 -119.245    803.7    919.5
     1     1    17     8     4     3     0     0   -24.0   46.755 -119.216    815.6    917.9
     1     1    17     8     4     2     0     0   -25.0   46.700 -119.195    813.9    919.2
     1     1    17     8     4     1     0     0   -26.0   46.643 -119.198    809.4    918.8
     1     1    17     8     4     0     0     0   -27.0   46.588 -119.189    799.5    919.8
     1     1    17     8     3    23     0     0   -28.0   46.530 -119.196    789.7    921.7
     1     1    17     8     3    22     0     0   -29.0   46.461 -119.206    797.0    919.8
     1     1    17     8     3    21     0     0   -30.0   46.386 -119.172    791.1    921.3
     1     1    17     8     3    20     0     0   -31.0   46.294 -119.152    776.2    922.8
     1     1    17     8     3    19     0     0   -32.0   46.192 -119.169    760.5    924.3
     1     1    17     8     3    18     0     0   -33.0   46.097 -119.145    752.5    924.9
     1     1    17     8     3    17     0     0   -34.0   46.057 -119.036    732.9    928.4
     1     1    17     8     3    16     0     0   -35.0   46.095 -118.903    734.5    927.2
     1     1    17     8     3    15     0     0   -36.0   46.141 -118.797    732.2    928.2
     1     1    17     8     3    14     0     0   -37.0   46.117 -118.740    723.4    928.3
     1     1    17     8     3    13     0     0   -38.0   46.107 -118.699    722.2    929.1
     1     1    17     8     3    12     0     0   -39.0   46.168 -118.627    709.5    928.6
     1     1    17     8     3    11     0     0   -40.0   46.202 -118.667    685.8    933.3
     1     1    17     8     3    10     0     0   -41.0   46.169 -118.754    697.0    932.0
     1     1    17     8     3     9     0     0   -42.0   46.108 -118.757    704.6    930.4
     1     1    17     8     3     8     0     0   -43.0   46.073 -118.729    703.7    931.7
     1     1    17     8     3     7     0     0   -44.0   46.048 -118.699    707.5    930.2
     1     1    17     8     3     6     0     0   -45.0   46.044 -118.703    710.1    930.2
     1     1    17     8     3     5     0     0   -46.0   46.040 -118.713    707.3    929.8
     1     1    17     8     3     4     0     0   -47.0   46.052 -118.677    706.5    931.7
     1     1    17     8     3     3     0     0   -48.0   46.108 -118.626    707.6    929.5
     1     1    17     8     3     2     0     0   -49.0   46.173 -118.592    712.0    930.9
     1     1    17     8     3     1     0     0   -50.0   46.201 -118.528    714.6    929.5
     1     1    17     8     3     0     0     0   -51.0   46.179 -118.494    714.7    930.5
     1     1    17     8     2    23     0     0   -52.0   46.158 -118.467    715.2    929.2
     1     1    17     8     2    22     0     0   -53.0   46.129 -118.426    721.5    928.3
     1     1    17     8     2    21     0     0   -54.0   46.127 -118.440    729.5    928.3
     1     1    17     8     2    20     0     0   -55.0   46.140 -118.415    730.2    929.3
     1     1    17     8     2    19     0     0   -56.0   46.168 -118.387    738.3    925.3
     1     1    17     8     2    18     0     0   -57.0   46.266 -118.389    729.1    927.6
     1     1    17     8     2    17     0     0   -58.0   46.403 -118.343    705.9    930.8
     1     1    17     8     2    16     0     0   -59.0   46.547 -118.257    702.5    931.6
     1     1    17     8     2    15     0     0   -60.0   46.677 -118.149    683.1    932.8
     1     1    17     8     2    14     0     0   -61.0   46.802 -118.044    693.4    932.8
     1     1    17     8     2    13     0     0   -62.0   46.930 -117.952    723.9    928.2
