     1     1
    SITE    10     3     1     0     0
     1 BACKWARD OMEGA   
    17     8    14    15   46.392 -119.412   700.0
     1 PRESSURE
     1     1    17     8    14    15     0     0     0.0   46.392 -119.412    700.0    931.4
     1     1    17     8    14    14     0     0    -1.0   46.327 -119.361    719.3    929.2
     1     1    17     8    14    13     0     0    -2.0   46.242 -119.320    711.2    929.1
     1     1    17     8    14    12     0     0    -3.0   46.137 -119.200    720.4    927.2
     1     1    17     8    14    11     0     0    -4.0   46.015 -119.160    689.0    933.6
     1     1    17     8    14    10     0     0    -5.0   45.901 -119.157    696.8    931.1
     1     1    17     8    14     9     0     0    -6.0   45.808 -119.149    689.7    932.3
     1     1    17     8    14     8     0     0    -7.0   45.729 -119.137    689.6    933.1
     1     1    17     8    14     7     0     0    -8.0   45.647 -119.115    709.1    930.7
     1     1    17     8    14     6     0     0    -9.0   45.560 -119.101    712.0    930.0
     1     1    17     8    14     5     0     0   -10.0   45.474 -119.094    711.0    929.3
     1     1    17     8    14     4     0     0   -11.0   45.393 -119.093    691.9    932.8
