     1     1
    SITE    10     3     1     0     0
     1 BACKWARD OMEGA   
    17     8     8     9   46.392 -119.412   700.0
     1 PRESSURE
     1     1    17     8     8     9     0     0     0.0   46.392 -119.412    700.0    931.4
     1     1    17     8     8     8     0     0    -1.0   46.388 -119.360    696.3    931.9
     1     1    17     8     8     7     0     0    -2.0   46.387 -119.323    697.2    931.4
     1     1    17     8     8     6     0     0    -3.0   46.373 -119.300    698.8    931.9
     1     1    17     8     8     5     0     0    -4.0   46.346 -119.292    696.2    931.1
     1     1    17     8     8     4     0     0    -5.0   46.343 -119.262    692.9    932.9
     1     1    17     8     8     3     0     0    -6.0   46.358 -119.217    693.9    932.2
     1     1    17     8     8     2     0     0    -7.0   46.348 -119.208    690.9    932.3
     1     1    17     8     8     1     0     0    -8.0   46.321 -119.220    686.1    933.0
     1     1    17     8     8     0     0     0    -9.0   46.272 -119.226    677.8    933.5
     1     1    17     8     7    23     0     0   -10.0   46.220 -119.250    677.1    935.7
     1     1    17     8     7    22     0     0   -11.0   46.189 -119.302    693.4    932.1
     1     1    17     8     7    21     0     0   -12.0   46.162 -119.328    698.4    930.2
     1     1    17     8     7    20     0     0   -13.0   46.119 -119.323    694.4    932.7
     1     1    17     8     7    19     0     0   -14.0   46.054 -119.317    705.9    932.1
     1     1    17     8     7    18     0     0   -15.0   45.972 -119.291    702.4    930.2
     1     1    17     8     7    17     0     0   -16.0   45.883 -119.255    683.3    933.3
     1     1    17     8     7    16     0     0   -17.0   45.794 -119.206    663.2    934.6
     1     1    17     8     7    15     0     0   -18.0   45.713 -119.124    653.8    937.8
     1     1    17     8     7    14     0     0   -19.0   45.639 -119.053    664.7    935.8
     1     1    17     8     7    13     0     0   -20.0   45.573 -118.996    671.3    934.2
     1     1    17     8     7    12     0     0   -21.0   45.517 -118.964    661.3    936.0
     1     1    17     8     7    11     0     0   -22.0   45.504 -118.927    658.7    937.6
     1     1    17     8     7    10     0     0   -23.0   45.532 -118.851    661.6    937.6
     1     1    17     8     7     9     0     0   -24.0   45.567 -118.769    657.8    934.2
     1     1    17     8     7     8     0     0   -25.0   45.589 -118.679    638.2    939.1
     1     1    17     8     7     7     0     0   -26.0   45.586 -118.609    628.3    940.3
     1     1    17     8     7     6     0     0   -27.0   45.572 -118.592    622.0    940.6
     1     1    17     8     7     5     0     0   -28.0   45.568 -118.554    625.8    941.6
     1     1    17     8     7     4     0     0   -29.0   45.548 -118.498    629.4    939.3
     1     1    17     8     7     3     0     0   -30.0   45.522 -118.452    635.0    939.4
     1     1    17     8     7     2     0     0   -31.0   45.505 -118.416    643.3    938.1
     1     1    17     8     7     1     0     0   -32.0   45.463 -118.383    652.0    937.6
     1     1    17     8     7     0     0     0   -33.0   45.417 -118.318    660.8    936.0
