     1     1
    SITE    10     3     1     0     0
     1 BACKWARD OMEGA   
    17     8    24     7   46.392 -119.412   700.0
     1 PRESSURE
     1     1    17     8    24     7     0     0     0.0   46.392 -119.412    700.0    931.4
     1     1    17     8    24     6     0     0    -1.0   46.396 -119.541    708.4    930.4
     1     1    17     8    24     5     0     0    -2.0   46.384 -119.600    707.6    930.4
     1     1    17     8    24     4     0     0    -3.0   46.389 -119.664    709.7    931.7
     1     1    17     8    24     3     0     0    -4.0   46.352 -119.677    718.2    928.7
     1     1    17     8    24     2     0     0    -5.0   46.301 -119.677    709.7    928.6
     1     1    17     8    24     1     0     0    -6.0   46.259 -119.672    705.4    932.1
     1     1    17     8    24     0     0     0    -7.0   46.257 -119.648    701.0    930.5
     1     1    17     8    23    23     0     0    -8.0   46.255 -119.646    697.9    932.8
     1     1    17     8    23    22     0     0    -9.0   46.223 -119.671    707.3    929.7
     1     1    17     8    23    21     0     0   -10.0   46.182 -119.742    720.5    929.9
     1     1    17     8    23    20     0     0   -11.0   46.112 -119.772    717.6    929.3
     1     1    17     8    23    19     0     0   -12.0   46.045 -119.713    726.2    928.4
     1     1    17     8    23    18     0     0   -13.0   45.982 -119.644    731.0    927.7
     1     1    17     8    23    17     0     0   -14.0   45.910 -119.563    734.2    927.5
     1     1    17     8    23    16     0     0   -15.0   45.843 -119.440    743.6    927.1
     1     1    17     8    23    15     0     0   -16.0   45.740 -119.320    756.8    924.7
     1     1    17     8    23    14     0     0   -17.0   45.627 -119.195    764.8    924.8
     1     1    17     8    23    13     0     0   -18.0   45.496 -119.071    787.0    921.9
