     1     1
    SITE    10     3     1     0     0
     1 BACKWARD OMEGA   
    17     8    26    10   46.392 -119.412   700.0
     1 PRESSURE
     1     1    17     8    26    10     0     0     0.0   46.392 -119.412    700.0    931.4
     1     1    17     8    26     9     0     0    -1.0   46.415 -119.347    714.2    929.8
     1     1    17     8    26     8     0     0    -2.0   46.430 -119.295    719.0    927.9
     1     1    17     8    26     7     0     0    -3.0   46.447 -119.235    701.5    930.1
     1     1    17     8    26     6     0     0    -4.0   46.452 -119.175    684.0    934.3
     1     1    17     8    26     5     0     0    -5.0   46.445 -119.148    681.9    933.9
     1     1    17     8    26     4     0     0    -6.0   46.459 -119.097    664.1    933.5
     1     1    17     8    26     3     0     0    -7.0   46.488 -119.011    652.1    937.1
     1     1    17     8    26     2     0     0    -8.0   46.494 -118.948    651.3    937.9
     1     1    17     8    26     1     0     0    -9.0   46.469 -118.914    654.8    935.9
     1     1    17     8    26     0     0     0   -10.0   46.466 -118.923    653.8    937.4
     1     1    17     8    25    23     0     0   -11.0   46.468 -118.942    651.7    937.1
     1     1    17     8    25    22     0     0   -12.0   46.464 -118.936    650.8    937.5
     1     1    17     8    25    21     0     0   -13.0   46.460 -118.902    651.0    937.0
     1     1    17     8    25    20     0     0   -14.0   46.443 -118.854    646.1    937.7
     1     1    17     8    25    19     0     0   -15.0   46.412 -118.774    640.3    938.6
     1     1    17     8    25    18     0     0   -16.0   46.365 -118.663    629.1    940.1
     1     1    17     8    25    17     0     0   -17.0   46.316 -118.559    613.6    941.5
     1     1    17     8    25    16     0     0   -18.0   46.264 -118.447    606.9    941.7
     1     1    17     8    25    15     0     0   -19.0   46.211 -118.324    604.8    942.4
     1     1    17     8    25    14     0     0   -20.0   46.167 -118.206    598.7    942.2
     1     1    17     8    25    13     0     0   -21.0   46.143 -118.090    583.9    944.7
     1     1    17     8    25    12     0     0   -22.0   46.134 -117.971    604.1    943.1
