     1     1
    SITE    10     3     1     0     0
     1 BACKWARD OMEGA   
    17     8     1    16   46.392 -119.412   700.0
     1 PRESSURE
     1     1    17     8     1    16     0     0     0.0   46.392 -119.412    700.0    931.4
     1     1    17     8     1    15     0     0    -1.0   46.450 -119.207    716.9    929.4
     1     1    17     8     1    14     0     0    -2.0   46.519 -119.067    726.7    928.4
     1     1    17     8     1    13     0     0    -3.0   46.559 -118.967    735.2    927.2
     1     1    17     8     1    12     0     0    -4.0   46.548 -118.954    721.6    928.7
     1     1    17     8     1    11     0     0    -5.0   46.498 -119.014    702.5    931.2
     1     1    17     8     1    10     0     0    -6.0   46.416 -119.013    701.5    931.8
     1     1    17     8     1     9     0     0    -7.0   46.352 -119.002    711.6    930.1
     1     1    17     8     1     8     0     0    -8.0   46.309 -118.996    719.8    928.9
     1     1    17     8     1     7     0     0    -9.0   46.275 -118.983    721.9    928.5
     1     1    17     8     1     6     0     0   -10.0   46.260 -118.988    721.3    929.0
     1     1    17     8     1     5     0     0   -11.0   46.250 -118.993    718.4    928.9
     1     1    17     8     1     4     0     0   -12.0   46.252 -118.962    715.3    930.2
     1     1    17     8     1     3     0     0   -13.0   46.254 -118.935    715.6    929.5
     1     1    17     8     1     2     0     0   -14.0   46.240 -118.907    713.4    929.7
     1     1    17     8     1     1     0     0   -15.0   46.212 -118.869    703.7    929.9
     1     1    17     8     1     0     0     0   -16.0   46.200 -118.818    691.3    932.1
     1     1    17     7    31    23     0     0   -17.0   46.211 -118.808    691.9    932.2
     1     1    17     7    31    22     0     0   -18.0   46.184 -118.825    699.2    932.0
     1     1    17     7    31    21     0     0   -19.0   46.173 -118.822    706.2    930.1
     1     1    17     7    31    20     0     0   -20.0   46.176 -118.846    707.0    930.4
     1     1    17     7    31    19     0     0   -21.0   46.113 -118.873    684.4    930.4
     1     1    17     7    31    18     0     0   -22.0   46.031 -118.835    673.7    934.7
     1     1    17     7    31    17     0     0   -23.0   46.008 -118.744    662.4    935.8
     1     1    17     7    31    16     0     0   -24.0   46.036 -118.647    645.3    936.8
     1     1    17     7    31    15     0     0   -25.0   46.041 -118.528    636.9    939.9
     1     1    17     7    31    14     0     0   -26.0   46.011 -118.425    654.0    936.2
     1     1    17     7    31    13     0     0   -27.0   46.000 -118.337    656.6    936.7
     1     1    17     7    31    12     0     0   -28.0   45.990 -118.232    653.9    935.9
     1     1    17     7    31    11     0     0   -29.0   45.986 -118.128    628.5    940.2
     1     1    17     7    31    10     0     0   -30.0   46.005 -118.027    626.4    940.4
     1     1    17     7    31     9     0     0   -31.0   45.989 -117.941    630.9    939.7
