     1     1
    SITE    10     3     1     0     0
     1 BACKWARD OMEGA   
    17     8    17    19   46.392 -119.412   700.0
     1 PRESSURE
     1     1    17     8    17    19     0     0     0.0   46.392 -119.412    700.0    931.4
     1     1    17     8    17    18     0     0    -1.0   46.293 -119.320    665.2    935.6
     1     1    17     8    17    17     0     0    -2.0   46.220 -119.174    673.1    935.4
     1     1    17     8    17    16     0     0    -3.0   46.230 -119.002    677.8    932.5
     1     1    17     8    17    15     0     0    -4.0   46.264 -118.851    664.6    937.0
     1     1    17     8    17    14     0     0    -5.0   46.255 -118.845    668.9    934.9
     1     1    17     8    17    13     0     0    -6.0   46.215 -118.933    667.2    935.4
     1     1    17     8    17    12     0     0    -7.0   46.142 -118.937    664.1    935.3
     1     1    17     8    17    11     0     0    -8.0   46.055 -118.887    689.1    934.1
     1     1    17     8    17    10     0     0    -9.0   45.958 -118.814    722.5    928.2
     1     1    17     8    17     9     0     0   -10.0   45.862 -118.733    725.3    927.7
     1     1    17     8    17     8     0     0   -11.0   45.748 -118.685    716.5    929.4
     1     1    17     8    17     7     0     0   -12.0   45.618 -118.667    702.2    930.8
     1     1    17     8    17     6     0     0   -13.0   45.503 -118.656    682.9    932.8
     1     1    17     8    17     5     0     0   -14.0   45.436 -118.689    649.9    937.2
