     1     1
    SITE    10     3     1     0     0
     1 BACKWARD OMEGA   
    17     8    10     1   46.392 -119.412   700.0
     1 PRESSURE
     1     1    17     8    10     1     0     0     0.0   46.392 -119.412    700.0    931.4
     1     1    17     8    10     0     0     0    -1.0   46.404 -119.420    706.3    930.7
     1     1    17     8     9    23     0     0    -2.0   46.378 -119.411    703.7    930.7
     1     1    17     8     9    22     0     0    -3.0   46.343 -119.368    700.5    931.2
     1     1    17     8     9    21     0     0    -4.0   46.304 -119.356    702.4    931.6
     1     1    17     8     9    20     0     0    -5.0   46.274 -119.403    695.0    930.3
     1     1    17     8     9    19     0     0    -6.0   46.275 -119.384    680.5    933.8
     1     1    17     8     9    18     0     0    -7.0   46.316 -119.266    685.1    933.9
     1     1    17     8     9    17     0     0    -8.0   46.365 -119.155    697.7    931.2
     1     1    17     8     9    16     0     0    -9.0   46.415 -119.016    687.7    932.8
     1     1    17     8     9    15     0     0   -10.0   46.470 -118.888    674.1    933.8
     1     1    17     8     9    14     0     0   -11.0   46.513 -118.765    654.9    937.7
     1     1    17     8     9    13     0     0   -12.0   46.540 -118.647    660.5    935.7
     1     1    17     8     9    12     0     0   -13.0   46.521 -118.596    658.3    936.6
     1     1    17     8     9    11     0     0   -14.0   46.458 -118.602    660.2    935.8
     1     1    17     8     9    10     0     0   -15.0   46.434 -118.575    662.5    936.1
     1     1    17     8     9     9     0     0   -16.0   46.450 -118.507    665.5    936.4
     1     1    17     8     9     8     0     0   -17.0   46.471 -118.442    674.0    934.3
     1     1    17     8     9     7     0     0   -18.0   46.467 -118.397    675.0    933.4
     1     1    17     8     9     6     0     0   -19.0   46.448 -118.342    671.8    935.0
     1     1    17     8     9     5     0     0   -20.0   46.434 -118.317    673.3    935.1
     1     1    17     8     9     4     0     0   -21.0   46.418 -118.299    675.6    933.8
     1     1    17     8     9     3     0     0   -22.0   46.394 -118.274    671.2    935.1
     1     1    17     8     9     2     0     0   -23.0   46.353 -118.277    670.4    934.4
     1     1    17     8     9     1     0     0   -24.0   46.361 -118.225    650.9    935.4
     1     1    17     8     9     0     0     0   -25.0   46.355 -118.182    646.1    939.5
     1     1    17     8     8    23     0     0   -26.0   46.295 -118.187    651.4    937.4
     1     1    17     8     8    22     0     0   -27.0   46.274 -118.174    659.0    935.6
     1     1    17     8     8    21     0     0   -28.0   46.269 -118.157    661.5    935.9
     1     1    17     8     8    20     0     0   -29.0   46.259 -118.204    653.6    935.7
     1     1    17     8     8    19     0     0   -30.0   46.251 -118.227    646.3    938.1
     1     1    17     8     8    18     0     0   -31.0   46.265 -118.158    639.6    937.7
     1     1    17     8     8    17     0     0   -32.0   46.306 -118.068    657.6    937.8
     1     1    17     8     8    16     0     0   -33.0   46.358 -117.967    672.5    932.6
