     1     1
    SITE    10     3     1     0     0
     1 BACKWARD OMEGA   
    17     8     8     7   46.392 -119.412   700.0
     1 PRESSURE
     1     1    17     8     8     7     0     0     0.0   46.392 -119.412    700.0    931.4
     1     1    17     8     8     6     0     0    -1.0   46.377 -119.389    699.9    931.4
     1     1    17     8     8     5     0     0    -2.0   46.350 -119.381    698.0    931.3
     1     1    17     8     8     4     0     0    -3.0   46.347 -119.351    700.6    932.2
     1     1    17     8     8     3     0     0    -4.0   46.362 -119.305    704.4    930.5
     1     1    17     8     8     2     0     0    -5.0   46.352 -119.296    701.6    931.0
     1     1    17     8     8     1     0     0    -6.0   46.325 -119.308    698.1    931.6
     1     1    17     8     8     0     0     0    -7.0   46.277 -119.314    701.3    931.9
     1     1    17     8     7    23     0     0    -8.0   46.225 -119.337    709.7    931.0
     1     1    17     8     7    22     0     0    -9.0   46.196 -119.389    723.4    928.8
     1     1    17     8     7    21     0     0   -10.0   46.168 -119.413    729.3    927.1
     1     1    17     8     7    20     0     0   -11.0   46.126 -119.408    724.6    928.7
     1     1    17     8     7    19     0     0   -12.0   46.061 -119.401    740.9    929.1
     1     1    17     8     7    18     0     0   -13.0   45.978 -119.374    750.3    924.8
     1     1    17     8     7    17     0     0   -14.0   45.889 -119.338    732.8    927.0
     1     1    17     8     7    16     0     0   -15.0   45.798 -119.286    723.6    927.5
     1     1    17     8     7    15     0     0   -16.0   45.719 -119.202    695.5    931.9
     1     1    17     8     7    14     0     0   -17.0   45.645 -119.131    689.3    933.2
     1     1    17     8     7    13     0     0   -18.0   45.579 -119.074    708.8    929.6
     1     1    17     8     7    12     0     0   -19.0   45.524 -119.042    702.4    930.8
     1     1    17     8     7    11     0     0   -20.0   45.511 -119.006    698.5    933.0
     1     1    17     8     7    10     0     0   -21.0   45.539 -118.932    694.4    931.7
     1     1    17     8     7     9     0     0   -22.0   45.575 -118.853    689.2    932.8
     1     1    17     8     7     8     0     0   -23.0   45.597 -118.763    674.8    933.5
     1     1    17     8     7     7     0     0   -24.0   45.595 -118.692    666.8    935.6
     1     1    17     8     7     6     0     0   -25.0   45.582 -118.676    664.8    935.1
     1     1    17     8     7     5     0     0   -26.0   45.577 -118.641    664.5    936.0
     1     1    17     8     7     4     0     0   -27.0   45.557 -118.584    666.2    935.1
     1     1    17     8     7     3     0     0   -28.0   45.532 -118.538    659.0    935.5
     1     1    17     8     7     2     0     0   -29.0   45.516 -118.504    656.3    937.2
     1     1    17     8     7     1     0     0   -30.0   45.476 -118.469    663.7    936.4
     1     1    17     8     7     0     0     0   -31.0   45.431 -118.402    678.3    933.7
     1     1    17     8     6    23     0     0   -32.0   45.399 -118.326    684.8    932.6
