     1     1
    SITE    10     3     1     0     0
     1 BACKWARD OMEGA   
    17     8     8     4   46.392 -119.412   700.0
     1 PRESSURE
     1     1    17     8     8     4     0     0     0.0   46.392 -119.412    700.0    931.4
     1     1    17     8     8     3     0     0    -1.0   46.407 -119.367    694.9    932.0
     1     1    17     8     8     2     0     0    -2.0   46.397 -119.358    692.2    932.7
     1     1    17     8     8     1     0     0    -3.0   46.370 -119.370    691.0    932.2
     1     1    17     8     8     0     0     0    -4.0   46.324 -119.376    706.3    932.9
     1     1    17     8     7    23     0     0    -5.0   46.274 -119.398    727.9    926.6
     1     1    17     8     7    22     0     0    -6.0   46.245 -119.447    731.0    927.4
     1     1    17     8     7    21     0     0    -7.0   46.218 -119.471    736.2    928.1
     1     1    17     8     7    20     0     0    -8.0   46.175 -119.465    738.6    926.2
     1     1    17     8     7    19     0     0    -9.0   46.109 -119.457    739.1    927.8
     1     1    17     8     7    18     0     0   -10.0   46.025 -119.430    751.5    924.9
     1     1    17     8     7    17     0     0   -11.0   45.935 -119.393    745.3    926.0
     1     1    17     8     7    16     0     0   -12.0   45.843 -119.339    763.2    924.7
     1     1    17     8     7    15     0     0   -13.0   45.765 -119.256    756.6    924.7
     1     1    17     8     7    14     0     0   -14.0   45.692 -119.183    731.5    927.8
     1     1    17     8     7    13     0     0   -15.0   45.626 -119.125    736.0    927.5
     1     1    17     8     7    12     0     0   -16.0   45.570 -119.094    739.4    926.5
     1     1    17     8     7    11     0     0   -17.0   45.557 -119.059    738.1    927.9
     1     1    17     8     7    10     0     0   -18.0   45.586 -118.985    739.4    926.9
     1     1    17     8     7     9     0     0   -19.0   45.622 -118.907    731.4    926.5
     1     1    17     8     7     8     0     0   -20.0   45.645 -118.818    718.4    930.0
     1     1    17     8     7     7     0     0   -21.0   45.643 -118.747    716.9    929.9
     1     1    17     8     7     6     0     0   -22.0   45.629 -118.730    722.6    928.1
     1     1    17     8     7     5     0     0   -23.0   45.625 -118.695    708.6    928.8
     1     1    17     8     7     4     0     0   -24.0   45.605 -118.640    699.7    932.1
     1     1    17     8     7     3     0     0   -25.0   45.580 -118.593    692.9    931.1
     1     1    17     8     7     2     0     0   -26.0   45.564 -118.559    684.1    933.6
     1     1    17     8     7     1     0     0   -27.0   45.523 -118.526    689.6    933.8
     1     1    17     8     7     0     0     0   -28.0   45.479 -118.460    709.6    929.7
     1     1    17     8     6    23     0     0   -29.0   45.449 -118.384    713.4    928.7
     1     1    17     8     6    22     0     0   -30.0   45.461 -118.313    703.5    930.0
     1     1    17     8     6    21     0     0   -31.0   45.467 -118.316    690.8    933.7
     1     1    17     8     6    20     0     0   -32.0   45.433 -118.344    689.1    933.2
     1     1    17     8     6    19     0     0   -33.0   45.441 -118.313    698.9    931.6
     1     1    17     8     6    18     0     0   -34.0   45.460 -118.331    706.8    930.4
     1     1    17     8     6    17     0     0   -35.0   45.456 -118.420    703.9    929.9
     1     1    17     8     6    16     0     0   -36.0   45.482 -118.436    690.9    932.3
     1     1    17     8     6    15     0     0   -37.0   45.495 -118.363    670.4    935.0
     1     1    17     8     6    14     0     0   -38.0   45.507 -118.282    656.4    936.4
     1     1    17     8     6    13     0     0   -39.0   45.510 -118.211    657.2    936.7
     1     1    17     8     6    12     0     0   -40.0   45.470 -118.140    651.7    936.3
     1     1    17     8     6    11     0     0   -41.0   45.425 -118.082    638.1    938.4
