     1     1
    SITE    10     3     1     0     0
     1 BACKWARD OMEGA   
    17     8     2     1   46.392 -119.412   700.0
     1 PRESSURE
     1     1    17     8     2     1     0     0     0.0   46.392 -119.412    700.0    931.4
     1     1    17     8     2     0     0     0    -1.0   46.375 -119.488    694.5    932.1
     1     1    17     8     1    23     0     0    -2.0   46.377 -119.555    695.2    931.2
     1     1    17     8     1    22     0     0    -3.0   46.410 -119.561    685.2    932.6
     1     1    17     8     1    21     0     0    -4.0   46.472 -119.574    690.6    932.6
     1     1    17     8     1    20     0     0    -5.0   46.523 -119.628    694.8    932.2
     1     1    17     8     1    19     0     0    -6.0   46.532 -119.596    691.1    932.0
     1     1    17     8     1    18     0     0    -7.0   46.553 -119.490    688.9    932.9
     1     1    17     8     1    17     0     0    -8.0   46.630 -119.342    701.6    930.7
     1     1    17     8     1    16     0     0    -9.0   46.699 -119.152    737.4    927.5
     1     1    17     8     1    15     0     0   -10.0   46.756 -118.947    761.6    924.4
     1     1    17     8     1    14     0     0   -11.0   46.825 -118.812    740.1    927.4
     1     1    17     8     1    13     0     0   -12.0   46.867 -118.710    743.7    927.2
     1     1    17     8     1    12     0     0   -13.0   46.855 -118.698    774.5    922.8
     1     1    17     8     1    11     0     0   -14.0   46.803 -118.759    793.1    920.2
     1     1    17     8     1    10     0     0   -15.0   46.720 -118.757    798.4    920.1
     1     1    17     8     1     9     0     0   -16.0   46.655 -118.746    785.9    921.7
     1     1    17     8     1     8     0     0   -17.0   46.612 -118.741    790.7    921.9
     1     1    17     8     1     7     0     0   -18.0   46.576 -118.728    806.2    917.8
     1     1    17     8     1     6     0     0   -19.0   46.561 -118.730    809.6    919.4
     1     1    17     8     1     5     0     0   -20.0   46.550 -118.736    811.6    918.6
     1     1    17     8     1     4     0     0   -21.0   46.552 -118.705    810.5    918.8
     1     1    17     8     1     3     0     0   -22.0   46.555 -118.679    811.6    918.9
     1     1    17     8     1     2     0     0   -23.0   46.541 -118.652    811.0    918.8
     1     1    17     8     1     1     0     0   -24.0   46.513 -118.615    812.0    919.2
     1     1    17     8     1     0     0     0   -25.0   46.503 -118.565    802.6    918.5
     1     1    17     7    31    23     0     0   -26.0   46.514 -118.555    807.5    920.0
     1     1    17     7    31    22     0     0   -27.0   46.487 -118.571    803.8    917.5
     1     1    17     7    31    21     0     0   -28.0   46.475 -118.566    797.2    922.0
     1     1    17     7    31    20     0     0   -29.0   46.479 -118.589    803.2    919.8
     1     1    17     7    31    19     0     0   -30.0   46.418 -118.616    805.6    919.8
     1     1    17     7    31    18     0     0   -31.0   46.333 -118.575    816.9    919.4
     1     1    17     7    31    17     0     0   -32.0   46.309 -118.480    831.3    916.0
     1     1    17     7    31    16     0     0   -33.0   46.336 -118.384    836.7    918.6
     1     1    17     7    31    15     0     0   -34.0   46.342 -118.265    817.2    919.0
     1     1    17     7    31    14     0     0   -35.0   46.312 -118.159    816.2    918.1
     1     1    17     7    31    13     0     0   -36.0   46.302 -118.072    833.6    917.4
     1     1    17     7    31    12     0     0   -37.0   46.292 -117.969    840.6    910.8
