     1     1
    SITE    10     3     1     0     0
     1 BACKWARD OMEGA   
    17     8    26     4   46.392 -119.412   700.0
     1 PRESSURE
     1     1    17     8    26     4     0     0     0.0   46.392 -119.412    700.0    931.4
     1     1    17     8    26     3     0     0    -1.0   46.418 -119.325    698.3    931.6
     1     1    17     8    26     2     0     0    -2.0   46.423 -119.262    690.3    933.2
     1     1    17     8    26     1     0     0    -3.0   46.400 -119.229    689.5    932.7
     1     1    17     8    26     0     0     0    -4.0   46.396 -119.238    686.6    932.7
     1     1    17     8    25    23     0     0    -5.0   46.399 -119.256    678.6    934.8
     1     1    17     8    25    22     0     0    -6.0   46.395 -119.249    676.9    934.2
     1     1    17     8    25    21     0     0    -7.0   46.392 -119.213    673.6    934.3
     1     1    17     8    25    20     0     0    -8.0   46.375 -119.165    669.2    934.6
     1     1    17     8    25    19     0     0    -9.0   46.343 -119.090    653.8    936.0
     1     1    17     8    25    18     0     0   -10.0   46.297 -118.989    645.8    938.1
     1     1    17     8    25    17     0     0   -11.0   46.249 -118.888    637.9    938.2
     1     1    17     8    25    16     0     0   -12.0   46.197 -118.778    625.3    940.5
     1     1    17     8    25    15     0     0   -13.0   46.145 -118.657    630.8    940.0
     1     1    17     8    25    14     0     0   -14.0   46.103 -118.541    640.7    938.7
     1     1    17     8    25    13     0     0   -15.0   46.077 -118.428    643.3    938.0
     1     1    17     8    25    12     0     0   -16.0   46.064 -118.313    624.4    940.3
     1     1    17     8    25    11     0     0   -17.0   46.026 -118.259    613.2    942.0
     1     1    17     8    25    10     0     0   -18.0   45.978 -118.298    610.3    941.6
     1     1    17     8    25     9     0     0   -19.0   45.944 -118.316    610.9    943.0
     1     1    17     8    25     8     0     0   -20.0   45.904 -118.307    620.0    940.9
     1     1    17     8    25     7     0     0   -21.0   45.872 -118.286    624.2    939.6
     1     1    17     8    25     6     0     0   -22.0   45.839 -118.244    625.6    940.5
     1     1    17     8    25     5     0     0   -23.0   45.790 -118.233    623.1    939.9
     1     1    17     8    25     4     0     0   -24.0   45.743 -118.245    617.9    941.6
     1     1    17     8    25     3     0     0   -25.0   45.705 -118.266    619.5    941.1
     1     1    17     8    25     2     0     0   -26.0   45.665 -118.302    614.6    940.5
     1     1    17     8    25     1     0     0   -27.0   45.645 -118.351    611.4    943.1
     1     1    17     8    25     0     0     0   -28.0   45.617 -118.390    609.4    941.2
     1     1    17     8    24    23     0     0   -29.0   45.583 -118.432    608.8    942.8
     1     1    17     8    24    22     0     0   -30.0   45.614 -118.562    626.8    941.6
     1     1    17     8    24    21     0     0   -31.0   45.719 -118.767    657.2    936.4
     1     1    17     8    24    20     0     0   -32.0   45.864 -118.989    674.8    933.9
     1     1    17     8    24    19     0     0   -33.0   46.032 -119.228    689.5    933.4
     1     1    17     8    24    18     0     0   -34.0   46.250 -119.503    723.7    928.5
     1     1    17     8    24    17     0     0   -35.0   46.483 -119.807    740.8    925.9
     1     1    17     8    24    16     0     0   -36.0   46.711 -120.100    738.1    926.2
     1     1    17     8    24    15     0     0   -37.0   46.921 -120.355    762.8    923.9
     1     1    17     8    24    14     0     0   -38.0   47.072 -120.558    774.3    923.4
     1     1    17     8    24    13     0     0   -39.0   47.100 -120.744    779.0    922.3
