     1     1
    SITE    10     3     1     0     0
     1 BACKWARD OMEGA   
    17     8     4     5   46.392 -119.412   700.0
     1 PRESSURE
     1     1    17     8     4     5     0     0     0.0   46.392 -119.412    700.0    931.4
     1     1    17     8     4     4     0     0    -1.0   46.357 -119.442    707.4    930.6
     1     1    17     8     4     3     0     0    -2.0   46.295 -119.416    712.5    929.4
     1     1    17     8     4     2     0     0    -3.0   46.238 -119.397    694.9    931.2
     1     1    17     8     4     1     0     0    -4.0   46.180 -119.400    692.1    935.0
     1     1    17     8     4     0     0     0    -5.0   46.126 -119.392    697.0    929.8
     1     1    17     8     3    23     0     0    -6.0   46.070 -119.397    690.8    933.2
     1     1    17     8     3    22     0     0    -7.0   46.002 -119.406    687.5    932.9
     1     1    17     8     3    21     0     0    -8.0   45.928 -119.373    682.9    933.6
     1     1    17     8     3    20     0     0    -9.0   45.836 -119.352    675.1    934.0
     1     1    17     8     3    19     0     0   -10.0   45.733 -119.367    671.1    935.4
     1     1    17     8     3    18     0     0   -11.0   45.637 -119.345    665.5    934.8
     1     1    17     8     3    17     0     0   -12.0   45.597 -119.242    647.3    937.6
     1     1    17     8     3    16     0     0   -13.0   45.631 -119.114    636.4    939.5
     1     1    17     8     3    15     0     0   -14.0   45.675 -119.010    633.3    939.3
     1     1    17     8     3    14     0     0   -15.0   45.650 -118.956    628.4    939.8
     1     1    17     8     3    13     0     0   -16.0   45.644 -118.915    629.3    940.0
     1     1    17     8     3    12     0     0   -17.0   45.705 -118.841    608.3    939.9
     1     1    17     8     3    11     0     0   -18.0   45.737 -118.880    586.1    946.5
     1     1    17     8     3    10     0     0   -19.0   45.704 -118.963    587.4    944.2
     1     1    17     8     3     9     0     0   -20.0   45.644 -118.967    582.5    944.3
     1     1    17     8     3     8     0     0   -21.0   45.609 -118.940    567.7    947.0
     1     1    17     8     3     7     0     0   -22.0   45.584 -118.910    567.2    947.2
     1     1    17     8     3     6     0     0   -23.0   45.580 -118.913    571.7    945.8
     1     1    17     8     3     5     0     0   -24.0   45.575 -118.923    573.0    945.5
     1     1    17     8     3     4     0     0   -25.0   45.587 -118.887    570.4    945.6
     1     1    17     8     3     3     0     0   -26.0   45.643 -118.835    567.5    947.2
     1     1    17     8     3     2     0     0   -27.0   45.708 -118.803    571.9    945.8
     1     1    17     8     3     1     0     0   -28.0   45.737 -118.741    577.0    945.1
     1     1    17     8     3     0     0     0   -29.0   45.715 -118.708    572.9    945.0
     1     1    17     8     2    23     0     0   -30.0   45.693 -118.679    578.4    945.9
     1     1    17     8     2    22     0     0   -31.0   45.663 -118.638    574.2    944.3
     1     1    17     8     2    21     0     0   -32.0   45.661 -118.656    568.2    946.2
     1     1    17     8     2    20     0     0   -33.0   45.675 -118.633    566.7    947.9
     1     1    17     8     2    19     0     0   -34.0   45.702 -118.608    571.5    946.0
     1     1    17     8     2    18     0     0   -35.0   45.800 -118.613    550.3    947.1
     1     1    17     8     2    17     0     0   -36.0   45.935 -118.571    532.5    950.3
     1     1    17     8     2    16     0     0   -37.0   46.082 -118.485    549.8    948.1
     1     1    17     8     2    15     0     0   -38.0   46.215 -118.374    553.0    947.6
     1     1    17     8     2    14     0     0   -39.0   46.337 -118.266    552.4    948.5
     1     1    17     8     2    13     0     0   -40.0   46.462 -118.179    571.9    945.2
     1     1    17     8     2    12     0     0   -41.0   46.521 -118.029    572.5    945.2
     1     1    17     8     2    11     0     0   -42.0   46.601 -117.889    574.5    945.6
