     1     1
    SITE    10     3     1     0     0
     1 BACKWARD OMEGA   
    17     8    17    11   46.392 -119.412   700.0
     1 PRESSURE
     1     1    17     8    17    11     0     0     0.0   46.392 -119.412    700.0    931.4
     1     1    17     8    17    10     0     0    -1.0   46.295 -119.340    677.9    934.1
     1     1    17     8    17     9     0     0    -2.0   46.201 -119.257    668.5    935.6
     1     1    17     8    17     8     0     0    -3.0   46.089 -119.207    679.8    933.9
     1     1    17     8    17     7     0     0    -4.0   45.958 -119.185    712.1    931.5
     1     1    17     8    17     6     0     0    -5.0   45.845 -119.173    745.3    925.3
     1     1    17     8    17     5     0     0    -6.0   45.777 -119.206    742.9    927.0
     1     1    17     8    17     4     0     0    -7.0   45.726 -119.284    743.4    926.9
     1     1    17     8    17     3     0     0    -8.0   45.675 -119.377    737.4    925.3
     1     1    17     8    17     2     0     0    -9.0   45.661 -119.503    719.0    929.5
     1     1    17     8    17     1     0     0   -10.0   45.660 -119.653    699.7    930.8
     1     1    17     8    17     0     0     0   -11.0   45.684 -119.831    699.9    932.3
     1     1    17     8    16    23     0     0   -12.0   45.763 -119.998    709.9    929.2
     1     1    17     8    16    22     0     0   -13.0   45.904 -120.204    683.4    933.2
     1     1    17     8    16    21     0     0   -14.0   46.079 -120.459    674.5    933.9
     1     1    17     8    16    20     0     0   -15.0   46.217 -120.699    680.0    933.3
