     1     1
    SITE    10     3     1     0     0
     1 BACKWARD OMEGA   
    17     8     5     6   46.392 -119.412   700.0
     1 PRESSURE
     1     1    17     8     5     6     0     0     0.0   46.392 -119.412    700.0    931.4
     1     1    17     8     5     5     0     0    -1.0   46.395 -119.367    687.2    932.9
     1     1    17     8     5     4     0     0    -2.0   46.430 -119.294    677.5    934.3
     1     1    17     8     5     3     0     0    -3.0   46.428 -119.239    676.5    934.9
     1     1    17     8     5     2     0     0    -4.0   46.390 -119.213    679.5    933.5
     1     1    17     8     5     1     0     0    -5.0   46.356 -119.179    677.7    933.8
     1     1    17     8     5     0     0     0    -6.0   46.371 -119.131    657.3    934.2
     1     1    17     8     4    23     0     0    -7.0   46.426 -119.083    643.4    939.5
     1     1    17     8     4    22     0     0    -8.0   46.453 -119.025    640.5    938.5
     1     1    17     8     4    21     0     0    -9.0   46.448 -119.028    630.1    939.5
     1     1    17     8     4    20     0     0   -10.0   46.467 -119.096    626.2    940.3
     1     1    17     8     4    19     0     0   -11.0   46.473 -119.089    609.0    941.1
     1     1    17     8     4    18     0     0   -12.0   46.497 -119.006    611.8    942.8
     1     1    17     8     4    17     0     0   -13.0   46.565 -118.895    635.5    939.4
     1     1    17     8     4    16     0     0   -14.0   46.629 -118.772    643.6    937.7
     1     1    17     8     4    15     0     0   -15.0   46.663 -118.666    636.0    938.8
     1     1    17     8     4    14     0     0   -16.0   46.683 -118.658    638.8    939.2
     1     1    17     8     4    13     0     0   -17.0   46.677 -118.732    648.5    936.4
     1     1    17     8     4    12     0     0   -18.0   46.633 -118.812    650.5    937.5
     1     1    17     8     4    11     0     0   -19.0   46.657 -118.873    656.2    936.6
     1     1    17     8     4    10     0     0   -20.0   46.774 -118.900    683.7    933.8
     1     1    17     8     4     9     0     0   -21.0   46.885 -118.936    679.1    934.7
     1     1    17     8     4     8     0     0   -22.0   46.917 -118.982    682.9    933.3
     1     1    17     8     4     7     0     0   -23.0   46.905 -119.019    684.3    932.9
     1     1    17     8     4     6     0     0   -24.0   46.886 -119.027    685.1    933.4
     1     1    17     8     4     5     0     0   -25.0   46.873 -119.052    684.3    932.8
     1     1    17     8     4     4     0     0   -26.0   46.837 -119.083    670.7    933.7
     1     1    17     8     4     3     0     0   -27.0   46.771 -119.058    672.6    935.4
     1     1    17     8     4     2     0     0   -28.0   46.715 -119.038    684.1    931.6
     1     1    17     8     4     1     0     0   -29.0   46.658 -119.041    676.4    932.9
     1     1    17     8     4     0     0     0   -30.0   46.605 -119.031    667.2    936.3
     1     1    17     8     3    23     0     0   -31.0   46.547 -119.037    665.9    935.4
     1     1    17     8     3    22     0     0   -32.0   46.478 -119.045    667.3    935.1
     1     1    17     8     3    21     0     0   -33.0   46.403 -119.011    661.8    936.0
     1     1    17     8     3    20     0     0   -34.0   46.308 -118.995    672.7    934.2
     1     1    17     8     3    19     0     0   -35.0   46.203 -119.017    672.5    934.5
     1     1    17     8     3    18     0     0   -36.0   46.108 -118.993    650.3    936.1
     1     1    17     8     3    17     0     0   -37.0   46.072 -118.889    627.0    940.7
     1     1    17     8     3    16     0     0   -38.0   46.111 -118.761    629.0    939.9
     1     1    17     8     3    15     0     0   -39.0   46.157 -118.656    625.6    940.1
     1     1    17     8     3    14     0     0   -40.0   46.134 -118.597    619.1    941.3
     1     1    17     8     3    13     0     0   -41.0   46.126 -118.558    620.2    940.9
     1     1    17     8     3    12     0     0   -42.0   46.188 -118.482    614.7    940.3
     1     1    17     8     3    11     0     0   -43.0   46.221 -118.520    600.3    943.0
     1     1    17     8     3    10     0     0   -44.0   46.189 -118.604    590.3    944.4
     1     1    17     8     3     9     0     0   -45.0   46.127 -118.606    597.2    943.3
     1     1    17     8     3     8     0     0   -46.0   46.089 -118.577    603.8    941.9
     1     1    17     8     3     7     0     0   -47.0   46.064 -118.547    598.1    942.6
     1     1    17     8     3     6     0     0   -48.0   46.059 -118.551    594.1    944.1
     1     1    17     8     3     5     0     0   -49.0   46.055 -118.562    594.6    943.3
     1     1    17     8     3     4     0     0   -50.0   46.067 -118.525    589.9    943.5
     1     1    17     8     3     3     0     0   -51.0   46.125 -118.472    588.6    943.2
     1     1    17     8     3     2     0     0   -52.0   46.191 -118.440    580.1    945.3
     1     1    17     8     3     1     0     0   -53.0   46.222 -118.381    586.4    944.5
     1     1    17     8     3     0     0     0   -54.0   46.202 -118.347    594.5    943.3
     1     1    17     8     2    23     0     0   -55.0   46.179 -118.319    597.8    942.7
     1     1    17     8     2    22     0     0   -56.0   46.148 -118.278    592.8    943.6
     1     1    17     8     2    21     0     0   -57.0   46.146 -118.293    604.1    943.5
     1     1    17     8     2    20     0     0   -58.0   46.162 -118.267    632.4    937.9
     1     1    17     8     2    19     0     0   -59.0   46.188 -118.239    656.3    940.2
     1     1    17     8     2    18     0     0   -60.0   46.284 -118.243    656.1    936.2
     1     1    17     8     2    17     0     0   -61.0   46.422 -118.197    623.5    940.1
     1     1    17     8     2    16     0     0   -62.0   46.567 -118.109    622.0    940.5
     1     1    17     8     2    15     0     0   -63.0   46.700 -117.999    605.1    943.0
     1     1    17     8     2    14     0     0   -64.0   46.821 -117.898    622.1    941.1
