     1     1
    SITE    10     3     1     0     0
     1 BACKWARD OMEGA   
    17     8    28    22   46.392 -119.412   700.0
     1 PRESSURE
     1     1    17     8    28    22     0     0     0.0   46.392 -119.412    700.0    931.4
     1     1    17     8    28    21     0     0    -1.0   46.367 -119.376    692.1    932.4
     1     1    17     8    28    20     0     0    -2.0   46.342 -119.405    688.3    933.1
     1     1    17     8    28    19     0     0    -3.0   46.305 -119.447    691.3    932.1
     1     1    17     8    28    18     0     0    -4.0   46.317 -119.497    696.8    932.3
     1     1    17     8    28    17     0     0    -5.0   46.402 -119.585    693.1    932.5
     1     1    17     8    28    16     0     0    -6.0   46.492 -119.633    686.7    932.9
     1     1    17     8    28    15     0     0    -7.0   46.581 -119.651    680.1    933.5
     1     1    17     8    28    14     0     0    -8.0   46.581 -119.658    684.8    933.5
     1     1    17     8    28    13     0     0    -9.0   46.488 -119.671    673.9    934.4
     1     1    17     8    28    12     0     0   -10.0   46.480 -119.638    671.2    935.3
     1     1    17     8    28    11     0     0   -11.0   46.563 -119.588    688.7    932.1
     1     1    17     8    28    10     0     0   -12.0   46.561 -119.590    685.7    933.1
     1     1    17     8    28     9     0     0   -13.0   46.569 -119.612    687.6    933.4
     1     1    17     8    28     8     0     0   -14.0   46.576 -119.642    707.4    931.1
     1     1    17     8    28     7     0     0   -15.0   46.518 -119.616    711.1    930.8
     1     1    17     8    28     6     0     0   -16.0   46.475 -119.619    718.8    928.9
     1     1    17     8    28     5     0     0   -17.0   46.433 -119.596    702.3    928.5
     1     1    17     8    28     4     0     0   -18.0   46.393 -119.530    687.4    933.4
     1     1    17     8    28     3     0     0   -19.0   46.346 -119.568    701.3    932.3
     1     1    17     8    28     2     0     0   -20.0   46.339 -119.596    709.6    929.4
     1     1    17     8    28     1     0     0   -21.0   46.345 -119.550    705.0    931.0
     1     1    17     8    28     0     0     0   -22.0   46.324 -119.490    705.8    931.5
     1     1    17     8    27    23     0     0   -23.0   46.292 -119.429    707.5    930.1
     1     1    17     8    27    22     0     0   -24.0   46.271 -119.360    718.8    930.8
     1     1    17     8    27    21     0     0   -25.0   46.257 -119.299    728.0    926.9
     1     1    17     8    27    20     0     0   -26.0   46.230 -119.272    725.2    928.3
     1     1    17     8    27    19     0     0   -27.0   46.202 -119.274    721.2    928.7
     1     1    17     8    27    18     0     0   -28.0   46.190 -119.265    714.6    929.6
     1     1    17     8    27    17     0     0   -29.0   46.184 -119.244    711.1    930.2
     1     1    17     8    27    16     0     0   -30.0   46.171 -119.207    712.9    930.5
     1     1    17     8    27    15     0     0   -31.0   46.144 -119.142    712.3    929.6
     1     1    17     8    27    14     0     0   -32.0   46.105 -119.064    704.0    930.2
     1     1    17     8    27    13     0     0   -33.0   46.063 -118.986    699.8    932.4
     1     1    17     8    27    12     0     0   -34.0   46.064 -118.919    697.1    931.0
     1     1    17     8    27    11     0     0   -35.0   46.059 -118.867    701.2    931.9
     1     1    17     8    27    10     0     0   -36.0   46.025 -118.819    709.2    930.7
     1     1    17     8    27     9     0     0   -37.0   46.016 -118.762    710.1    929.7
     1     1    17     8    27     8     0     0   -38.0   46.013 -118.698    701.1    930.9
     1     1    17     8    27     7     0     0   -39.0   46.027 -118.638    692.0    932.8
     1     1    17     8    27     6     0     0   -40.0   46.044 -118.628    693.8    932.8
     1     1    17     8    27     5     0     0   -41.0   46.036 -118.635    695.7    931.3
     1     1    17     8    27     4     0     0   -42.0   46.047 -118.597    700.4    932.3
     1     1    17     8    27     3     0     0   -43.0   46.071 -118.528    700.0    930.4
     1     1    17     8    27     2     0     0   -44.0   46.082 -118.451    690.3    932.7
     1     1    17     8    27     1     0     0   -45.0   46.091 -118.386    688.5    933.8
     1     1    17     8    27     0     0     0   -46.0   46.085 -118.337    692.8    932.0
     1     1    17     8    26    23     0     0   -47.0   46.095 -118.290    702.6    932.1
     1     1    17     8    26    22     0     0   -48.0   46.131 -118.236    706.2    930.1
     1     1    17     8    26    21     0     0   -49.0   46.141 -118.226    700.6    930.7
     1     1    17     8    26    20     0     0   -50.0   46.125 -118.258    694.9    932.1
     1     1    17     8    26    19     0     0   -51.0   46.115 -118.233    684.5    932.6
     1     1    17     8    26    18     0     0   -52.0   46.143 -118.174    665.1    935.3
     1     1    17     8    26    17     0     0   -53.0   46.207 -118.123    657.3    937.3
     1     1    17     8    26    16     0     0   -54.0   46.277 -118.060    659.6    937.0
     1     1    17     8    26    15     0     0   -55.0   46.350 -117.999    679.1    933.6
     1     1    17     8    26    14     0     0   -56.0   46.382 -117.922    683.3    933.1
