     1     1
    SITE    10     3     1     0     0
     1 BACKWARD OMEGA   
    17     8    11    23   46.392 -119.412   700.0
     1 PRESSURE
     1     1    17     8    11    23     0     0     0.0   46.392 -119.412    700.0    931.4
     1     1    17     8    11    22     0     0    -1.0   46.345 -119.379    706.2    930.7
     1     1    17     8    11    21     0     0    -2.0   46.258 -119.348    695.1    928.7
     1     1    17     8    11    20     0     0    -3.0   46.143 -119.381    656.4    935.6
     1     1    17     8    11    19     0     0    -4.0   46.028 -119.468    648.3    935.9
     1     1    17     8    11    18     0     0    -5.0   45.928 -119.506    630.7    940.2
     1     1    17     8    11    17     0     0    -6.0   45.856 -119.491    640.3    938.8
     1     1    17     8    11    16     0     0    -7.0   45.829 -119.421    658.4    936.1
     1     1    17     8    11    15     0     0    -8.0   45.838 -119.323    659.7    936.2
     1     1    17     8    11    14     0     0    -9.0   45.836 -119.227    657.2    936.5
     1     1    17     8    11    13     0     0   -10.0   45.804 -119.128    647.8    937.5
     1     1    17     8    11    12     0     0   -11.0   45.752 -119.051    642.8    938.0
     1     1    17     8    11    11     0     0   -12.0   45.709 -118.990    630.7    939.2
     1     1    17     8    11    10     0     0   -13.0   45.702 -118.915    621.3    941.3
     1     1    17     8    11     9     0     0   -14.0   45.729 -118.829    628.7    940.7
     1     1    17     8    11     8     0     0   -15.0   45.772 -118.736    629.7    938.2
     1     1    17     8    11     7     0     0   -16.0   45.828 -118.658    626.9    941.2
     1     1    17     8    11     6     0     0   -17.0   45.880 -118.596    621.1    939.6
     1     1    17     8    11     5     0     0   -18.0   45.867 -118.569    603.3    942.7
     1     1    17     8    11     4     0     0   -19.0   45.824 -118.603    592.0    944.0
     1     1    17     8    11     3     0     0   -20.0   45.786 -118.630    592.3    944.5
     1     1    17     8    11     2     0     0   -21.0   45.749 -118.589    596.7    942.7
     1     1    17     8    11     1     0     0   -22.0   45.726 -118.539    597.3    943.3
     1     1    17     8    11     0     0     0   -23.0   45.703 -118.511    599.9    943.3
     1     1    17     8    10    23     0     0   -24.0   45.662 -118.500    602.2    942.3
     1     1    17     8    10    22     0     0   -25.0   45.624 -118.544    592.5    942.9
     1     1    17     8    10    21     0     0   -26.0   45.612 -118.566    585.3    945.4
     1     1    17     8    10    20     0     0   -27.0   45.621 -118.572    591.8    944.3
     1     1    17     8    10    19     0     0   -28.0   45.613 -118.633    581.2    943.5
     1     1    17     8    10    18     0     0   -29.0   45.604 -118.606    577.9    948.6
     1     1    17     8    10    17     0     0   -30.0   45.638 -118.475    604.0    942.8
     1     1    17     8    10    16     0     0   -31.0   45.682 -118.345    628.6    941.2
     1     1    17     8    10    15     0     0   -32.0   45.720 -118.220    643.4    937.5
     1     1    17     8    10    14     0     0   -33.0   45.759 -118.098    642.6    938.1
     1     1    17     8    10    13     0     0   -34.0   45.795 -117.992    664.8    936.8
