     1     1
    SITE    10     3     1     0     0
     1 BACKWARD OMEGA   
    17     8    11     1   46.392 -119.412   700.0
     1 PRESSURE
     1     1    17     8    11     1     0     0     0.0   46.392 -119.412    700.0    931.4
     1     1    17     8    11     0     0     0    -1.0   46.369 -119.382    699.2    931.5
     1     1    17     8    10    23     0     0    -2.0   46.328 -119.370    695.6    931.4
     1     1    17     8    10    22     0     0    -3.0   46.291 -119.416    682.1    933.9
     1     1    17     8    10    21     0     0    -4.0   46.280 -119.439    682.2    933.9
     1     1    17     8    10    20     0     0    -5.0   46.288 -119.445    684.1    933.2
     1     1    17     8    10    19     0     0    -6.0   46.279 -119.508    675.3    933.4
     1     1    17     8    10    18     0     0    -7.0   46.270 -119.480    687.2    934.7
     1     1    17     8    10    17     0     0    -8.0   46.303 -119.347    705.6    930.7
     1     1    17     8    10    16     0     0    -9.0   46.346 -119.213    727.8    928.5
     1     1    17     8    10    15     0     0   -10.0   46.385 -119.082    740.0    926.1
     1     1    17     8    10    14     0     0   -11.0   46.423 -118.959    732.9    927.3
     1     1    17     8    10    13     0     0   -12.0   46.456 -118.850    735.6    927.9
     1     1    17     8    10    12     0     0   -13.0   46.472 -118.753    736.7    926.5
     1     1    17     8    10    11     0     0   -14.0   46.498 -118.674    729.4    929.4
     1     1    17     8    10    10     0     0   -15.0   46.511 -118.614    734.5    926.2
     1     1    17     8    10     9     0     0   -16.0   46.475 -118.539    723.0    928.5
     1     1    17     8    10     8     0     0   -17.0   46.408 -118.468    712.9    930.1
     1     1    17     8    10     7     0     0   -18.0   46.350 -118.422    710.8    930.2
     1     1    17     8    10     6     0     0   -19.0   46.338 -118.373    717.1    930.6
     1     1    17     8    10     5     0     0   -20.0   46.356 -118.327    718.5    927.8
     1     1    17     8    10     4     0     0   -21.0   46.358 -118.321    709.2    930.7
     1     1    17     8    10     3     0     0   -22.0   46.334 -118.313    711.7    931.1
     1     1    17     8    10     2     0     0   -23.0   46.322 -118.270    718.2    929.0
     1     1    17     8    10     1     0     0   -24.0   46.349 -118.226    720.5    928.9
     1     1    17     8    10     0     0     0   -25.0   46.360 -118.235    719.7    928.8
     1     1    17     8     9    23     0     0   -26.0   46.333 -118.226    713.5    931.0
     1     1    17     8     9    22     0     0   -27.0   46.297 -118.185    723.5    928.6
     1     1    17     8     9    21     0     0   -28.0   46.258 -118.171    727.4    927.6
     1     1    17     8     9    20     0     0   -29.0   46.226 -118.218    729.9    928.3
     1     1    17     8     9    19     0     0   -30.0   46.225 -118.197    713.5    929.3
     1     1    17     8     9    18     0     0   -31.0   46.268 -118.076    705.3    931.1
     1     1    17     8     9    17     0     0   -32.0   46.318 -117.960    720.8    929.1
