     1     1
    SITE    10     3     1     0     0
     1 BACKWARD OMEGA   
    17     8    17     9   46.392 -119.412   700.0
     1 PRESSURE
     1     1    17     8    17     9     0     0     0.0   46.392 -119.412    700.0    931.4
     1     1    17     8    17     8     0     0    -1.0   46.280 -119.363    682.9    933.5
     1     1    17     8    17     7     0     0    -2.0   46.152 -119.345    682.3    932.7
     1     1    17     8    17     6     0     0    -3.0   46.040 -119.332    663.8    935.7
     1     1    17     8    17     5     0     0    -4.0   45.973 -119.362    651.6    937.3
     1     1    17     8    17     4     0     0    -5.0   45.923 -119.439    649.9    937.5
     1     1    17     8    17     3     0     0    -6.0   45.872 -119.535    657.0    937.1
     1     1    17     8    17     2     0     0    -7.0   45.859 -119.663    672.4    934.7
     1     1    17     8    17     1     0     0    -8.0   45.857 -119.811    691.4    932.7
     1     1    17     8    17     0     0     0    -9.0   45.885 -119.986    709.7    931.2
     1     1    17     8    16    23     0     0   -10.0   45.962 -120.154    753.5    925.4
     1     1    17     8    16    22     0     0   -11.0   46.098 -120.360    765.3    923.7
     1     1    17     8    16    21     0     0   -12.0   46.270 -120.613    755.4    926.0
