     1     1
    SITE    10     3     1     0     0
     1 BACKWARD OMEGA   
    17     8    20    18   46.392 -119.412   700.0
     1 PRESSURE
     1     1    17     8    20    18     0     0     0.0   46.392 -119.412    700.0    931.4
     1     1    17     8    20    17     0     0    -1.0   46.357 -119.249    671.3    934.8
     1     1    17     8    20    16     0     0    -2.0   46.336 -119.081    668.9    934.3
     1     1    17     8    20    15     0     0    -3.0   46.311 -118.924    679.6    934.5
     1     1    17     8    20    14     0     0    -4.0   46.242 -118.873    683.7    932.5
     1     1    17     8    20    13     0     0    -5.0   46.159 -118.919    666.9    935.1
     1     1    17     8    20    12     0     0    -6.0   46.092 -118.926    658.5    936.9
     1     1    17     8    20    11     0     0    -7.0   46.037 -118.925    661.6    935.6
     1     1    17     8    20    10     0     0    -8.0   45.984 -118.954    654.9    936.9
     1     1    17     8    20     9     0     0    -9.0   45.940 -118.985    655.5    937.5
     1     1    17     8    20     8     0     0   -10.0   45.888 -118.987    658.8    935.9
     1     1    17     8    20     7     0     0   -11.0   45.815 -118.953    652.1    937.4
     1     1    17     8    20     6     0     0   -12.0   45.738 -118.919    646.1    937.7
     1     1    17     8    20     5     0     0   -13.0   45.656 -118.911    639.6    939.0
     1     1    17     8    20     4     0     0   -14.0   45.567 -118.921    647.9    937.4
     1     1    17     8    20     3     0     0   -15.0   45.475 -118.909    637.1    938.8
     1     1    17     8    20     2     0     0   -16.0   45.409 -118.909    633.2    939.4
