     1     1
    SITE    10     3     1     0     0
     1 BACKWARD OMEGA   
    17     8     9     0   46.392 -119.412   700.0
     1 PRESSURE
     1     1    17     8     9     0     0     0     0.0   46.392 -119.412    700.0    931.4
     1     1    17     8     8    23     0     0    -1.0   46.334 -119.420    695.7    931.9
     1     1    17     8     8    22     0     0    -2.0   46.312 -119.407    687.0    933.0
     1     1    17     8     8    21     0     0    -3.0   46.305 -119.390    681.1    934.2
     1     1    17     8     8    20     0     0    -4.0   46.295 -119.437    685.5    933.7
     1     1    17     8     8    19     0     0    -5.0   46.287 -119.458    685.5    932.7
     1     1    17     8     8    18     0     0    -6.0   46.299 -119.391    684.9    933.7
     1     1    17     8     8    17     0     0    -7.0   46.337 -119.299    687.2    932.5
     1     1    17     8     8    16     0     0    -8.0   46.388 -119.197    689.3    932.4
     1     1    17     8     8    15     0     0    -9.0   46.411 -119.079    680.3    933.6
     1     1    17     8     8    14     0     0   -10.0   46.391 -118.963    688.0    933.3
     1     1    17     8     8    13     0     0   -11.0   46.350 -118.877    698.2    931.4
     1     1    17     8     8    12     0     0   -12.0   46.331 -118.790    696.7    931.4
     1     1    17     8     8    11     0     0   -13.0   46.351 -118.697    686.3    932.8
     1     1    17     8     8    10     0     0   -14.0   46.377 -118.611    680.8    935.0
     1     1    17     8     8     9     0     0   -15.0   46.383 -118.539    687.3    933.0
     1     1    17     8     8     8     0     0   -16.0   46.379 -118.487    690.6    932.6
     1     1    17     8     8     7     0     0   -17.0   46.377 -118.450    692.2    932.2
     1     1    17     8     8     6     0     0   -18.0   46.363 -118.429    693.4    932.1
     1     1    17     8     8     5     0     0   -19.0   46.336 -118.421    691.9    932.1
     1     1    17     8     8     4     0     0   -20.0   46.333 -118.390    685.8    933.0
     1     1    17     8     8     3     0     0   -21.0   46.348 -118.344    680.1    934.2
     1     1    17     8     8     2     0     0   -22.0   46.338 -118.335    677.7    934.0
     1     1    17     8     8     1     0     0   -23.0   46.311 -118.348    676.2    934.2
     1     1    17     8     8     0     0     0   -24.0   46.264 -118.354    679.0    934.4
     1     1    17     8     7    23     0     0   -25.0   46.214 -118.375    681.9    932.8
     1     1    17     8     7    22     0     0   -26.0   46.185 -118.426    683.0    933.6
     1     1    17     8     7    21     0     0   -27.0   46.157 -118.450    685.2    933.1
     1     1    17     8     7    20     0     0   -28.0   46.114 -118.445    692.7    932.3
     1     1    17     8     7    19     0     0   -29.0   46.047 -118.436    680.0    931.4
     1     1    17     8     7    18     0     0   -30.0   45.963 -118.405    678.6    934.4
     1     1    17     8     7    17     0     0   -31.0   45.874 -118.368    674.9    933.8
     1     1    17     8     7    16     0     0   -32.0   45.785 -118.319    648.4    937.1
     1     1    17     8     7    15     0     0   -33.0   45.704 -118.234    636.7    939.2
     1     1    17     8     7    14     0     0   -34.0   45.630 -118.162    639.3    938.6
     1     1    17     8     7    13     0     0   -35.0   45.562 -118.105    645.0    938.1
     1     1    17     8     7    12     0     0   -36.0   45.507 -118.074    654.3    936.7
     1     1    17     8     7    11     0     0   -37.0   45.497 -118.040    666.9    936.4
     1     1    17     8     7    10     0     0   -38.0   45.528 -117.967    676.2    933.1
     1     1    17     8     7     9     0     0   -39.0   45.567 -117.888    682.7    933.8
