     1     1
    SITE    10     3     1     0     0
     1 BACKWARD OMEGA   
    17     8    17    10   46.392 -119.412   700.0
     1 PRESSURE
     1     1    17     8    17    10     0     0     0.0   46.392 -119.412    700.0    931.4
     1     1    17     8    17     9     0     0    -1.0   46.297 -119.330    672.6    934.6
     1     1    17     8    17     8     0     0    -2.0   46.184 -119.283    643.2    938.4
     1     1    17     8    17     7     0     0    -3.0   46.054 -119.267    626.8    940.3
     1     1    17     8    17     6     0     0    -4.0   45.938 -119.255    626.9    940.6
     1     1    17     8    17     5     0     0    -5.0   45.870 -119.288    639.5    938.1
     1     1    17     8    17     4     0     0    -6.0   45.823 -119.367    645.0    938.1
     1     1    17     8    17     3     0     0    -7.0   45.774 -119.462    647.8    936.7
     1     1    17     8    17     2     0     0    -8.0   45.760 -119.591    649.5    938.1
     1     1    17     8    17     1     0     0    -9.0   45.758 -119.739    667.7    935.1
     1     1    17     8    17     0     0     0   -10.0   45.782 -119.917    654.6    936.8
     1     1    17     8    16    23     0     0   -11.0   45.862 -120.089    671.8    936.3
     1     1    17     8    16    22     0     0   -12.0   45.999 -120.297    684.9    932.9
     1     1    17     8    16    21     0     0   -13.0   46.172 -120.553    647.2    938.5
