     1     1
    SITE    10     3     1     0     0
     1 BACKWARD OMEGA   
    17     8     6     1   46.392 -119.412   700.0
     1 PRESSURE
     1     1    17     8     6     1     0     0     0.0   46.392 -119.412    700.0    931.4
     1     1    17     8     6     0     0     0    -1.0   46.340 -119.417    702.7    931.1
     1     1    17     8     5    23     0     0    -2.0   46.355 -119.394    695.4    931.8
     1     1    17     8     5    22     0     0    -3.0   46.386 -119.339    695.3    932.7
     1     1    17     8     5    21     0     0    -4.0   46.370 -119.309    693.8    932.0
     1     1    17     8     5    20     0     0    -5.0   46.315 -119.322    683.2    932.4
     1     1    17     8     5    19     0     0    -6.0   46.240 -119.368    678.4    934.0
     1     1    17     8     5    18     0     0    -7.0   46.171 -119.368    673.2    934.5
     1     1    17     8     5    17     0     0    -8.0   46.160 -119.294    665.6    935.4
     1     1    17     8     5    16     0     0    -9.0   46.200 -119.178    662.5    936.1
     1     1    17     8     5    15     0     0   -10.0   46.246 -119.052    661.9    936.4
     1     1    17     8     5    14     0     0   -11.0   46.292 -118.930    673.4    934.5
     1     1    17     8     5    13     0     0   -12.0   46.329 -118.815    699.8    932.4
     1     1    17     8     5    12     0     0   -13.0   46.387 -118.726    735.1    927.2
     1     1    17     8     5    11     0     0   -14.0   46.474 -118.644    730.0    927.2
     1     1    17     8     5    10     0     0   -15.0   46.565 -118.603    712.4    931.4
     1     1    17     8     5     9     0     0   -16.0   46.579 -118.610    723.5    928.2
     1     1    17     8     5     8     0     0   -17.0   46.530 -118.590    721.4    929.4
     1     1    17     8     5     7     0     0   -18.0   46.488 -118.569    721.6    928.7
     1     1    17     8     5     6     0     0   -19.0   46.447 -118.554    721.3    929.2
     1     1    17     8     5     5     0     0   -20.0   46.449 -118.509    716.4    928.9
     1     1    17     8     5     4     0     0   -21.0   46.484 -118.436    726.7    929.6
     1     1    17     8     5     3     0     0   -22.0   46.486 -118.383    740.9    925.7
     1     1    17     8     5     2     0     0   -23.0   46.448 -118.356    748.5    926.4
     1     1    17     8     5     1     0     0   -24.0   46.415 -118.323    760.8    924.4
     1     1    17     8     5     0     0     0   -25.0   46.429 -118.276    763.0    923.2
     1     1    17     8     4    23     0     0   -26.0   46.486 -118.230    765.4    925.3
     1     1    17     8     4    22     0     0   -27.0   46.514 -118.169    787.2    922.2
     1     1    17     8     4    21     0     0   -28.0   46.509 -118.169    798.0    918.3
     1     1    17     8     4    20     0     0   -29.0   46.528 -118.235    797.3    923.4
     1     1    17     8     4    19     0     0   -30.0   46.534 -118.227    816.7    918.2
     1     1    17     8     4    18     0     0   -31.0   46.555 -118.146    831.2    917.2
     1     1    17     8     4    17     0     0   -32.0   46.626 -118.035    833.8    915.8
     1     1    17     8     4    16     0     0   -33.0   46.691 -117.911    838.2    916.2
