     1     1
    SITE    10     3     1     0     0
     1 BACKWARD OMEGA   
    17     8    20     2   46.392 -119.412   700.0
     1 PRESSURE
     1     1    17     8    20     2     0     0     0.0   46.392 -119.412    700.0    931.4
     1     1    17     8    20     1     0     0    -1.0   46.364 -119.433    700.0    931.4
     1     1    17     8    20     0     0     0    -2.0   46.330 -119.455    696.0    932.1
     1     1    17     8    19    23     0     0    -3.0   46.250 -119.457    691.2    932.3
     1     1    17     8    19    22     0     0    -4.0   46.241 -119.442    682.5    933.4
     1     1    17     8    19    21     0     0    -5.0   46.341 -119.472    675.6    934.5
     1     1    17     8    19    20     0     0    -6.0   46.386 -119.566    685.1    933.0
     1     1    17     8    19    19     0     0    -7.0   46.333 -119.597    682.8    933.8
     1     1    17     8    19    18     0     0    -8.0   46.234 -119.522    700.0    931.8
     1     1    17     8    19    17     0     0    -9.0   46.127 -119.417    708.1    931.0
     1     1    17     8    19    16     0     0   -10.0   46.022 -119.293    711.3    930.9
     1     1    17     8    19    15     0     0   -11.0   45.910 -119.178    740.8    925.4
     1     1    17     8    19    14     0     0   -12.0   45.816 -119.044    764.7    925.7
     1     1    17     8    19    13     0     0   -13.0   45.782 -119.016    795.6    919.9
     1     1    17     8    19    12     0     0   -14.0   45.780 -119.138    809.8    919.4
     1     1    17     8    19    11     0     0   -15.0   45.745 -119.205    820.6    917.2
     1     1    17     8    19    10     0     0   -16.0   45.694 -119.267    827.5    917.4
     1     1    17     8    19     9     0     0   -17.0   45.717 -119.353    818.5    917.4
     1     1    17     8    19     8     0     0   -18.0   45.802 -119.444    795.2    921.3
     1     1    17     8    19     7     0     0   -19.0   45.811 -119.549    822.1    917.5
     1     1    17     8    19     6     0     0   -20.0   45.759 -119.615    839.8    915.4
     1     1    17     8    19     5     0     0   -21.0   45.711 -119.656    826.7    916.1
     1     1    17     8    19     4     0     0   -22.0   45.632 -119.684    821.7    919.8
     1     1    17     8    19     3     0     0   -23.0   45.557 -119.743    822.6    917.5
     1     1    17     8    19     2     0     0   -24.0   45.569 -119.866    839.9    916.0
     1     1    17     8    19     1     0     0   -25.0   45.651 -119.995    850.3    913.7
     1     1    17     8    19     0     0     0   -26.0   45.731 -120.110    862.4    913.1
     1     1    17     8    18    23     0     0   -27.0   45.856 -120.310    869.8    912.6
     1     1    17     8    18    22     0     0   -28.0   46.032 -120.570    956.5    901.7
