     1     1
    SITE    10     3     1     0     0
     1 BACKWARD OMEGA   
    17     8    28    20   46.392 -119.412   700.0
     1 PRESSURE
     1     1    17     8    28    20     0     0     0.0   46.392 -119.412    700.0    931.4
     1     1    17     8    28    19     0     0    -1.0   46.355 -119.452    704.2    930.9
     1     1    17     8    28    18     0     0    -2.0   46.369 -119.503    698.2    930.7
     1     1    17     8    28    17     0     0    -3.0   46.453 -119.591    695.7    932.0
     1     1    17     8    28    16     0     0    -4.0   46.543 -119.640    697.2    931.9
     1     1    17     8    28    15     0     0    -5.0   46.632 -119.656    697.5    931.7
     1     1    17     8    28    14     0     0    -6.0   46.631 -119.661    714.3    930.0
     1     1    17     8    28    13     0     0    -7.0   46.538 -119.674    710.3    929.8
     1     1    17     8    28    12     0     0    -8.0   46.531 -119.638    721.6    930.2
     1     1    17     8    28    11     0     0    -9.0   46.614 -119.587    739.1    926.8
     1     1    17     8    28    10     0     0   -10.0   46.613 -119.588    741.1    926.6
     1     1    17     8    28     9     0     0   -11.0   46.620 -119.607    744.1    926.3
     1     1    17     8    28     8     0     0   -12.0   46.627 -119.637    764.5    924.3
     1     1    17     8    28     7     0     0   -13.0   46.568 -119.613    775.8    922.5
     1     1    17     8    28     6     0     0   -14.0   46.524 -119.618    769.8    923.4
     1     1    17     8    28     5     0     0   -15.0   46.482 -119.593    764.8    921.5
     1     1    17     8    28     4     0     0   -16.0   46.442 -119.525    758.8    925.1
     1     1    17     8    28     3     0     0   -17.0   46.394 -119.564    771.8    923.4
     1     1    17     8    28     2     0     0   -18.0   46.387 -119.593    779.1    921.4
     1     1    17     8    28     1     0     0   -19.0   46.394 -119.546    775.4    922.9
     1     1    17     8    28     0     0     0   -20.0   46.372 -119.487    775.7    923.6
     1     1    17     8    27    23     0     0   -21.0   46.340 -119.426    774.5    921.9
     1     1    17     8    27    22     0     0   -22.0   46.318 -119.357    777.3    924.0
     1     1    17     8    27    21     0     0   -23.0   46.304 -119.297    779.2    921.2
     1     1    17     8    27    20     0     0   -24.0   46.278 -119.271    771.4    923.1
     1     1    17     8    27    19     0     0   -25.0   46.251 -119.272    766.9    924.0
     1     1    17     8    27    18     0     0   -26.0   46.239 -119.264    765.8    924.1
     1     1    17     8    27    17     0     0   -27.0   46.233 -119.242    769.3    923.3
     1     1    17     8    27    16     0     0   -28.0   46.218 -119.205    781.2    923.3
     1     1    17     8    27    15     0     0   -29.0   46.191 -119.139    784.5    920.6
     1     1    17     8    27    14     0     0   -30.0   46.152 -119.061    765.5    922.5
     1     1    17     8    27    13     0     0   -31.0   46.112 -118.983    747.8    927.7
     1     1    17     8    27    12     0     0   -32.0   46.114 -118.916    746.9    926.2
     1     1    17     8    27    11     0     0   -33.0   46.108 -118.866    756.4    925.5
     1     1    17     8    27    10     0     0   -34.0   46.074 -118.818    759.6    923.8
     1     1    17     8    27     9     0     0   -35.0   46.065 -118.761    751.2    925.0
     1     1    17     8    27     8     0     0   -36.0   46.061 -118.697    750.9    927.0
     1     1    17     8    27     7     0     0   -37.0   46.075 -118.636    754.5    924.3
     1     1    17     8    27     6     0     0   -38.0   46.092 -118.626    756.1    925.3
     1     1    17     8    27     5     0     0   -39.0   46.085 -118.634    756.1    924.4
     1     1    17     8    27     4     0     0   -40.0   46.096 -118.595    755.1    925.8
     1     1    17     8    27     3     0     0   -41.0   46.120 -118.525    756.8    924.7
     1     1    17     8    27     2     0     0   -42.0   46.132 -118.448    745.6    925.3
     1     1    17     8    27     1     0     0   -43.0   46.142 -118.384    735.5    928.4
     1     1    17     8    27     0     0     0   -44.0   46.135 -118.335    737.4    927.5
     1     1    17     8    26    23     0     0   -45.0   46.145 -118.288    740.6    926.6
     1     1    17     8    26    22     0     0   -46.0   46.181 -118.233    735.3    927.6
     1     1    17     8    26    21     0     0   -47.0   46.191 -118.223    729.0    927.7
     1     1    17     8    26    20     0     0   -48.0   46.176 -118.255    721.8    929.0
     1     1    17     8    26    19     0     0   -49.0   46.166 -118.229    708.0    929.6
     1     1    17     8    26    18     0     0   -50.0   46.194 -118.170    689.6    932.8
     1     1    17     8    26    17     0     0   -51.0   46.259 -118.118    679.4    933.6
     1     1    17     8    26    16     0     0   -52.0   46.330 -118.057    683.0    934.3
     1     1    17     8    26    15     0     0   -53.0   46.402 -117.997    702.7    931.3
     1     1    17     8    26    14     0     0   -54.0   46.434 -117.920    711.2    929.6
