     1     1
    SITE    10     3     1     0     0
     1 BACKWARD OMEGA   
    17     8    15     4   46.392 -119.412   700.0
     1 PRESSURE
     1     1    17     8    15     4     0     0     0.0   46.392 -119.412    700.0    931.4
     1     1    17     8    15     3     0     0    -1.0   46.396 -119.364    702.5    931.1
     1     1    17     8    15     2     0     0    -2.0   46.383 -119.269    708.3    931.2
     1     1    17     8    15     1     0     0    -3.0   46.399 -119.185    705.4    930.6
     1     1    17     8    15     0     0     0    -4.0   46.449 -119.191    708.0    931.7
     1     1    17     8    14    23     0     0    -5.0   46.474 -119.259    728.6    929.0
     1     1    17     8    14    22     0     0    -6.0   46.461 -119.300    737.0    926.9
     1     1    17     8    14    21     0     0    -7.0   46.409 -119.287    727.4    927.1
     1     1    17     8    14    20     0     0    -8.0   46.338 -119.270    722.3    928.5
     1     1    17     8    14    19     0     0    -9.0   46.260 -119.214    712.5    930.1
     1     1    17     8    14    18     0     0   -10.0   46.171 -119.093    709.2    929.2
     1     1    17     8    14    17     0     0   -11.0   46.082 -118.951    664.5    935.6
     1     1    17     8    14    16     0     0   -12.0   45.992 -118.813    621.0    940.9
     1     1    17     8    14    15     0     0   -13.0   45.927 -118.660    631.3    939.7
     1     1    17     8    14    14     0     0   -14.0   45.859 -118.612    631.9    938.4
     1     1    17     8    14    13     0     0   -15.0   45.769 -118.574    642.9    939.5
     1     1    17     8    14    12     0     0   -16.0   45.661 -118.454    664.5    934.2
     1     1    17     8    14    11     0     0   -17.0   45.537 -118.417    651.2    937.8
     1     1    17     8    14    10     0     0   -18.0   45.423 -118.417    652.6    936.7
