     1     1
    SITE    10     3     1     0     0
     1 BACKWARD OMEGA   
    17     8     9    20   46.392 -119.412   700.0
     1 PRESSURE
     1     1    17     8     9    20     0     0     0.0   46.392 -119.412    700.0    931.4
     1     1    17     8     9    19     0     0    -1.0   46.393 -119.391    700.6    931.3
     1     1    17     8     9    18     0     0    -2.0   46.435 -119.270    694.7    932.0
     1     1    17     8     9    17     0     0    -3.0   46.485 -119.155    676.5    934.7
     1     1    17     8     9    16     0     0    -4.0   46.536 -119.014    659.5    935.5
     1     1    17     8     9    15     0     0    -5.0   46.589 -118.883    645.1    938.3
     1     1    17     8     9    14     0     0    -6.0   46.635 -118.759    648.1    937.7
     1     1    17     8     9    13     0     0    -7.0   46.663 -118.643    653.2    937.0
     1     1    17     8     9    12     0     0    -8.0   46.642 -118.595    653.6    936.9
     1     1    17     8     9    11     0     0    -9.0   46.580 -118.604    647.1    937.1
     1     1    17     8     9    10     0     0   -10.0   46.555 -118.579    629.8    939.1
     1     1    17     8     9     9     0     0   -11.0   46.571 -118.511    620.0    942.3
     1     1    17     8     9     8     0     0   -12.0   46.591 -118.444    628.8    940.5
     1     1    17     8     9     7     0     0   -13.0   46.588 -118.398    630.6    938.3
     1     1    17     8     9     6     0     0   -14.0   46.569 -118.344    623.0    941.1
     1     1    17     8     9     5     0     0   -15.0   46.555 -118.320    621.3    940.8
     1     1    17     8     9     4     0     0   -16.0   46.539 -118.301    629.6    940.5
     1     1    17     8     9     3     0     0   -17.0   46.515 -118.275    637.1    937.5
     1     1    17     8     9     2     0     0   -18.0   46.475 -118.280    622.9    940.7
     1     1    17     8     9     1     0     0   -19.0   46.485 -118.228    631.7    941.7
     1     1    17     8     9     0     0     0   -20.0   46.482 -118.182    645.1    937.1
     1     1    17     8     8    23     0     0   -21.0   46.422 -118.189    648.5    938.1
     1     1    17     8     8    22     0     0   -22.0   46.399 -118.177    657.2    935.3
     1     1    17     8     8    21     0     0   -23.0   46.393 -118.159    654.6    937.0
     1     1    17     8     8    20     0     0   -24.0   46.383 -118.206    660.7    936.9
     1     1    17     8     8    19     0     0   -25.0   46.374 -118.229    676.2    933.3
     1     1    17     8     8    18     0     0   -26.0   46.385 -118.163    691.3    934.1
     1     1    17     8     8    17     0     0   -27.0   46.422 -118.075    691.2    930.6
     1     1    17     8     8    16     0     0   -28.0   46.469 -117.977    696.0    934.5
     1     1    17     8     8    15     0     0   -29.0   46.493 -117.864    733.4    928.6
