     1     1
    SITE    10     3     1     0     0
     1 BACKWARD OMEGA   
    17     8     7     3   46.392 -119.412   700.0
     1 PRESSURE
     1     1    17     8     7     3     0     0     0.0   46.392 -119.412    700.0    931.4
     1     1    17     8     7     2     0     0    -1.0   46.376 -119.376    697.0    931.8
     1     1    17     8     7     1     0     0    -2.0   46.333 -119.345    697.0    932.4
     1     1    17     8     7     0     0     0    -3.0   46.287 -119.278    695.0    931.8
     1     1    17     8     6    23     0     0    -4.0   46.256 -119.198    701.1    932.6
     1     1    17     8     6    22     0     0    -5.0   46.269 -119.122    730.1    928.9
     1     1    17     8     6    21     0     0    -6.0   46.275 -119.125    744.9    924.2
     1     1    17     8     6    20     0     0    -7.0   46.241 -119.153    749.6    925.9
     1     1    17     8     6    19     0     0    -8.0   46.247 -119.122    756.9    924.1
     1     1    17     8     6    18     0     0    -9.0   46.267 -119.142    748.2    925.2
     1     1    17     8     6    17     0     0   -10.0   46.262 -119.235    747.0    925.8
     1     1    17     8     6    16     0     0   -11.0   46.288 -119.251    746.0    926.3
     1     1    17     8     6    15     0     0   -12.0   46.298 -119.176    735.9    926.8
     1     1    17     8     6    14     0     0   -13.0   46.310 -119.093    725.9    927.9
     1     1    17     8     6    13     0     0   -14.0   46.314 -119.018    726.9    928.5
     1     1    17     8     6    12     0     0   -15.0   46.276 -118.946    723.1    930.4
     1     1    17     8     6    11     0     0   -16.0   46.231 -118.890    720.4    927.5
     1     1    17     8     6    10     0     0   -17.0   46.214 -118.834    714.0    930.3
     1     1    17     8     6     9     0     0   -18.0   46.230 -118.762    709.2    932.2
     1     1    17     8     6     8     0     0   -19.0   46.223 -118.689    721.4    929.1
     1     1    17     8     6     7     0     0   -20.0   46.247 -118.601    726.2    927.4
     1     1    17     8     6     6     0     0   -21.0   46.273 -118.517    733.7    927.8
     1     1    17     8     6     5     0     0   -22.0   46.253 -118.468    742.7    925.6
     1     1    17     8     6     4     0     0   -23.0   46.230 -118.468    746.6    926.5
     1     1    17     8     6     3     0     0   -24.0   46.197 -118.472    746.3    925.2
     1     1    17     8     6     2     0     0   -25.0   46.172 -118.446    742.3    927.1
     1     1    17     8     6     1     0     0   -26.0   46.133 -118.420    739.1    926.4
     1     1    17     8     6     0     0     0   -27.0   46.082 -118.426    738.1    927.2
     1     1    17     8     5    23     0     0   -28.0   46.096 -118.406    724.1    926.6
     1     1    17     8     5    22     0     0   -29.0   46.127 -118.351    714.2    930.8
     1     1    17     8     5    21     0     0   -30.0   46.110 -118.321    707.5    929.6
     1     1    17     8     5    20     0     0   -31.0   46.055 -118.334    692.3    932.0
     1     1    17     8     5    19     0     0   -32.0   45.982 -118.381    679.8    934.5
     1     1    17     8     5    18     0     0   -33.0   45.915 -118.381    674.0    934.1
     1     1    17     8     5    17     0     0   -34.0   45.906 -118.310    665.1    936.1
     1     1    17     8     5    16     0     0   -35.0   45.948 -118.197    683.8    933.3
     1     1    17     8     5    15     0     0   -36.0   45.996 -118.073    691.3    932.2
     1     1    17     8     5    14     0     0   -37.0   46.045 -117.956    696.1    932.6
