     1     1
    SITE    10     3     1     0     0
     1 BACKWARD OMEGA   
    17     8     5    16   46.392 -119.412   700.0
     1 PRESSURE
     1     1    17     8     5    16     0     0     0.0   46.392 -119.412    700.0    931.4
     1     1    17     8     5    15     0     0    -1.0   46.437 -119.289    693.7    932.2
     1     1    17     8     5    14     0     0    -2.0   46.483 -119.170    685.6    933.5
     1     1    17     8     5    13     0     0    -3.0   46.517 -119.054    687.3    932.8
     1     1    17     8     5    12     0     0    -4.0   46.574 -118.965    683.7    934.2
     1     1    17     8     5    11     0     0    -5.0   46.661 -118.885    700.1    931.2
     1     1    17     8     5    10     0     0    -6.0   46.752 -118.844    713.8    929.7
     1     1    17     8     5     9     0     0    -7.0   46.768 -118.852    705.5    930.4
     1     1    17     8     5     8     0     0    -8.0   46.721 -118.829    695.4    933.2
     1     1    17     8     5     7     0     0    -9.0   46.679 -118.806    701.5    932.0
     1     1    17     8     5     6     0     0   -10.0   46.638 -118.790    713.3    929.7
     1     1    17     8     5     5     0     0   -11.0   46.640 -118.746    722.3    928.7
     1     1    17     8     5     4     0     0   -12.0   46.674 -118.674    739.4    928.1
     1     1    17     8     5     3     0     0   -13.0   46.674 -118.621    763.5    923.7
     1     1    17     8     5     2     0     0   -14.0   46.635 -118.595    762.0    922.5
     1     1    17     8     5     1     0     0   -15.0   46.602 -118.561    754.6    926.2
     1     1    17     8     5     0     0     0   -16.0   46.615 -118.514    750.7    925.1
     1     1    17     8     4    23     0     0   -17.0   46.673 -118.468    740.3    927.0
     1     1    17     8     4    22     0     0   -18.0   46.703 -118.408    738.0    928.1
     1     1    17     8     4    21     0     0   -19.0   46.699 -118.407    749.3    926.0
     1     1    17     8     4    20     0     0   -20.0   46.717 -118.473    753.1    925.1
     1     1    17     8     4    19     0     0   -21.0   46.724 -118.464    756.8    925.4
     1     1    17     8     4    18     0     0   -22.0   46.747 -118.383    772.1    924.8
     1     1    17     8     4    17     0     0   -23.0   46.817 -118.271    786.3    922.0
     1     1    17     8     4    16     0     0   -24.0   46.882 -118.146    803.1    919.4
     1     1    17     8     4    15     0     0   -25.0   46.915 -118.037    807.4    919.5
     1     1    17     8     4    14     0     0   -26.0   46.938 -118.030    814.8    918.4
     1     1    17     8     4    13     0     0   -27.0   46.932 -118.101    832.7    917.5
     1     1    17     8     4    12     0     0   -28.0   46.889 -118.179    848.7    914.5
     1     1    17     8     4    11     0     0   -29.0   46.914 -118.238    858.6    912.8
     1     1    17     8     4    10     0     0   -30.0   47.030 -118.267    838.9    915.9
     1     1    17     8     4     9     0     0   -31.0   47.141 -118.304    818.8    918.8
     1     1    17     8     4     8     0     0   -32.0   47.174 -118.349    822.5    917.7
     1     1    17     8     4     7     0     0   -33.0   47.163 -118.387    825.9    917.2
     1     1    17     8     4     6     0     0   -34.0   47.144 -118.395    821.6    917.0
     1     1    17     8     4     5     0     0   -35.0   47.131 -118.421    815.8    919.0
     1     1    17     8     4     4     0     0   -36.0   47.095 -118.451    823.2    917.8
     1     1    17     8     4     3     0     0   -37.0   47.031 -118.425    829.8    916.9
     1     1    17     8     4     2     0     0   -38.0   46.976 -118.404    838.4    916.2
     1     1    17     8     4     1     0     0   -39.0   46.918 -118.408    849.0    914.9
     1     1    17     8     4     0     0     0   -40.0   46.864 -118.400    859.9    914.0
     1     1    17     8     3    23     0     0   -41.0   46.807 -118.407    865.2    912.2
     1     1    17     8     3    22     0     0   -42.0   46.738 -118.419    876.6    911.2
     1     1    17     8     3    21     0     0   -43.0   46.664 -118.383    882.5    912.0
     1     1    17     8     3    20     0     0   -44.0   46.572 -118.361    881.3    910.5
     1     1    17     8     3    19     0     0   -45.0   46.469 -118.379    845.8    915.2
     1     1    17     8     3    18     0     0   -46.0   46.375 -118.354    829.7    917.1
     1     1    17     8     3    17     0     0   -47.0   46.335 -118.247    813.6    919.5
     1     1    17     8     3    16     0     0   -48.0   46.371 -118.115    828.7    916.9
     1     1    17     8     3    15     0     0   -49.0   46.416 -118.008    859.7    913.6
     1     1    17     8     3    14     0     0   -50.0   46.390 -117.948    882.0    911.3
     1     1    17     8     3    13     0     0   -51.0   46.383 -117.907    894.1    910.2
