     1     1
    SITE    10     3     1     0     0
     1 BACKWARD OMEGA   
    17     8     9    17   46.392 -119.412   700.0
     1 PRESSURE
     1     1    17     8     9    17     0     0     0.0   46.392 -119.412    700.0    931.4
     1     1    17     8     9    16     0     0    -1.0   46.444 -119.272    718.0    929.3
     1     1    17     8     9    15     0     0    -2.0   46.500 -119.143    723.5    930.2
     1     1    17     8     9    14     0     0    -3.0   46.547 -119.025    742.5    926.5
     1     1    17     8     9    13     0     0    -4.0   46.572 -118.907    751.6    926.1
     1     1    17     8     9    12     0     0    -5.0   46.553 -118.856    773.6    922.5
     1     1    17     8     9    11     0     0    -6.0   46.491 -118.862    795.4    921.8
     1     1    17     8     9    10     0     0    -7.0   46.467 -118.833    810.8    917.2
     1     1    17     8     9     9     0     0    -8.0   46.483 -118.764    805.0    918.4
     1     1    17     8     9     8     0     0    -9.0   46.503 -118.699    788.5    921.2
     1     1    17     8     9     7     0     0   -10.0   46.500 -118.657    776.9    923.7
     1     1    17     8     9     6     0     0   -11.0   46.480 -118.600    775.4    922.8
     1     1    17     8     9     5     0     0   -12.0   46.466 -118.574    771.7    923.2
     1     1    17     8     9     4     0     0   -13.0   46.450 -118.556    763.2    923.8
     1     1    17     8     9     3     0     0   -14.0   46.425 -118.531    757.5    925.0
     1     1    17     8     9     2     0     0   -15.0   46.385 -118.535    753.4    925.5
     1     1    17     8     9     1     0     0   -16.0   46.395 -118.484    772.1    925.6
     1     1    17     8     9     0     0     0   -17.0   46.389 -118.440    754.5    925.3
     1     1    17     8     8    23     0     0   -18.0   46.329 -118.449    753.7    925.2
     1     1    17     8     8    22     0     0   -19.0   46.307 -118.437    751.5    925.3
     1     1    17     8     8    21     0     0   -20.0   46.302 -118.420    748.6    926.2
     1     1    17     8     8    20     0     0   -21.0   46.292 -118.467    747.8    925.9
     1     1    17     8     8    19     0     0   -22.0   46.283 -118.490    749.4    925.0
     1     1    17     8     8    18     0     0   -23.0   46.296 -118.421    760.0    925.3
     1     1    17     8     8    17     0     0   -24.0   46.335 -118.330    768.4    923.2
     1     1    17     8     8    16     0     0   -25.0   46.385 -118.231    780.5    923.4
     1     1    17     8     8    15     0     0   -26.0   46.412 -118.117    794.9    920.7
     1     1    17     8     8    14     0     0   -27.0   46.395 -118.001    821.3    918.2
     1     1    17     8     8    13     0     0   -28.0   46.354 -117.916    849.6    914.1
