     1     1
    SITE    10     3     1     0     0
     1 BACKWARD OMEGA   
    17     8    27    15   46.392 -119.412   700.0
     1 PRESSURE
     1     1    17     8    27    15     0     0     0.0   46.392 -119.412    700.0    931.4
     1     1    17     8    27    14     0     0    -1.0   46.352 -119.331    702.8    931.1
     1     1    17     8    27    13     0     0    -2.0   46.312 -119.249    705.2    929.2
     1     1    17     8    27    12     0     0    -3.0   46.315 -119.181    703.8    932.2
     1     1    17     8    27    11     0     0    -4.0   46.310 -119.132    698.2    929.7
     1     1    17     8    27    10     0     0    -5.0   46.275 -119.084    687.6    934.6
     1     1    17     8    27     9     0     0    -6.0   46.265 -119.026    691.3    932.7
     1     1    17     8    27     8     0     0    -7.0   46.263 -118.962    700.2    931.7
     1     1    17     8    27     7     0     0    -8.0   46.277 -118.899    700.4    930.2
     1     1    17     8    27     6     0     0    -9.0   46.295 -118.888    697.2    932.1
     1     1    17     8    27     5     0     0   -10.0   46.288 -118.896    697.7    931.6
     1     1    17     8    27     4     0     0   -11.0   46.299 -118.856    700.5    931.2
     1     1    17     8    27     3     0     0   -12.0   46.324 -118.784    705.3    932.0
     1     1    17     8    27     2     0     0   -13.0   46.337 -118.705    711.0    929.3
     1     1    17     8    27     1     0     0   -14.0   46.347 -118.639    718.5    930.5
     1     1    17     8    27     0     0     0   -15.0   46.340 -118.589    728.6    927.1
     1     1    17     8    26    23     0     0   -16.0   46.349 -118.541    724.6    927.7
     1     1    17     8    26    22     0     0   -17.0   46.385 -118.487    731.2    928.6
     1     1    17     8    26    21     0     0   -18.0   46.395 -118.478    736.8    926.3
     1     1    17     8    26    20     0     0   -19.0   46.380 -118.510    733.9    927.5
     1     1    17     8    26    19     0     0   -20.0   46.370 -118.485    727.6    927.8
     1     1    17     8    26    18     0     0   -21.0   46.399 -118.425    729.3    929.8
     1     1    17     8    26    17     0     0   -22.0   46.465 -118.374    744.3    924.7
     1     1    17     8    26    16     0     0   -23.0   46.537 -118.314    749.8    925.8
     1     1    17     8    26    15     0     0   -24.0   46.611 -118.251    751.7    925.9
     1     1    17     8    26    14     0     0   -25.0   46.642 -118.173    764.7    923.8
     1     1    17     8    26    13     0     0   -26.0   46.647 -118.073    789.2    922.3
     1     1    17     8    26    12     0     0   -27.0   46.664 -117.970    823.5    917.3
