     1     1
    SITE    10     3     1     0     0
     1 BACKWARD OMEGA   
    17     8    21     5   46.392 -119.412   700.0
     1 PRESSURE
     1     1    17     8    21     5     0     0     0.0   46.392 -119.412    700.0    931.4
     1     1    17     8    21     4     0     0    -1.0   46.378 -119.404    703.1    931.1
     1     1    17     8    21     3     0     0    -2.0   46.347 -119.377    697.4    930.3
     1     1    17     8    21     2     0     0    -3.0   46.317 -119.357    690.3    934.3
     1     1    17     8    21     1     0     0    -4.0   46.300 -119.330    704.1    931.8
     1     1    17     8    21     0     0     0    -5.0   46.266 -119.292    707.0    928.9
     1     1    17     8    20    23     0     0    -6.0   46.218 -119.297    709.0    931.6
     1     1    17     8    20    22     0     0    -7.0   46.225 -119.327    720.9    928.9
     1     1    17     8    20    21     0     0    -8.0   46.266 -119.342    726.8    927.4
     1     1    17     8    20    20     0     0    -9.0   46.264 -119.337    723.5    929.1
     1     1    17     8    20    19     0     0   -10.0   46.226 -119.310    721.2    927.6
     1     1    17     8    20    18     0     0   -11.0   46.189 -119.203    687.2    929.8
     1     1    17     8    20    17     0     0   -12.0   46.157 -119.038    684.3    932.2
     1     1    17     8    20    16     0     0   -13.0   46.139 -118.872    684.0    934.5
     1     1    17     8    20    15     0     0   -14.0   46.111 -118.718    708.0    931.2
     1     1    17     8    20    14     0     0   -15.0   46.040 -118.667    719.2    928.3
     1     1    17     8    20    13     0     0   -16.0   45.956 -118.713    712.2    929.9
     1     1    17     8    20    12     0     0   -17.0   45.890 -118.722    725.7    929.1
     1     1    17     8    20    11     0     0   -18.0   45.835 -118.721    746.5    925.9
     1     1    17     8    20    10     0     0   -19.0   45.783 -118.749    747.7    924.7
     1     1    17     8    20     9     0     0   -20.0   45.739 -118.781    744.4    927.1
     1     1    17     8    20     8     0     0   -21.0   45.687 -118.782    740.4    925.7
     1     1    17     8    20     7     0     0   -22.0   45.617 -118.752    742.4    926.0
     1     1    17     8    20     6     0     0   -23.0   45.542 -118.721    724.6    928.6
     1     1    17     8    20     5     0     0   -24.0   45.459 -118.715    721.7    928.9
