     1     1
    SITE    10     3     1     0     0
     1 BACKWARD OMEGA   
    17     8    19    10   46.392 -119.412   700.0
     1 PRESSURE
     1     1    17     8    19    10     0     0     0.0   46.392 -119.412    700.0    931.4
     1     1    17     8    19     9     0     0    -1.0   46.413 -119.497    708.7    930.5
     1     1    17     8    19     8     0     0    -2.0   46.498 -119.586    729.1    928.6
     1     1    17     8    19     7     0     0    -3.0   46.506 -119.692    764.0    924.0
     1     1    17     8    19     6     0     0    -4.0   46.456 -119.760    783.5    921.3
     1     1    17     8    19     5     0     0    -5.0   46.408 -119.800    776.6    922.1
     1     1    17     8    19     4     0     0    -6.0   46.328 -119.828    772.1    923.5
     1     1    17     8    19     3     0     0    -7.0   46.250 -119.886    776.3    921.7
     1     1    17     8    19     2     0     0    -8.0   46.260 -120.008    758.8    923.8
     1     1    17     8    19     1     0     0    -9.0   46.344 -120.133    737.5    927.2
     1     1    17     8    19     0     0     0   -10.0   46.424 -120.247    730.3    927.9
     1     1    17     8    18    23     0     0   -11.0   46.549 -120.446    720.1    929.7
     1     1    17     8    18    22     0     0   -12.0   46.724 -120.701    736.4    926.7
