     1     1
    SITE    10     3     1     0     0
     1 BACKWARD OMEGA   
    17     8    10    10   46.392 -119.412   700.0
     1 PRESSURE
     1     1    17     8    10    10     0     0     0.0   46.392 -119.412    700.0    931.4
     1     1    17     8    10     9     0     0    -1.0   46.353 -119.335    695.3    931.9
     1     1    17     8    10     8     0     0    -2.0   46.286 -119.261    708.7    934.1
     1     1    17     8    10     7     0     0    -3.0   46.230 -119.214    723.6    928.1
     1     1    17     8    10     6     0     0    -4.0   46.218 -119.164    718.7    929.4
     1     1    17     8    10     5     0     0    -5.0   46.237 -119.119    711.4    930.0
     1     1    17     8    10     4     0     0    -6.0   46.239 -119.114    705.8    930.9
     1     1    17     8    10     3     0     0    -7.0   46.215 -119.106    703.2    931.5
     1     1    17     8    10     2     0     0    -8.0   46.203 -119.063    705.7    931.3
     1     1    17     8    10     1     0     0    -9.0   46.230 -119.018    707.3    929.9
     1     1    17     8    10     0     0     0   -10.0   46.243 -119.025    700.2    931.6
     1     1    17     8     9    23     0     0   -11.0   46.216 -119.016    681.8    932.3
     1     1    17     8     9    22     0     0   -12.0   46.181 -118.976    668.9    936.6
     1     1    17     8     9    21     0     0   -13.0   46.142 -118.963    667.9    935.0
     1     1    17     8     9    20     0     0   -14.0   46.111 -119.007    668.0    935.5
     1     1    17     8     9    19     0     0   -15.0   46.113 -118.982    662.1    934.7
     1     1    17     8     9    18     0     0   -16.0   46.154 -118.864    661.5    936.7
     1     1    17     8     9    17     0     0   -17.0   46.203 -118.750    662.5    936.1
     1     1    17     8     9    16     0     0   -18.0   46.255 -118.613    658.5    935.1
     1     1    17     8     9    15     0     0   -19.0   46.313 -118.482    636.8    939.3
     1     1    17     8     9    14     0     0   -20.0   46.360 -118.364    634.9    939.1
     1     1    17     8     9    13     0     0   -21.0   46.385 -118.250    628.7    940.3
     1     1    17     8     9    12     0     0   -22.0   46.363 -118.198    638.3    938.9
     1     1    17     8     9    11     0     0   -23.0   46.299 -118.204    653.2    937.3
     1     1    17     8     9    10     0     0   -24.0   46.273 -118.177    669.5    935.0
     1     1    17     8     9     9     0     0   -25.0   46.287 -118.107    687.9    933.1
     1     1    17     8     9     8     0     0   -26.0   46.308 -118.041    697.4    930.5
     1     1    17     8     9     7     0     0   -27.0   46.306 -117.997    696.2    932.6
     1     1    17     8     9     6     0     0   -28.0   46.284 -117.940    691.5    930.9
     1     1    17     8     9     5     0     0   -29.0   46.269 -117.914    674.5    935.7
