     1     1
    SITE    10     3     1     0     0
     1 BACKWARD OMEGA   
    17     8     7     8   46.392 -119.412   700.0
     1 PRESSURE
     1     1    17     8     7     8     0     0     0.0   46.392 -119.412    700.0    931.4
     1     1    17     8     7     7     0     0    -1.0   46.387 -119.340    709.0    930.4
     1     1    17     8     7     6     0     0    -2.0   46.373 -119.324    709.4    929.9
     1     1    17     8     7     5     0     0    -3.0   46.368 -119.289    705.4    930.5
     1     1    17     8     7     4     0     0    -4.0   46.347 -119.234    694.2    932.6
     1     1    17     8     7     3     0     0    -5.0   46.321 -119.189    692.9    933.3
     1     1    17     8     7     2     0     0    -6.0   46.306 -119.155    704.9    931.0
     1     1    17     8     7     1     0     0    -7.0   46.263 -119.122    712.6    929.8
     1     1    17     8     7     0     0     0    -8.0   46.217 -119.057    719.7    928.4
     1     1    17     8     6    23     0     0    -9.0   46.185 -118.980    718.8    929.0
     1     1    17     8     6    22     0     0   -10.0   46.198 -118.907    711.2    929.4
     1     1    17     8     6    21     0     0   -11.0   46.204 -118.911    701.1    929.9
     1     1    17     8     6    20     0     0   -12.0   46.168 -118.939    703.8    931.8
     1     1    17     8     6    19     0     0   -13.0   46.175 -118.909    709.8    930.0
     1     1    17     8     6    18     0     0   -14.0   46.193 -118.926    716.0    930.1
     1     1    17     8     6    17     0     0   -15.0   46.188 -119.016    719.2    930.9
     1     1    17     8     6    16     0     0   -16.0   46.214 -119.030    727.8    927.2
     1     1    17     8     6    15     0     0   -17.0   46.226 -118.954    728.6    926.8
     1     1    17     8     6    14     0     0   -18.0   46.238 -118.871    715.7    929.6
     1     1    17     8     6    13     0     0   -19.0   46.242 -118.796    720.6    930.0
     1     1    17     8     6    12     0     0   -20.0   46.202 -118.722    718.7    929.1
     1     1    17     8     6    11     0     0   -21.0   46.158 -118.664    719.5    929.3
     1     1    17     8     6    10     0     0   -22.0   46.143 -118.606    726.1    928.7
     1     1    17     8     6     9     0     0   -23.0   46.157 -118.532    728.8    928.3
     1     1    17     8     6     8     0     0   -24.0   46.152 -118.459    731.0    927.4
     1     1    17     8     6     7     0     0   -25.0   46.177 -118.372    743.3    927.2
     1     1    17     8     6     6     0     0   -26.0   46.201 -118.287    764.4    923.4
     1     1    17     8     6     5     0     0   -27.0   46.179 -118.239    764.7    924.3
     1     1    17     8     6     4     0     0   -28.0   46.156 -118.239    759.4    923.9
     1     1    17     8     6     3     0     0   -29.0   46.124 -118.243    753.8    925.6
     1     1    17     8     6     2     0     0   -30.0   46.099 -118.216    749.6    926.1
     1     1    17     8     6     1     0     0   -31.0   46.060 -118.189    765.0    925.7
     1     1    17     8     6     0     0     0   -32.0   46.008 -118.194    779.9    921.7
     1     1    17     8     5    23     0     0   -33.0   46.021 -118.170    781.6    923.9
     1     1    17     8     5    22     0     0   -34.0   46.052 -118.114    787.3    920.8
     1     1    17     8     5    21     0     0   -35.0   46.035 -118.084    781.2    921.6
     1     1    17     8     5    20     0     0   -36.0   45.979 -118.096    792.1    923.4
     1     1    17     8     5    19     0     0   -37.0   45.906 -118.144    808.6    918.8
     1     1    17     8     5    18     0     0   -38.0   45.839 -118.147    796.6    920.4
     1     1    17     8     5    17     0     0   -39.0   45.830 -118.077    812.7    919.7
     1     1    17     8     5    16     0     0   -40.0   45.871 -117.964    846.6    915.3
