     1     1
    SITE    10     3     1     0     0
     1 BACKWARD OMEGA   
    17     8    23    12   46.392 -119.412   700.0
     1 PRESSURE
     1     1    17     8    23    12     0     0     0.0   46.392 -119.412    700.0    931.4
     1     1    17     8    23    11     0     0    -1.0   46.244 -119.333    670.1    934.9
     1     1    17     8    23    10     0     0    -2.0   46.102 -119.311    648.0    937.4
     1     1    17     8    23     9     0     0    -3.0   45.974 -119.305    654.7    937.5
     1     1    17     8    23     8     0     0    -4.0   45.860 -119.292    658.7    935.9
     1     1    17     8    23     7     0     0    -5.0   45.750 -119.281    648.0    938.0
     1     1    17     8    23     6     0     0    -6.0   45.661 -119.264    649.1    937.0
     1     1    17     8    23     5     0     0    -7.0   45.613 -119.252    638.5    938.6
     1     1    17     8    23     4     0     0    -8.0   45.547 -119.234    631.3    940.4
     1     1    17     8    23     3     0     0    -9.0   45.474 -119.210    622.5    940.2
     1     1    17     8    23     2     0     0   -10.0   45.437 -119.171    602.5    942.6
     1     1    17     8    23     1     0     0   -11.0   45.384 -119.159    586.3    944.5
