     1     1
    SITE    10     3     1     0     0
     1 BACKWARD OMEGA   
    17     8    28     0   46.392 -119.412   700.0
     1 PRESSURE
     1     1    17     8    28     0     0     0     0.0   46.392 -119.412    700.0    931.4
     1     1    17     8    27    23     0     0    -1.0   46.361 -119.352    693.4    932.2
     1     1    17     8    27    22     0     0    -2.0   46.340 -119.283    695.0    933.4
     1     1    17     8    27    21     0     0    -3.0   46.327 -119.222    695.6    930.6
     1     1    17     8    27    20     0     0    -4.0   46.301 -119.197    682.7    933.4
     1     1    17     8    27    19     0     0    -5.0   46.274 -119.198    675.2    934.9
     1     1    17     8    27    18     0     0    -6.0   46.261 -119.190    676.6    934.6
     1     1    17     8    27    17     0     0    -7.0   46.256 -119.168    678.3    933.8
     1     1    17     8    27    16     0     0    -8.0   46.241 -119.131    678.7    934.0
     1     1    17     8    27    15     0     0    -9.0   46.213 -119.065    673.8    934.6
     1     1    17     8    27    14     0     0   -10.0   46.175 -118.987    661.0    935.2
     1     1    17     8    27    13     0     0   -11.0   46.134 -118.910    648.1    938.6
     1     1    17     8    27    12     0     0   -12.0   46.136 -118.844    647.3    938.2
     1     1    17     8    27    11     0     0   -13.0   46.130 -118.796    648.3    936.9
     1     1    17     8    27    10     0     0   -14.0   46.096 -118.749    650.0    937.2
     1     1    17     8    27     9     0     0   -15.0   46.087 -118.692    646.9    937.2
     1     1    17     8    27     8     0     0   -16.0   46.084 -118.629    643.0    938.5
     1     1    17     8    27     7     0     0   -17.0   46.098 -118.569    638.1    938.5
     1     1    17     8    27     6     0     0   -18.0   46.116 -118.560    635.0    939.4
     1     1    17     8    27     5     0     0   -19.0   46.109 -118.568    631.8    938.9
     1     1    17     8    27     4     0     0   -20.0   46.120 -118.530    627.9    940.4
     1     1    17     8    27     3     0     0   -21.0   46.145 -118.459    627.1    939.9
     1     1    17     8    27     2     0     0   -22.0   46.155 -118.379    616.8    940.8
     1     1    17     8    27     1     0     0   -23.0   46.164 -118.314    613.0    942.5
     1     1    17     8    27     0     0     0   -24.0   46.156 -118.264    619.0    940.9
     1     1    17     8    26    23     0     0   -25.0   46.166 -118.216    617.0    940.4
     1     1    17     8    26    22     0     0   -26.0   46.202 -118.160    618.0    941.4
     1     1    17     8    26    21     0     0   -27.0   46.212 -118.150    615.8    940.6
     1     1    17     8    26    20     0     0   -28.0   46.198 -118.181    610.7    942.2
     1     1    17     8    26    19     0     0   -29.0   46.187 -118.154    602.3    941.9
     1     1    17     8    26    18     0     0   -30.0   46.216 -118.093    584.8    943.5
     1     1    17     8    26    17     0     0   -31.0   46.282 -118.040    568.2    946.5
     1     1    17     8    26    16     0     0   -32.0   46.352 -117.979    576.6    945.7
     1     1    17     8    26    15     0     0   -33.0   46.423 -117.916    595.0    943.6
