     1     1
    SITE    10     3     1     0     0
     1 BACKWARD OMEGA   
    17     8     6    13   46.392 -119.412   700.0
     1 PRESSURE
     1     1    17     8     6    13     0     0     0.0   46.392 -119.412    700.0    931.4
     1     1    17     8     6    12     0     0    -1.0   46.352 -119.341    698.9    931.5
     1     1    17     8     6    11     0     0    -2.0   46.308 -119.285    698.1    931.7
     1     1    17     8     6    10     0     0    -3.0   46.293 -119.229    708.2    931.4
     1     1    17     8     6     9     0     0    -4.0   46.309 -119.156    731.8    927.7
     1     1    17     8     6     8     0     0    -5.0   46.302 -119.082    744.9    925.0
     1     1    17     8     6     7     0     0    -6.0   46.327 -118.993    750.8    926.1
     1     1    17     8     6     6     0     0    -7.0   46.351 -118.910    757.1    924.5
     1     1    17     8     6     5     0     0    -8.0   46.329 -118.862    761.1    924.8
     1     1    17     8     6     4     0     0    -9.0   46.305 -118.861    772.9    923.4
     1     1    17     8     6     3     0     0   -10.0   46.272 -118.864    781.1    921.6
     1     1    17     8     6     2     0     0   -11.0   46.247 -118.837    786.5    921.4
     1     1    17     8     6     1     0     0   -12.0   46.209 -118.810    788.9    921.0
     1     1    17     8     6     0     0     0   -13.0   46.158 -118.813    801.8    920.5
     1     1    17     8     5    23     0     0   -14.0   46.172 -118.789    815.2    916.4
     1     1    17     8     5    22     0     0   -15.0   46.204 -118.732    819.6    917.3
     1     1    17     8     5    21     0     0   -16.0   46.187 -118.702    814.5    917.6
     1     1    17     8     5    20     0     0   -17.0   46.132 -118.715    815.8    919.8
     1     1    17     8     5    19     0     0   -18.0   46.059 -118.762    810.2    919.3
     1     1    17     8     5    18     0     0   -19.0   45.992 -118.765    809.2    918.9
     1     1    17     8     5    17     0     0   -20.0   45.984 -118.695    781.1    921.4
     1     1    17     8     5    16     0     0   -21.0   46.027 -118.582    762.8    925.1
     1     1    17     8     5    15     0     0   -22.0   46.071 -118.458    759.5    923.7
     1     1    17     8     5    14     0     0   -23.0   46.117 -118.337    744.8    927.2
     1     1    17     8     5    13     0     0   -24.0   46.151 -118.218    742.4    925.4
     1     1    17     8     5    12     0     0   -25.0   46.208 -118.128    732.3    927.9
     1     1    17     8     5    11     0     0   -26.0   46.294 -118.050    738.9    927.3
     1     1    17     8     5    10     0     0   -27.0   46.387 -118.013    735.4    927.4
     1     1    17     8     5     9     0     0   -28.0   46.402 -118.022    749.5    926.2
     1     1    17     8     5     8     0     0   -29.0   46.353 -118.000    774.9    922.3
     1     1    17     8     5     7     0     0   -30.0   46.311 -117.977    785.3    920.8
     1     1    17     8     5     6     0     0   -31.0   46.270 -117.962    790.5    921.7
     1     1    17     8     5     5     0     0   -32.0   46.272 -117.919    775.6    920.2
