     1     1
    SITE    10     3     1     0     0
     1 BACKWARD OMEGA   
    17     8    26     7   46.392 -119.412   700.0
     1 PRESSURE
     1     1    17     8    26     7     0     0     0.0   46.392 -119.412    700.0    931.4
     1     1    17     8    26     6     0     0    -1.0   46.396 -119.350    704.0    931.0
     1     1    17     8    26     5     0     0    -2.0   46.389 -119.324    707.2    930.2
     1     1    17     8    26     4     0     0    -3.0   46.402 -119.272    710.0    930.6
     1     1    17     8    26     3     0     0    -4.0   46.429 -119.187    713.1    930.2
     1     1    17     8    26     2     0     0    -5.0   46.435 -119.123    710.3    929.1
     1     1    17     8    26     1     0     0    -6.0   46.413 -119.090    701.1    932.2
     1     1    17     8    26     0     0     0    -7.0   46.410 -119.097    700.1    931.4
     1     1    17     8    25    23     0     0    -8.0   46.412 -119.115    697.6    932.6
     1     1    17     8    25    22     0     0    -9.0   46.407 -119.107    700.9    931.3
     1     1    17     8    25    21     0     0   -10.0   46.404 -119.073    698.6    930.9
     1     1    17     8    25    20     0     0   -11.0   46.387 -119.026    698.3    931.7
     1     1    17     8    25    19     0     0   -12.0   46.356 -118.950    701.2    931.6
     1     1    17     8    25    18     0     0   -13.0   46.308 -118.848    681.0    933.6
     1     1    17     8    25    17     0     0   -14.0   46.259 -118.744    671.6    935.3
     1     1    17     8    25    16     0     0   -15.0   46.210 -118.629    665.1    934.8
     1     1    17     8    25    15     0     0   -16.0   46.158 -118.506    641.0    939.1
     1     1    17     8    25    14     0     0   -17.0   46.117 -118.388    642.7    938.1
     1     1    17     8    25    13     0     0   -18.0   46.094 -118.276    633.2    939.4
     1     1    17     8    25    12     0     0   -19.0   46.083 -118.157    620.9    941.3
     1     1    17     8    25    11     0     0   -20.0   46.047 -118.100    634.3    938.9
     1     1    17     8    25    10     0     0   -21.0   45.999 -118.138    636.1    939.0
     1     1    17     8    25     9     0     0   -22.0   45.964 -118.157    630.3    939.1
     1     1    17     8    25     8     0     0   -23.0   45.924 -118.150    622.4    940.9
     1     1    17     8    25     7     0     0   -24.0   45.890 -118.128    623.4    940.9
     1     1    17     8    25     6     0     0   -25.0   45.856 -118.087    634.0    939.8
     1     1    17     8    25     5     0     0   -26.0   45.806 -118.077    645.6    937.6
     1     1    17     8    25     4     0     0   -27.0   45.758 -118.087    646.2    936.6
     1     1    17     8    25     3     0     0   -28.0   45.720 -118.108    642.0    938.4
     1     1    17     8    25     2     0     0   -29.0   45.680 -118.143    638.4    938.8
     1     1    17     8    25     1     0     0   -30.0   45.660 -118.192    639.1    939.1
     1     1    17     8    25     0     0     0   -31.0   45.630 -118.233    648.8    938.5
     1     1    17     8    24    23     0     0   -32.0   45.596 -118.278    660.0    934.4
     1     1    17     8    24    22     0     0   -33.0   45.631 -118.404    647.8    936.0
     1     1    17     8    24    21     0     0   -34.0   45.740 -118.609    612.6    941.3
     1     1    17     8    24    20     0     0   -35.0   45.889 -118.834    620.6    942.2
     1     1    17     8    24    19     0     0   -36.0   46.054 -119.074    603.0    941.2
     1     1    17     8    24    18     0     0   -37.0   46.269 -119.346    590.7    943.3
     1     1    17     8    24    17     0     0   -38.0   46.501 -119.643    588.3    943.6
     1     1    17     8    24    16     0     0   -39.0   46.728 -119.943    569.1    946.9
     1     1    17     8    24    15     0     0   -40.0   46.938 -120.199    578.8    946.6
     1     1    17     8    24    14     0     0   -41.0   47.089 -120.405    604.4    942.2
     1     1    17     8    24    13     0     0   -42.0   47.119 -120.584    601.5    942.5
     1     1    17     8    24    12     0     0   -43.0   47.087 -120.767    595.8    944.0
