     1     1
    SITE    10     3     1     0     0
     1 BACKWARD OMEGA   
    17     8    17    15   46.392 -119.412   700.0
     1 PRESSURE
     1     1    17     8    17    15     0     0     0.0   46.392 -119.412    700.0    931.4
     1     1    17     8    17    14     0     0    -1.0   46.384 -119.410    687.2    932.9
     1     1    17     8    17    13     0     0    -2.0   46.347 -119.497    687.9    932.5
     1     1    17     8    17    12     0     0    -3.0   46.272 -119.502    686.1    934.0
     1     1    17     8    17    11     0     0    -4.0   46.182 -119.454    713.7    930.3
     1     1    17     8    17    10     0     0    -5.0   46.085 -119.381    729.2    928.3
     1     1    17     8    17     9     0     0    -6.0   45.991 -119.300    720.4    929.3
     1     1    17     8    17     8     0     0    -7.0   45.876 -119.250    711.0    930.5
     1     1    17     8    17     7     0     0    -8.0   45.748 -119.231    672.4    935.2
     1     1    17     8    17     6     0     0    -9.0   45.634 -119.219    657.4    936.1
     1     1    17     8    17     5     0     0   -10.0   45.565 -119.248    640.1    939.0
     1     1    17     8    17     4     0     0   -11.0   45.513 -119.328    628.4    939.8
     1     1    17     8    17     3     0     0   -12.0   45.461 -119.425    629.0    940.1
     1     1    17     8    17     2     0     0   -13.0   45.447 -119.556    629.5    939.3
     1     1    17     8    17     1     0     0   -14.0   45.442 -119.710    626.2    941.4
     1     1    17     8    17     0     0     0   -15.0   45.470 -119.891    632.3    938.8
     1     1    17     8    16    23     0     0   -16.0   45.553 -120.063    636.0    939.2
     1     1    17     8    16    22     0     0   -17.0   45.694 -120.268    618.2    941.6
     1     1    17     8    16    21     0     0   -18.0   45.870 -120.536    645.4    936.7
