     1     1
    SITE    10     3     1     0     0
     1 BACKWARD OMEGA   
    17     8    28     7   46.392 -119.412   700.0
     1 PRESSURE
     1     1    17     8    28     7     0     0     0.0   46.392 -119.412    700.0    931.4
     1     1    17     8    28     6     0     0    -1.0   46.347 -119.416    692.3    932.3
     1     1    17     8    28     5     0     0    -2.0   46.303 -119.393    702.4    932.4
     1     1    17     8    28     4     0     0    -3.0   46.262 -119.327    702.0    931.2
     1     1    17     8    28     3     0     0    -4.0   46.215 -119.364    704.1    930.3
     1     1    17     8    28     2     0     0    -5.0   46.209 -119.391    704.4    932.4
     1     1    17     8    28     1     0     0    -6.0   46.215 -119.347    714.5    929.9
     1     1    17     8    28     0     0     0    -7.0   46.193 -119.288    716.5    928.9
     1     1    17     8    27    23     0     0    -8.0   46.161 -119.227    723.1    929.4
     1     1    17     8    27    22     0     0    -9.0   46.140 -119.160    737.2    927.3
     1     1    17     8    27    21     0     0   -10.0   46.127 -119.100    752.4    925.7
     1     1    17     8    27    20     0     0   -11.0   46.102 -119.072    760.1    923.5
     1     1    17     8    27    19     0     0   -12.0   46.074 -119.074    758.4    924.8
     1     1    17     8    27    18     0     0   -13.0   46.062 -119.065    761.4    924.9
     1     1    17     8    27    17     0     0   -14.0   46.056 -119.044    765.7    923.6
     1     1    17     8    27    16     0     0   -15.0   46.042 -119.007    770.2    923.7
     1     1    17     8    27    15     0     0   -16.0   46.015 -118.941    771.0    922.3
     1     1    17     8    27    14     0     0   -17.0   45.975 -118.864    770.6    924.4
     1     1    17     8    27    13     0     0   -18.0   45.934 -118.786    767.5    922.3
     1     1    17     8    27    12     0     0   -19.0   45.935 -118.719    754.0    925.5
     1     1    17     8    27    11     0     0   -20.0   45.929 -118.670    746.8    927.3
     1     1    17     8    27    10     0     0   -21.0   45.894 -118.621    755.8    925.5
     1     1    17     8    27     9     0     0   -22.0   45.883 -118.566    772.5    923.7
     1     1    17     8    27     8     0     0   -23.0   45.879 -118.503    784.2    920.9
     1     1    17     8    27     7     0     0   -24.0   45.892 -118.442    793.6    921.5
     1     1    17     8    27     6     0     0   -25.0   45.909 -118.431    806.1    919.1
     1     1    17     8    27     5     0     0   -26.0   45.902 -118.438    809.0    918.5
     1     1    17     8    27     4     0     0   -27.0   45.914 -118.399    808.2    919.6
     1     1    17     8    27     3     0     0   -28.0   45.940 -118.329    822.8    918.9
     1     1    17     8    27     2     0     0   -29.0   45.952 -118.253    830.9    914.7
     1     1    17     8    27     1     0     0   -30.0   45.962 -118.190    836.5    917.8
     1     1    17     8    27     0     0     0   -31.0   45.955 -118.141    859.0    913.9
     1     1    17     8    26    23     0     0   -32.0   45.965 -118.093    870.4    911.5
     1     1    17     8    26    22     0     0   -33.0   46.001 -118.038    869.9    912.5
     1     1    17     8    26    21     0     0   -34.0   46.010 -118.029    865.4    912.8
     1     1    17     8    26    20     0     0   -35.0   45.996 -118.060    855.1    914.0
     1     1    17     8    26    19     0     0   -36.0   45.986 -118.034    855.6    915.4
     1     1    17     8    26    18     0     0   -37.0   46.014 -117.975    859.5    912.4
     1     1    17     8    26    17     0     0   -38.0   46.079 -117.923    846.1    913.0
