     1     1
    SITE    10     3     1     0     0
     1 BACKWARD OMEGA   
    17     8     7    13   46.392 -119.412   700.0
     1 PRESSURE
     1     1    17     8     7    13     0     0     0.0   46.392 -119.412    700.0    931.4
     1     1    17     8     7    12     0     0    -1.0   46.335 -119.380    708.9    930.4
     1     1    17     8     7    11     0     0    -2.0   46.323 -119.343    707.4    930.9
     1     1    17     8     7    10     0     0    -3.0   46.353 -119.266    719.5    928.6
     1     1    17     8     7     9     0     0    -4.0   46.390 -119.186    724.7    928.3
     1     1    17     8     7     8     0     0    -5.0   46.413 -119.096    710.4    928.1
     1     1    17     8     7     7     0     0    -6.0   46.409 -119.025    691.9    934.5
     1     1    17     8     7     6     0     0    -7.0   46.395 -119.008    694.1    932.3
     1     1    17     8     7     5     0     0    -8.0   46.390 -118.971    691.7    931.8
     1     1    17     8     7     4     0     0    -9.0   46.367 -118.915    693.4    933.8
     1     1    17     8     7     3     0     0   -10.0   46.340 -118.871    702.4    930.0
     1     1    17     8     7     2     0     0   -11.0   46.323 -118.836    703.5    930.9
     1     1    17     8     7     1     0     0   -12.0   46.281 -118.803    710.5    930.1
     1     1    17     8     7     0     0     0   -13.0   46.236 -118.737    706.3    929.2
     1     1    17     8     6    23     0     0   -14.0   46.204 -118.659    695.1    932.9
     1     1    17     8     6    22     0     0   -15.0   46.216 -118.587    690.9    932.6
     1     1    17     8     6    21     0     0   -16.0   46.222 -118.592    684.2    935.4
     1     1    17     8     6    20     0     0   -17.0   46.188 -118.620    680.3    933.8
     1     1    17     8     6    19     0     0   -18.0   46.193 -118.589    669.3    934.4
     1     1    17     8     6    18     0     0   -19.0   46.211 -118.608    658.1    936.8
     1     1    17     8     6    17     0     0   -20.0   46.207 -118.698    653.0    937.5
     1     1    17     8     6    16     0     0   -21.0   46.235 -118.714    653.6    937.2
     1     1    17     8     6    15     0     0   -22.0   46.247 -118.639    655.8    936.4
     1     1    17     8     6    14     0     0   -23.0   46.260 -118.555    654.0    937.1
     1     1    17     8     6    13     0     0   -24.0   46.263 -118.480    649.8    938.4
     1     1    17     8     6    12     0     0   -25.0   46.225 -118.406    653.1    937.1
     1     1    17     8     6    11     0     0   -26.0   46.181 -118.349    651.0    935.5
     1     1    17     8     6    10     0     0   -27.0   46.164 -118.293    629.2    939.7
     1     1    17     8     6     9     0     0   -28.0   46.179 -118.221    619.5    941.5
     1     1    17     8     6     8     0     0   -29.0   46.172 -118.146    629.5    941.1
     1     1    17     8     6     7     0     0   -30.0   46.196 -118.055    638.7    937.6
     1     1    17     8     6     6     0     0   -31.0   46.220 -117.973    656.2    936.6
     1     1    17     8     6     5     0     0   -32.0   46.198 -117.926    674.3    934.7
