     1     1
    SITE    10     3     1     0     0
     1 BACKWARD OMEGA   
    17     8    24    12   46.392 -119.412   700.0
     1 PRESSURE
     1     1    17     8    24    12     0     0     0.0   46.392 -119.412    700.0    931.4
     1     1    17     8    24    11     0     0    -1.0   46.351 -119.527    705.1    930.8
     1     1    17     8    24    10     0     0    -2.0   46.265 -119.547    702.5    931.7
     1     1    17     8    24     9     0     0    -3.0   46.184 -119.603    708.8    929.7
     1     1    17     8    24     8     0     0    -4.0   46.203 -119.786    726.3    930.5
     1     1    17     8    24     7     0     0    -5.0   46.281 -120.009    729.3    927.9
     1     1    17     8    24     6     0     0    -6.0   46.282 -120.135    723.6    928.4
     1     1    17     8    24     5     0     0    -7.0   46.271 -120.196    715.3    929.6
     1     1    17     8    24     4     0     0    -8.0   46.274 -120.260    705.2    930.6
     1     1    17     8    24     3     0     0    -9.0   46.237 -120.275    712.9    931.1
     1     1    17     8    24     2     0     0   -10.0   46.186 -120.276    720.1    927.8
     1     1    17     8    24     1     0     0   -11.0   46.145 -120.270    710.7    929.7
     1     1    17     8    24     0     0     0   -12.0   46.143 -120.246    703.8    931.7
     1     1    17     8    23    23     0     0   -13.0   46.141 -120.244    700.8    931.2
     1     1    17     8    23    22     0     0   -14.0   46.110 -120.270    697.9    932.0
     1     1    17     8    23    21     0     0   -15.0   46.068 -120.341    688.4    931.8
     1     1    17     8    23    20     0     0   -16.0   45.999 -120.372    697.5    932.9
     1     1    17     8    23    19     0     0   -17.0   45.933 -120.314    711.3    929.7
     1     1    17     8    23    18     0     0   -18.0   45.872 -120.246    719.1    929.2
     1     1    17     8    23    17     0     0   -19.0   45.799 -120.167    720.2    928.7
     1     1    17     8    23    16     0     0   -20.0   45.729 -120.046    681.0    932.6
     1     1    17     8    23    15     0     0   -21.0   45.622 -119.927    662.3    937.1
     1     1    17     8    23    14     0     0   -22.0   45.507 -119.799    661.2    937.0
     1     1    17     8    23    13     0     0   -23.0   45.377 -119.672    650.5    937.6
