     1     1
    SITE    10     3     1     0     0
     1 BACKWARD OMEGA   
    17     8    10     0   46.392 -119.412   700.0
     1 PRESSURE
     1     1    17     8    10     0     0     0     0.0   46.392 -119.412    700.0    931.4
     1     1    17     8     9    23     0     0    -1.0   46.365 -119.402    697.4    931.7
     1     1    17     8     9    22     0     0    -2.0   46.330 -119.360    693.8    931.8
     1     1    17     8     9    21     0     0    -3.0   46.292 -119.348    694.1    932.7
     1     1    17     8     9    20     0     0    -4.0   46.261 -119.395    686.8    931.5
     1     1    17     8     9    19     0     0    -5.0   46.263 -119.377    666.0    935.5
     1     1    17     8     9    18     0     0    -6.0   46.304 -119.258    669.8    935.8
     1     1    17     8     9    17     0     0    -7.0   46.353 -119.148    688.2    932.4
     1     1    17     8     9    16     0     0    -8.0   46.403 -119.010    684.5    933.1
     1     1    17     8     9    15     0     0    -9.0   46.457 -118.882    672.2    934.1
     1     1    17     8     9    14     0     0   -10.0   46.500 -118.760    653.7    937.9
     1     1    17     8     9    13     0     0   -11.0   46.527 -118.641    656.0    936.1
     1     1    17     8     9    12     0     0   -12.0   46.508 -118.591    649.8    937.8
     1     1    17     8     9    11     0     0   -13.0   46.446 -118.597    653.8    936.9
     1     1    17     8     9    10     0     0   -14.0   46.421 -118.570    657.6    936.3
     1     1    17     8     9     9     0     0   -15.0   46.438 -118.501    663.3    936.6
     1     1    17     8     9     8     0     0   -16.0   46.459 -118.437    669.7    934.3
     1     1    17     8     9     7     0     0   -17.0   46.456 -118.392    668.1    934.6
     1     1    17     8     9     6     0     0   -18.0   46.436 -118.337    665.5    935.7
     1     1    17     8     9     5     0     0   -19.0   46.423 -118.312    667.9    935.7
     1     1    17     8     9     4     0     0   -20.0   46.407 -118.294    670.0    934.4
     1     1    17     8     9     3     0     0   -21.0   46.382 -118.269    665.7    935.8
     1     1    17     8     9     2     0     0   -22.0   46.341 -118.272    665.4    935.0
     1     1    17     8     9     1     0     0   -23.0   46.349 -118.219    649.9    935.9
     1     1    17     8     9     0     0     0   -24.0   46.343 -118.176    642.2    940.5
     1     1    17     8     8    23     0     0   -25.0   46.283 -118.181    647.1    937.9
     1     1    17     8     8    22     0     0   -26.0   46.262 -118.168    652.6    936.4
     1     1    17     8     8    21     0     0   -27.0   46.256 -118.151    654.3    936.9
     1     1    17     8     8    20     0     0   -28.0   46.247 -118.198    643.8    936.7
     1     1    17     8     8    19     0     0   -29.0   46.239 -118.221    634.4    939.6
     1     1    17     8     8    18     0     0   -30.0   46.253 -118.152    627.8    939.1
     1     1    17     8     8    17     0     0   -31.0   46.295 -118.063    645.1    939.7
     1     1    17     8     8    16     0     0   -32.0   46.346 -117.961    656.9    934.2
