     1     1
    SITE    10     3     1     0     0
     1 BACKWARD OMEGA   
    17     8    20     5   46.392 -119.412   700.0
     1 PRESSURE
     1     1    17     8    20     5     0     0     0.0   46.392 -119.412    700.0    931.4
     1     1    17     8    20     4     0     0    -1.0   46.303 -119.421    688.2    932.8
     1     1    17     8    20     3     0     0    -2.0   46.210 -119.409    675.3    934.2
     1     1    17     8    20     2     0     0    -3.0   46.146 -119.408    672.3    934.9
     1     1    17     8    20     1     0     0    -4.0   46.117 -119.430    674.3    934.5
     1     1    17     8    20     0     0     0    -5.0   46.083 -119.452    672.9    934.1
     1     1    17     8    19    23     0     0    -6.0   46.002 -119.452    685.0    935.2
     1     1    17     8    19    22     0     0    -7.0   45.990 -119.435    708.4    930.0
     1     1    17     8    19    21     0     0    -8.0   46.087 -119.463    685.0    932.4
     1     1    17     8    19    20     0     0    -9.0   46.135 -119.555    677.6    935.1
     1     1    17     8    19    19     0     0   -10.0   46.083 -119.590    685.4    932.9
     1     1    17     8    19    18     0     0   -11.0   45.986 -119.513    691.9    932.0
     1     1    17     8    19    17     0     0   -12.0   45.883 -119.409    680.0    934.8
     1     1    17     8    19    16     0     0   -13.0   45.776 -119.284    680.3    933.3
     1     1    17     8    19    15     0     0   -14.0   45.661 -119.170    670.4    935.4
     1     1    17     8    19    14     0     0   -15.0   45.564 -119.035    685.0    934.0
     1     1    17     8    19    13     0     0   -16.0   45.532 -119.011    717.1    928.5
     1     1    17     8    19    12     0     0   -17.0   45.533 -119.133    722.5    928.1
     1     1    17     8    19    11     0     0   -18.0   45.498 -119.199    724.1    929.1
     1     1    17     8    19    10     0     0   -19.0   45.444 -119.259    733.2    927.9
     1     1    17     8    19     9     0     0   -20.0   45.465 -119.343    740.0    927.4
     1     1    17     8    19     8     0     0   -21.0   45.549 -119.433    771.5    924.4
     1     1    17     8    19     7     0     0   -22.0   45.557 -119.534    779.7    921.9
     1     1    17     8    19     6     0     0   -23.0   45.505 -119.603    775.0    923.1
     1     1    17     8    19     5     0     0   -24.0   45.457 -119.643    766.7    922.5
     1     1    17     8    19     4     0     0   -25.0   45.380 -119.671    758.3    926.9
