     1     1
    SITE    10     3     1     0     0
     1 BACKWARD OMEGA   
    17     8    16     5   46.392 -119.412   700.0
     1 PRESSURE
     1     1    17     8    16     5     0     0     0.0   46.392 -119.412    700.0    931.4
     1     1    17     8    16     4     0     0    -1.0   46.320 -119.390    697.7    931.7
     1     1    17     8    16     3     0     0    -2.0   46.239 -119.368    686.9    932.8
     1     1    17     8    16     2     0     0    -3.0   46.157 -119.363    681.7    933.4
     1     1    17     8    16     1     0     0    -4.0   46.100 -119.355    673.8    934.8
     1     1    17     8    16     0     0     0    -5.0   46.066 -119.343    668.3    935.0
     1     1    17     8    15    23     0     0    -6.0   46.045 -119.311    669.0    936.5
     1     1    17     8    15    22     0     0    -7.0   46.056 -119.319    678.6    933.1
     1     1    17     8    15    21     0     0    -8.0   46.020 -119.355    660.0    934.9
     1     1    17     8    15    20     0     0    -9.0   45.914 -119.357    627.3    940.7
     1     1    17     8    15    19     0     0   -10.0   45.810 -119.340    618.3    941.0
     1     1    17     8    15    18     0     0   -11.0   45.719 -119.263    613.8    942.3
     1     1    17     8    15    17     0     0   -12.0   45.624 -119.144    615.0    940.2
     1     1    17     8    15    16     0     0   -13.0   45.525 -119.019    620.5    942.1
     1     1    17     8    15    15     0     0   -14.0   45.435 -118.940    643.5    936.7
