     1     1
    SITE    10     3     1     0     0
     1 BACKWARD OMEGA   
    17     8    19    17   46.392 -119.412   700.0
     1 PRESSURE
     1     1    17     8    19    17     0     0     0.0   46.392 -119.412    700.0    931.4
     1     1    17     8    19    16     0     0    -1.0   46.285 -119.286    675.5    934.3
     1     1    17     8    19    15     0     0    -2.0   46.167 -119.173    657.7    937.8
     1     1    17     8    19    14     0     0    -3.0   46.072 -119.039    674.2    932.6
     1     1    17     8    19    13     0     0    -4.0   46.041 -119.017    646.0    939.2
     1     1    17     8    19    12     0     0    -5.0   46.039 -119.143    643.3    937.8
     1     1    17     8    19    11     0     0    -6.0   46.004 -119.210    649.2    937.9
     1     1    17     8    19    10     0     0    -7.0   45.951 -119.271    643.9    937.7
     1     1    17     8    19     9     0     0    -8.0   45.970 -119.360    659.5    937.2
     1     1    17     8    19     8     0     0    -9.0   46.050 -119.453    676.5    933.9
     1     1    17     8    19     7     0     0   -10.0   46.055 -119.557    674.6    933.6
     1     1    17     8    19     6     0     0   -11.0   46.004 -119.624    669.6    935.9
     1     1    17     8    19     5     0     0   -12.0   45.958 -119.662    680.2    932.5
     1     1    17     8    19     4     0     0   -13.0   45.880 -119.691    670.8    933.7
     1     1    17     8    19     3     0     0   -14.0   45.804 -119.751    656.7    936.4
     1     1    17     8    19     2     0     0   -15.0   45.815 -119.872    643.0    937.9
     1     1    17     8    19     1     0     0   -16.0   45.899 -119.998    644.7    939.2
     1     1    17     8    19     0     0     0   -17.0   45.979 -120.109    644.0    938.2
     1     1    17     8    18    23     0     0   -18.0   46.104 -120.307    621.6    941.5
     1     1    17     8    18    22     0     0   -19.0   46.273 -120.569    672.8    934.3
