     1     1
    SITE    10     3     1     0     0
     1 BACKWARD OMEGA   
    17     8    29    20   46.392 -119.412   700.0
     1 PRESSURE
     1     1    17     8    29    20     0     0     0.0   46.392 -119.412    700.0    931.4
     1     1    17     8    29    19     0     0    -1.0   46.321 -119.375    692.9    932.3
     1     1    17     8    29    18     0     0    -2.0   46.235 -119.342    702.6    931.1
     1     1    17     8    29    17     0     0    -3.0   46.165 -119.275    708.9    930.4
     1     1    17     8    29    16     0     0    -4.0   46.116 -119.186    718.8    928.6
     1     1    17     8    29    15     0     0    -5.0   46.092 -119.093    720.3    929.2
     1     1    17     8    29    14     0     0    -6.0   46.077 -119.004    728.0    929.1
     1     1    17     8    29    13     0     0    -7.0   46.057 -118.912    737.8    926.4
     1     1    17     8    29    12     0     0    -8.0   46.049 -118.811    740.9    926.8
     1     1    17     8    29    11     0     0    -9.0   46.052 -118.719    733.5    927.9
     1     1    17     8    29    10     0     0   -10.0   46.027 -118.677    731.5    927.7
     1     1    17     8    29     9     0     0   -11.0   45.978 -118.679    720.9    927.8
     1     1    17     8    29     8     0     0   -12.0   45.932 -118.694    709.0    931.2
     1     1    17     8    29     7     0     0   -13.0   45.907 -118.691    705.8    930.9
     1     1    17     8    29     6     0     0   -14.0   45.902 -118.668    706.0    930.8
     1     1    17     8    29     5     0     0   -15.0   45.885 -118.653    708.9    930.6
     1     1    17     8    29     4     0     0   -16.0   45.877 -118.593    717.2    929.6
     1     1    17     8    29     3     0     0   -17.0   45.901 -118.481    737.2    927.1
     1     1    17     8    29     2     0     0   -18.0   45.946 -118.368    750.3    925.8
     1     1    17     8    29     1     0     0   -19.0   45.990 -118.288    753.3    925.4
     1     1    17     8    29     0     0     0   -20.0   45.989 -118.266    747.2    925.2
     1     1    17     8    28    23     0     0   -21.0   45.952 -118.276    738.2    927.1
     1     1    17     8    28    22     0     0   -22.0   45.923 -118.261    734.8    928.1
     1     1    17     8    28    21     0     0   -23.0   45.898 -118.226    732.8    928.0
     1     1    17     8    28    20     0     0   -24.0   45.873 -118.254    735.8    927.6
     1     1    17     8    28    19     0     0   -25.0   45.837 -118.293    740.5    926.2
     1     1    17     8    28    18     0     0   -26.0   45.852 -118.341    751.7    926.9
     1     1    17     8    28    17     0     0   -27.0   45.935 -118.431    729.4    927.8
     1     1    17     8    28    16     0     0   -28.0   46.022 -118.480    719.9    929.1
     1     1    17     8    28    15     0     0   -29.0   46.109 -118.499    708.4    930.6
     1     1    17     8    28    14     0     0   -30.0   46.109 -118.507    724.0    929.3
     1     1    17     8    28    13     0     0   -31.0   46.018 -118.523    732.6    927.5
     1     1    17     8    28    12     0     0   -32.0   46.011 -118.490    719.6    928.7
     1     1    17     8    28    11     0     0   -33.0   46.096 -118.441    710.7    930.5
     1     1    17     8    28    10     0     0   -34.0   46.096 -118.442    727.4    929.0
     1     1    17     8    28     9     0     0   -35.0   46.103 -118.462    736.6    926.8
     1     1    17     8    28     8     0     0   -36.0   46.110 -118.492    708.0    930.5
     1     1    17     8    28     7     0     0   -37.0   46.053 -118.471    672.4    934.8
     1     1    17     8    28     6     0     0   -38.0   46.010 -118.476    654.0    940.1
     1     1    17     8    28     5     0     0   -39.0   45.967 -118.451    670.3    937.0
     1     1    17     8    28     4     0     0   -40.0   45.927 -118.385    660.6    935.7
     1     1    17     8    28     3     0     0   -41.0   45.879 -118.422    652.9    938.8
     1     1    17     8    28     2     0     0   -42.0   45.869 -118.448    654.1    936.5
     1     1    17     8    28     1     0     0   -43.0   45.875 -118.402    653.1    935.8
     1     1    17     8    28     0     0     0   -44.0   45.854 -118.342    660.4    938.1
     1     1    17     8    27    23     0     0   -45.0   45.824 -118.281    672.5    933.6
     1     1    17     8    27    22     0     0   -46.0   45.804 -118.212    683.7    934.4
     1     1    17     8    27    21     0     0   -47.0   45.789 -118.152    702.9    931.4
     1     1    17     8    27    20     0     0   -48.0   45.763 -118.126    712.5    928.3
     1     1    17     8    27    19     0     0   -49.0   45.736 -118.127    709.7    930.4
     1     1    17     8    27    18     0     0   -50.0   45.723 -118.118    710.6    930.5
     1     1    17     8    27    17     0     0   -51.0   45.717 -118.097    712.1    929.7
     1     1    17     8    27    16     0     0   -52.0   45.703 -118.059    715.1    930.2
     1     1    17     8    27    15     0     0   -53.0   45.676 -117.993    733.1    928.8
     1     1    17     8    27    14     0     0   -54.0   45.637 -117.917    755.0    924.3
