     1     1
    SITE    10     3     1     0     0
     1 BACKWARD OMEGA   
    17     8     2    21   46.392 -119.412   700.0
     1 PRESSURE
     1     1    17     8     2    21     0     0     0.0   46.392 -119.412    700.0    931.4
     1     1    17     8     2    20     0     0    -1.0   46.406 -119.387    685.0    933.2
     1     1    17     8     2    19     0     0    -2.0   46.434 -119.360    666.2    936.3
     1     1    17     8     2    18     0     0    -3.0   46.535 -119.362    662.6    936.7
     1     1    17     8     2    17     0     0    -4.0   46.672 -119.317    695.0    931.9
     1     1    17     8     2    16     0     0    -5.0   46.820 -119.232    697.8    932.0
     1     1    17     8     2    15     0     0    -6.0   46.952 -119.123    716.2    931.0
     1     1    17     8     2    14     0     0    -7.0   47.075 -119.017    730.1    928.2
     1     1    17     8     2    13     0     0    -8.0   47.203 -118.929    710.5    929.8
     1     1    17     8     2    12     0     0    -9.0   47.268 -118.774    731.3    928.3
     1     1    17     8     2    11     0     0   -10.0   47.351 -118.635    712.0    930.4
