     1     1
    SITE    10     3     1     0     0
     1 BACKWARD OMEGA   
    17     8    22    10   46.392 -119.412   700.0
     1 PRESSURE
     1     1    17     8    22    10     0     0     0.0   46.392 -119.412    700.0    931.4
     1     1    17     8    22     9     0     0    -1.0   46.335 -119.357    697.9    931.6
     1     1    17     8    22     8     0     0    -2.0   46.276 -119.321    683.2    935.4
     1     1    17     8    22     7     0     0    -3.0   46.237 -119.309    685.7    933.1
     1     1    17     8    22     6     0     0    -4.0   46.218 -119.282    686.8    932.8
     1     1    17     8    22     5     0     0    -5.0   46.215 -119.217    689.7    933.0
     1     1    17     8    22     4     0     0    -6.0   46.242 -119.154    687.3    932.5
     1     1    17     8    22     3     0     0    -7.0   46.289 -119.110    670.9    933.3
     1     1    17     8    22     2     0     0    -8.0   46.311 -119.071    657.2    938.4
     1     1    17     8    22     1     0     0    -9.0   46.295 -119.052    658.9    936.1
     1     1    17     8    22     0     0     0   -10.0   46.276 -119.013    647.6    936.4
     1     1    17     8    21    23     0     0   -11.0   46.287 -118.954    638.0    940.4
     1     1    17     8    21    22     0     0   -12.0   46.303 -118.971    642.4    938.3
     1     1    17     8    21    21     0     0   -13.0   46.301 -119.043    645.8    937.3
     1     1    17     8    21    20     0     0   -14.0   46.269 -119.076    656.0    938.0
     1     1    17     8    21    19     0     0   -15.0   46.268 -119.095    662.7    933.9
     1     1    17     8    21    18     0     0   -16.0   46.336 -119.139    651.3    938.3
     1     1    17     8    21    17     0     0   -17.0   46.370 -119.214    634.6    939.3
     1     1    17     8    21    16     0     0   -18.0   46.396 -119.287    622.1    940.6
     1     1    17     8    21    15     0     0   -19.0   46.400 -119.319    604.0    942.7
     1     1    17     8    21    14     0     0   -20.0   46.339 -119.324    583.2    944.2
     1     1    17     8    21    13     0     0   -21.0   46.321 -119.268    574.8    946.6
     1     1    17     8    21    12     0     0   -22.0   46.311 -119.186    580.2    944.7
     1     1    17     8    21    11     0     0   -23.0   46.289 -119.097    579.5    945.3
     1     1    17     8    21    10     0     0   -24.0   46.304 -119.021    575.7    945.4
     1     1    17     8    21     9     0     0   -25.0   46.320 -118.984    574.6    946.7
     1     1    17     8    21     8     0     0   -26.0   46.318 -118.932    578.9    944.5
     1     1    17     8    21     7     0     0   -27.0   46.315 -118.862    579.1    945.3
     1     1    17     8    21     6     0     0   -28.0   46.323 -118.806    581.2    944.8
     1     1    17     8    21     5     0     0   -29.0   46.328 -118.776    579.9    945.0
     1     1    17     8    21     4     0     0   -30.0   46.314 -118.767    575.5    945.3
     1     1    17     8    21     3     0     0   -31.0   46.283 -118.738    572.7    946.1
     1     1    17     8    21     2     0     0   -32.0   46.253 -118.718    562.9    946.7
     1     1    17     8    21     1     0     0   -33.0   46.237 -118.690    558.1    948.2
     1     1    17     8    21     0     0     0   -34.0   46.205 -118.653    563.8    947.0
     1     1    17     8    20    23     0     0   -35.0   46.156 -118.658    564.3    946.5
     1     1    17     8    20    22     0     0   -36.0   46.161 -118.687    573.2    947.0
     1     1    17     8    20    21     0     0   -37.0   46.201 -118.702    575.6    944.5
     1     1    17     8    20    20     0     0   -38.0   46.199 -118.698    572.4    946.0
     1     1    17     8    20    19     0     0   -39.0   46.161 -118.673    570.0    945.7
     1     1    17     8    20    18     0     0   -40.0   46.125 -118.566    563.0    947.0
     1     1    17     8    20    17     0     0   -41.0   46.093 -118.405    569.9    946.5
     1     1    17     8    20    16     0     0   -42.0   46.074 -118.233    557.0    947.2
     1     1    17     8    20    15     0     0   -43.0   46.045 -118.074    549.2    949.2
     1     1    17     8    20    14     0     0   -44.0   45.975 -118.020    570.6    946.4
     1     1    17     8    20    13     0     0   -45.0   45.891 -118.063    565.7    945.8
     1     1    17     8    20    12     0     0   -46.0   45.827 -118.073    552.2    948.2
     1     1    17     8    20    11     0     0   -47.0   45.773 -118.071    550.5    948.4
     1     1    17     8    20    10     0     0   -48.0   45.721 -118.098    553.8    947.8
     1     1    17     8    20     9     0     0   -49.0   45.677 -118.130    556.1    947.5
     1     1    17     8    20     8     0     0   -50.0   45.625 -118.132    556.5    947.5
     1     1    17     8    20     7     0     0   -51.0   45.553 -118.100    560.6    946.9
     1     1    17     8    20     6     0     0   -52.0   45.478 -118.065    560.1    947.2
     1     1    17     8    20     5     0     0   -53.0   45.397 -118.057    556.6    947.5
