     1     1
    SITE    10     3     1     0     0
     1 BACKWARD OMEGA   
    17     8    23     2   46.392 -119.412   700.0
     1 PRESSURE
     1     1    17     8    23     2     0     0     0.0   46.392 -119.412    700.0    931.4
     1     1    17     8    23     1     0     0    -1.0   46.339 -119.397    697.0    931.8
     1     1    17     8    23     0     0     0    -2.0   46.256 -119.481    684.7    932.2
     1     1    17     8    22    23     0     0    -3.0   46.171 -119.561    646.4    938.1
     1     1    17     8    22    22     0     0    -4.0   46.081 -119.598    637.7    939.0
     1     1    17     8    22    21     0     0    -5.0   45.980 -119.611    630.1    939.3
     1     1    17     8    22    20     0     0    -6.0   45.872 -119.588    633.1    940.1
     1     1    17     8    22    19     0     0    -7.0   45.771 -119.569    628.7    939.5
     1     1    17     8    22    18     0     0    -8.0   45.676 -119.551    616.4    941.6
     1     1    17     8    22    17     0     0    -9.0   45.597 -119.503    624.6    940.4
     1     1    17     8    22    16     0     0   -10.0   45.534 -119.444    625.7    940.3
     1     1    17     8    22    15     0     0   -11.0   45.499 -119.371    633.1    940.3
     1     1    17     8    22    14     0     0   -12.0   45.489 -119.283    640.5    937.4
     1     1    17     8    22    13     0     0   -13.0   45.462 -119.230    643.0    938.6
     1     1    17     8    22    12     0     0   -14.0   45.419 -119.190    642.4    937.8
