     1     1
    SITE    10     3     1     0     0
     1 BACKWARD OMEGA   
    17     8    11    20   46.392 -119.412   700.0
     1 PRESSURE
     1     1    17     8    11    20     0     0     0.0   46.392 -119.412    700.0    931.4
     1     1    17     8    11    19     0     0    -1.0   46.278 -119.499    695.4    932.0
     1     1    17     8    11    18     0     0    -2.0   46.179 -119.540    701.7    931.4
     1     1    17     8    11    17     0     0    -3.0   46.108 -119.525    697.5    931.3
     1     1    17     8    11    16     0     0    -4.0   46.084 -119.455    679.6    933.8
     1     1    17     8    11    15     0     0    -5.0   46.096 -119.357    666.6    935.3
     1     1    17     8    11    14     0     0    -6.0   46.095 -119.260    660.3    936.9
     1     1    17     8    11    13     0     0    -7.0   46.062 -119.162    652.2    936.1
     1     1    17     8    11    12     0     0    -8.0   46.011 -119.087    643.9    941.3
     1     1    17     8    11    11     0     0    -9.0   45.966 -119.024    658.7    935.7
     1     1    17     8    11    10     0     0   -10.0   45.961 -118.952    680.2    934.7
     1     1    17     8    11     9     0     0   -11.0   45.990 -118.865    690.4    930.9
     1     1    17     8    11     8     0     0   -12.0   46.036 -118.771    693.0    933.1
     1     1    17     8    11     7     0     0   -13.0   46.093 -118.698    708.9    930.9
     1     1    17     8    11     6     0     0   -14.0   46.144 -118.640    714.5    928.1
     1     1    17     8    11     5     0     0   -15.0   46.132 -118.615    713.1    930.7
     1     1    17     8    11     4     0     0   -16.0   46.089 -118.648    710.6    929.5
     1     1    17     8    11     3     0     0   -17.0   46.051 -118.676    704.7    931.0
     1     1    17     8    11     2     0     0   -18.0   46.013 -118.635    694.1    931.4
     1     1    17     8    11     1     0     0   -19.0   45.991 -118.585    685.0    933.8
     1     1    17     8    11     0     0     0   -20.0   45.969 -118.557    680.0    933.8
     1     1    17     8    10    23     0     0   -21.0   45.929 -118.547    672.0    934.3
     1     1    17     8    10    22     0     0   -22.0   45.891 -118.594    655.6    935.7
     1     1    17     8    10    21     0     0   -23.0   45.879 -118.616    642.9    939.6
     1     1    17     8    10    20     0     0   -24.0   45.887 -118.622    647.9    938.6
     1     1    17     8    10    19     0     0   -25.0   45.880 -118.684    648.2    936.2
     1     1    17     8    10    18     0     0   -26.0   45.871 -118.658    644.7    938.9
     1     1    17     8    10    17     0     0   -27.0   45.901 -118.526    638.8    939.9
     1     1    17     8    10    16     0     0   -28.0   45.944 -118.394    661.7    934.8
     1     1    17     8    10    15     0     0   -29.0   45.982 -118.265    665.3    935.7
     1     1    17     8    10    14     0     0   -30.0   46.017 -118.141    661.2    936.6
     1     1    17     8    10    13     0     0   -31.0   46.048 -118.034    647.6    936.7
     1     1    17     8    10    12     0     0   -32.0   46.064 -117.937    631.6    940.3
