     1     1
    SITE    10     3     1     0     0
     1 BACKWARD OMEGA   
    17     8    21     2   46.392 -119.412   700.0
     1 PRESSURE
     1     1    17     8    21     2     0     0     0.0   46.392 -119.412    700.0    931.4
     1     1    17     8    21     1     0     0    -1.0   46.375 -119.385    701.7    931.2
     1     1    17     8    21     0     0     0    -2.0   46.341 -119.348    708.6    931.1
     1     1    17     8    20    23     0     0    -3.0   46.293 -119.354    718.8    929.0
     1     1    17     8    20    22     0     0    -4.0   46.300 -119.383    728.9    928.4
     1     1    17     8    20    21     0     0    -5.0   46.342 -119.400    741.3    925.7
     1     1    17     8    20    20     0     0    -6.0   46.340 -119.394    742.6    925.8
     1     1    17     8    20    19     0     0    -7.0   46.302 -119.369    747.4    926.6
     1     1    17     8    20    18     0     0    -8.0   46.266 -119.262    742.8    924.8
     1     1    17     8    20    17     0     0    -9.0   46.235 -119.099    757.5    925.6
     1     1    17     8    20    16     0     0   -10.0   46.217 -118.931    749.2    926.1
     1     1    17     8    20    15     0     0   -11.0   46.190 -118.776    749.6    926.2
     1     1    17     8    20    14     0     0   -12.0   46.118 -118.721    772.8    923.0
     1     1    17     8    20    13     0     0   -13.0   46.035 -118.765    787.2    921.1
     1     1    17     8    20    12     0     0   -14.0   45.970 -118.771    789.1    921.5
     1     1    17     8    20    11     0     0   -15.0   45.916 -118.769    791.6    920.8
     1     1    17     8    20    10     0     0   -16.0   45.863 -118.796    797.9    921.3
     1     1    17     8    20     9     0     0   -17.0   45.819 -118.827    809.8    918.8
     1     1    17     8    20     8     0     0   -18.0   45.768 -118.827    823.6    917.9
     1     1    17     8    20     7     0     0   -19.0   45.696 -118.795    828.9    917.5
     1     1    17     8    20     6     0     0   -20.0   45.621 -118.763    828.4    916.5
     1     1    17     8    20     5     0     0   -21.0   45.539 -118.760    813.2    919.4
     1     1    17     8    20     4     0     0   -22.0   45.449 -118.769    806.9    919.5
