     1     1
    SITE    10     3     1     0     0
     1 BACKWARD OMEGA   
    17     8    13     7   46.392 -119.412   700.0
     1 PRESSURE
     1     1    17     8    13     7     0     0     0.0   46.392 -119.412    700.0    931.4
     1     1    17     8    13     6     0     0    -1.0   46.255 -119.408    672.0    934.8
     1     1    17     8    13     5     0     0    -2.0   46.197 -119.460    682.8    933.2
     1     1    17     8    13     4     0     0    -3.0   46.234 -119.589    681.4    932.5
     1     1    17     8    13     3     0     0    -4.0   46.275 -119.721    665.7    937.0
     1     1    17     8    13     2     0     0    -5.0   46.266 -119.798    679.0    933.6
     1     1    17     8    13     1     0     0    -6.0   46.217 -119.835    692.6    933.5
     1     1    17     8    13     0     0     0    -7.0   46.146 -119.838    694.5    931.8
     1     1    17     8    12    23     0     0    -8.0   46.091 -119.911    680.2    933.3
     1     1    17     8    12    22     0     0    -9.0   46.085 -120.099    674.0    934.8
     1     1    17     8    12    21     0     0   -10.0   46.174 -120.315    670.0    935.4
     1     1    17     8    12    20     0     0   -11.0   46.213 -120.519    662.4    935.1
     1     1    17     8    12    19     0     0   -12.0   46.133 -120.554    654.3    936.8
     1     1    17     8    12    18     0     0   -13.0   46.017 -120.454    646.4    937.5
     1     1    17     8    12    17     0     0   -14.0   45.869 -120.407    656.1    936.5
     1     1    17     8    12    16     0     0   -15.0   45.713 -120.348    653.2    936.0
     1     1    17     8    12    15     0     0   -16.0   45.579 -120.185    634.3    939.2
     1     1    17     8    12    14     0     0   -17.0   45.450 -120.055    617.3    940.5
