     1     1
    SITE    10     3     1     0     0
     1 BACKWARD OMEGA   
    17     8     8    21   46.392 -119.412   700.0
     1 PRESSURE
     1     1    17     8     8    21     0     0     0.0   46.392 -119.412    700.0    931.4
     1     1    17     8     8    20     0     0    -1.0   46.382 -119.457    691.7    932.4
     1     1    17     8     8    19     0     0    -2.0   46.372 -119.479    679.1    934.9
     1     1    17     8     8    18     0     0    -3.0   46.383 -119.412    685.2    933.9
     1     1    17     8     8    17     0     0    -4.0   46.422 -119.320    690.4    932.7
     1     1    17     8     8    16     0     0    -5.0   46.473 -119.221    695.0    932.4
     1     1    17     8     8    15     0     0    -6.0   46.497 -119.110    700.3    930.5
     1     1    17     8     8    14     0     0    -7.0   46.477 -118.996    703.9    931.3
     1     1    17     8     8    13     0     0    -8.0   46.435 -118.912    710.4    929.8
     1     1    17     8     8    12     0     0    -9.0   46.415 -118.825    705.9    930.8
     1     1    17     8     8    11     0     0   -10.0   46.433 -118.730    704.9    931.1
     1     1    17     8     8    10     0     0   -11.0   46.459 -118.643    708.6    930.2
     1     1    17     8     8     9     0     0   -12.0   46.465 -118.571    712.6    930.1
     1     1    17     8     8     8     0     0   -13.0   46.461 -118.520    716.6    928.7
     1     1    17     8     8     7     0     0   -14.0   46.459 -118.483    716.5    929.9
     1     1    17     8     8     6     0     0   -15.0   46.445 -118.462    719.3    929.2
     1     1    17     8     8     5     0     0   -16.0   46.418 -118.454    725.8    928.8
     1     1    17     8     8     4     0     0   -17.0   46.415 -118.425    730.7    927.1
     1     1    17     8     8     3     0     0   -18.0   46.432 -118.380    730.7    927.5
     1     1    17     8     8     2     0     0   -19.0   46.422 -118.371    728.5    928.3
     1     1    17     8     8     1     0     0   -20.0   46.395 -118.384    729.5    928.1
     1     1    17     8     8     0     0     0   -21.0   46.348 -118.390    728.5    927.8
     1     1    17     8     7    23     0     0   -22.0   46.297 -118.412    727.2    928.4
     1     1    17     8     7    22     0     0   -23.0   46.268 -118.463    724.3    928.3
     1     1    17     8     7    21     0     0   -24.0   46.241 -118.488    718.2    929.4
     1     1    17     8     7    20     0     0   -25.0   46.197 -118.484    708.5    930.6
     1     1    17     8     7    19     0     0   -26.0   46.131 -118.477    697.0    931.0
     1     1    17     8     7    18     0     0   -27.0   46.047 -118.445    666.3    935.1
     1     1    17     8     7    17     0     0   -28.0   45.955 -118.406    669.0    935.5
     1     1    17     8     7    16     0     0   -29.0   45.866 -118.354    670.4    934.5
     1     1    17     8     7    15     0     0   -30.0   45.785 -118.271    654.1    937.4
     1     1    17     8     7    14     0     0   -31.0   45.713 -118.197    647.8    937.7
     1     1    17     8     7    13     0     0   -32.0   45.646 -118.140    642.9    938.3
     1     1    17     8     7    12     0     0   -33.0   45.589 -118.112    636.3    938.7
     1     1    17     8     7    11     0     0   -34.0   45.577 -118.078    633.7    940.1
     1     1    17     8     7    10     0     0   -35.0   45.607 -118.003    666.3    937.6
     1     1    17     8     7     9     0     0   -36.0   45.646 -117.921    693.4    929.2
