     1     1
    SITE    10     3     1     0     0
     1 BACKWARD OMEGA   
    17     8    15     3   46.392 -119.412   700.0
     1 PRESSURE
     1     1    17     8    15     3     0     0     0.0   46.392 -119.412    700.0    931.4
     1     1    17     8    15     2     0     0    -1.0   46.380 -119.317    707.4    930.5
     1     1    17     8    15     1     0     0    -2.0   46.395 -119.232    710.2    930.0
     1     1    17     8    15     0     0     0    -3.0   46.445 -119.237    721.8    929.0
     1     1    17     8    14    23     0     0    -4.0   46.471 -119.304    743.6    926.8
     1     1    17     8    14    22     0     0    -5.0   46.458 -119.345    752.7    925.1
     1     1    17     8    14    21     0     0    -6.0   46.406 -119.330    756.4    925.4
     1     1    17     8    14    20     0     0    -7.0   46.335 -119.313    761.4    924.1
     1     1    17     8    14    19     0     0    -8.0   46.257 -119.256    755.9    925.0
     1     1    17     8    14    18     0     0    -9.0   46.169 -119.136    749.5    924.9
     1     1    17     8    14    17     0     0   -10.0   46.079 -118.997    714.9    928.7
     1     1    17     8    14    16     0     0   -11.0   45.987 -118.859    672.9    933.5
     1     1    17     8    14    15     0     0   -12.0   45.921 -118.704    667.5    935.3
     1     1    17     8    14    14     0     0   -13.0   45.855 -118.655    668.3    934.2
     1     1    17     8    14    13     0     0   -14.0   45.766 -118.617    670.6    935.4
     1     1    17     8    14    12     0     0   -15.0   45.660 -118.498    685.0    931.7
     1     1    17     8    14    11     0     0   -16.0   45.533 -118.464    668.1    937.5
     1     1    17     8    14    10     0     0   -17.0   45.418 -118.464    678.1    932.8
