     1     1
    SITE    10     3     1     0     0
     1 BACKWARD OMEGA   
    17     8     3    18   46.392 -119.412   700.0
     1 PRESSURE
     1     1    17     8     3    18     0     0     0.0   46.392 -119.412    700.0    931.4
     1     1    17     8     3    17     0     0    -1.0   46.353 -119.305    697.0    931.8
     1     1    17     8     3    16     0     0    -2.0   46.390 -119.171    705.6    930.9
     1     1    17     8     3    15     0     0    -3.0   46.433 -119.064    720.0    929.0
     1     1    17     8     3    14     0     0    -4.0   46.409 -119.004    705.0    930.2
     1     1    17     8     3    13     0     0    -5.0   46.400 -118.960    685.9    933.4
     1     1    17     8     3    12     0     0    -6.0   46.461 -118.884    674.8    933.9
     1     1    17     8     3    11     0     0    -7.0   46.492 -118.925    684.5    936.1
     1     1    17     8     3    10     0     0    -8.0   46.460 -119.010    684.4    933.0
     1     1    17     8     3     9     0     0    -9.0   46.401 -119.012    671.5    934.8
     1     1    17     8     3     8     0     0   -10.0   46.367 -118.983    669.0    936.2
     1     1    17     8     3     7     0     0   -11.0   46.342 -118.954    670.5    933.8
     1     1    17     8     3     6     0     0   -12.0   46.337 -118.958    669.6    935.9
     1     1    17     8     3     5     0     0   -13.0   46.332 -118.968    673.5    934.4
     1     1    17     8     3     4     0     0   -14.0   46.347 -118.930    669.7    934.3
     1     1    17     8     3     3     0     0   -15.0   46.407 -118.876    677.0    933.7
     1     1    17     8     3     2     0     0   -16.0   46.474 -118.844    664.1    933.8
     1     1    17     8     3     1     0     0   -17.0   46.503 -118.783    639.8    939.1
     1     1    17     8     3     0     0     0   -18.0   46.481 -118.749    622.4    941.9
     1     1    17     8     2    23     0     0   -19.0   46.458 -118.722    627.2    940.9
     1     1    17     8     2    22     0     0   -20.0   46.427 -118.682    631.9    938.2
     1     1    17     8     2    21     0     0   -21.0   46.427 -118.700    625.0    940.7
     1     1    17     8     2    20     0     0   -22.0   46.444 -118.677    616.1    939.9
     1     1    17     8     2    19     0     0   -23.0   46.473 -118.651    609.3    943.4
     1     1    17     8     2    18     0     0   -24.0   46.570 -118.653    624.0    940.2
     1     1    17     8     2    17     0     0   -25.0   46.706 -118.609    618.5    941.1
     1     1    17     8     2    16     0     0   -26.0   46.856 -118.532    656.0    935.9
     1     1    17     8     2    15     0     0   -27.0   46.990 -118.420    678.4    934.0
     1     1    17     8     2    14     0     0   -28.0   47.110 -118.314    691.4    932.2
     1     1    17     8     2    13     0     0   -29.0   47.238 -118.221    688.8    933.0
     1     1    17     8     2    12     0     0   -30.0   47.303 -118.067    663.5    935.4
