     1     1
    SITE    10     3     1     0     0
     1 BACKWARD OMEGA   
    17     8     5    18   46.392 -119.412   700.0
     1 PRESSURE
     1     1    17     8     5    18     0     0     0.0   46.392 -119.412    700.0    931.4
     1     1    17     8     5    17     0     0    -1.0   46.383 -119.341    705.9    930.8
     1     1    17     8     5    16     0     0    -2.0   46.425 -119.227    720.2    928.0
     1     1    17     8     5    15     0     0    -3.0   46.469 -119.104    699.4    931.1
     1     1    17     8     5    14     0     0    -4.0   46.514 -118.985    685.6    933.6
     1     1    17     8     5    13     0     0    -5.0   46.547 -118.868    673.2    934.5
     1     1    17     8     5    12     0     0    -6.0   46.602 -118.779    668.0    935.0
     1     1    17     8     5    11     0     0    -7.0   46.687 -118.701    693.4    933.0
     1     1    17     8     5    10     0     0    -8.0   46.778 -118.662    711.6    930.2
     1     1    17     8     5     9     0     0    -9.0   46.793 -118.669    722.1    928.6
     1     1    17     8     5     8     0     0   -10.0   46.745 -118.646    720.3    929.1
     1     1    17     8     5     7     0     0   -11.0   46.703 -118.622    715.1    929.1
     1     1    17     8     5     6     0     0   -12.0   46.661 -118.606    708.1    930.5
     1     1    17     8     5     5     0     0   -13.0   46.664 -118.562    706.8    931.0
     1     1    17     8     5     4     0     0   -14.0   46.698 -118.491    711.6    930.5
     1     1    17     8     5     3     0     0   -15.0   46.698 -118.439    722.3    929.1
     1     1    17     8     5     2     0     0   -16.0   46.660 -118.411    719.0    927.6
     1     1    17     8     5     1     0     0   -17.0   46.626 -118.377    709.5    931.3
     1     1    17     8     5     0     0     0   -18.0   46.639 -118.328    714.4    930.3
     1     1    17     8     4    23     0     0   -19.0   46.695 -118.280    710.6    929.0
     1     1    17     8     4    22     0     0   -20.0   46.724 -118.220    704.5    931.7
     1     1    17     8     4    21     0     0   -21.0   46.719 -118.220    712.4    930.3
     1     1    17     8     4    20     0     0   -22.0   46.738 -118.285    726.0    927.5
     1     1    17     8     4    19     0     0   -23.0   46.745 -118.275    713.6    928.8
     1     1    17     8     4    18     0     0   -24.0   46.768 -118.193    716.2    930.3
     1     1    17     8     4    17     0     0   -25.0   46.839 -118.082    722.7    928.8
     1     1    17     8     4    16     0     0   -26.0   46.905 -117.958    715.2    928.1
