     1     1
    SITE    10     3     1     0     0
     1 BACKWARD OMEGA   
    17     8    27    11   46.392 -119.412   700.0
     1 PRESSURE
     1     1    17     8    27    11     0     0     0.0   46.392 -119.412    700.0    931.4
     1     1    17     8    27    10     0     0    -1.0   46.357 -119.365    701.0    931.3
     1     1    17     8    27     9     0     0    -2.0   46.347 -119.309    703.8    931.5
     1     1    17     8    27     8     0     0    -3.0   46.345 -119.243    691.1    930.3
     1     1    17     8    27     7     0     0    -4.0   46.359 -119.180    669.9    936.1
     1     1    17     8    27     6     0     0    -5.0   46.376 -119.171    664.5    936.1
     1     1    17     8    27     5     0     0    -6.0   46.369 -119.178    662.7    935.9
     1     1    17     8    27     4     0     0    -7.0   46.381 -119.140    673.7    936.3
     1     1    17     8    27     3     0     0    -8.0   46.408 -119.072    687.1    931.1
     1     1    17     8    27     2     0     0    -9.0   46.420 -118.997    686.5    933.6
     1     1    17     8    27     1     0     0   -10.0   46.429 -118.934    688.0    932.7
     1     1    17     8    27     0     0     0   -11.0   46.421 -118.887    685.5    932.7
     1     1    17     8    26    23     0     0   -12.0   46.432 -118.839    683.7    934.0
     1     1    17     8    26    22     0     0   -13.0   46.467 -118.783    688.0    932.7
     1     1    17     8    26    21     0     0   -14.0   46.476 -118.775    689.1    932.5
     1     1    17     8    26    20     0     0   -15.0   46.462 -118.807    686.6    932.7
     1     1    17     8    26    19     0     0   -16.0   46.450 -118.780    684.6    933.6
     1     1    17     8    26    18     0     0   -17.0   46.478 -118.721    673.0    933.3
     1     1    17     8    26    17     0     0   -18.0   46.543 -118.670    660.3    936.5
     1     1    17     8    26    16     0     0   -19.0   46.615 -118.608    657.0    936.5
     1     1    17     8    26    15     0     0   -20.0   46.686 -118.547    644.2    938.1
     1     1    17     8    26    14     0     0   -21.0   46.716 -118.469    636.2    939.3
     1     1    17     8    26    13     0     0   -22.0   46.719 -118.370    636.2    939.1
     1     1    17     8    26    12     0     0   -23.0   46.736 -118.269    617.4    941.2
     1     1    17     8    26    11     0     0   -24.0   46.738 -118.174    608.0    942.4
     1     1    17     8    26    10     0     0   -25.0   46.747 -118.092    601.3    941.8
     1     1    17     8    26     9     0     0   -26.0   46.771 -118.028    600.1    944.2
     1     1    17     8    26     8     0     0   -27.0   46.787 -117.977    612.7    941.3
     1     1    17     8    26     7     0     0   -28.0   46.804 -117.918    623.6    940.5
