     1     1
    SITE    10     3     1     0     0
     1 BACKWARD OMEGA   
    17     8    16     6   46.392 -119.412   700.0
     1 PRESSURE
     1     1    17     8    16     6     0     0     0.0   46.392 -119.412    700.0    931.4
     1     1    17     8    16     5     0     0    -1.0   46.358 -119.387    696.1    931.9
     1     1    17     8    16     4     0     0    -2.0   46.285 -119.366    687.8    932.2
     1     1    17     8    16     3     0     0    -3.0   46.204 -119.342    676.8    934.6
     1     1    17     8    16     2     0     0    -4.0   46.121 -119.338    674.0    934.0
     1     1    17     8    16     1     0     0    -5.0   46.063 -119.329    668.0    935.6
     1     1    17     8    16     0     0     0    -6.0   46.029 -119.317    666.8    935.2
     1     1    17     8    15    23     0     0    -7.0   46.008 -119.286    662.9    936.1
     1     1    17     8    15    22     0     0    -8.0   46.018 -119.295    661.8    935.6
     1     1    17     8    15    21     0     0    -9.0   45.981 -119.331    638.4    936.5
     1     1    17     8    15    20     0     0   -10.0   45.877 -119.333    620.5    940.7
     1     1    17     8    15    19     0     0   -11.0   45.773 -119.313    600.2    943.2
     1     1    17     8    15    18     0     0   -12.0   45.683 -119.236    602.7    943.8
     1     1    17     8    15    17     0     0   -13.0   45.587 -119.119    598.0    942.1
     1     1    17     8    15    16     0     0   -14.0   45.488 -118.992    610.3    942.3
     1     1    17     8    15    15     0     0   -15.0   45.399 -118.910    614.2    940.6
