     1     1
    SITE    10     3     1     0     0
     1 BACKWARD OMEGA   
    17     8     4    11   46.392 -119.412   700.0
     1 PRESSURE
     1     1    17     8     4    11     0     0     0.0   46.392 -119.412    700.0    931.4
     1     1    17     8     4    10     0     0    -1.0   46.508 -119.441    711.3    930.1
     1     1    17     8     4     9     0     0    -2.0   46.619 -119.478    708.4    930.3
     1     1    17     8     4     8     0     0    -3.0   46.650 -119.524    694.8    932.3
     1     1    17     8     4     7     0     0    -4.0   46.638 -119.561    691.8    932.3
     1     1    17     8     4     6     0     0    -5.0   46.619 -119.569    685.7    932.9
     1     1    17     8     4     5     0     0    -6.0   46.606 -119.594    681.3    934.0
     1     1    17     8     4     4     0     0    -7.0   46.574 -119.622    684.5    933.8
     1     1    17     8     4     3     0     0    -8.0   46.512 -119.594    662.0    933.9
     1     1    17     8     4     2     0     0    -9.0   46.457 -119.575    639.9    940.3
     1     1    17     8     4     1     0     0   -10.0   46.399 -119.579    635.7    939.3
     1     1    17     8     4     0     0     0   -11.0   46.343 -119.570    622.5    939.7
     1     1    17     8     3    23     0     0   -12.0   46.286 -119.573    606.5    942.8
     1     1    17     8     3    22     0     0   -13.0   46.218 -119.584    588.9    943.9
     1     1    17     8     3    21     0     0   -14.0   46.145 -119.549    578.9    945.5
     1     1    17     8     3    20     0     0   -15.0   46.052 -119.530    585.6    944.7
     1     1    17     8     3    19     0     0   -16.0   45.949 -119.549    570.9    945.4
     1     1    17     8     3    18     0     0   -17.0   45.856 -119.521    556.6    947.4
     1     1    17     8     3    17     0     0   -18.0   45.815 -119.410    542.5    949.7
     1     1    17     8     3    16     0     0   -19.0   45.849 -119.283    562.4    947.3
     1     1    17     8     3    15     0     0   -20.0   45.894 -119.174    591.4    943.4
     1     1    17     8     3    14     0     0   -21.0   45.868 -119.113    601.0    942.5
     1     1    17     8     3    13     0     0   -22.0   45.859 -119.069    586.7    944.3
     1     1    17     8     3    12     0     0   -23.0   45.920 -118.995    589.8    944.8
     1     1    17     8     3    11     0     0   -24.0   45.953 -119.036    596.4    942.5
     1     1    17     8     3    10     0     0   -25.0   45.921 -119.121    610.7    941.3
     1     1    17     8     3     9     0     0   -26.0   45.859 -119.123    607.3    942.2
     1     1    17     8     3     8     0     0   -27.0   45.824 -119.094    605.8    942.3
     1     1    17     8     3     7     0     0   -28.0   45.799 -119.064    606.8    942.7
     1     1    17     8     3     6     0     0   -29.0   45.794 -119.067    610.2    941.4
     1     1    17     8     3     5     0     0   -30.0   45.788 -119.078    608.6    942.2
     1     1    17     8     3     4     0     0   -31.0   45.799 -119.041    613.7    942.2
     1     1    17     8     3     3     0     0   -32.0   45.855 -118.987    623.9    940.7
     1     1    17     8     3     2     0     0   -33.0   45.920 -118.956    628.6    939.5
     1     1    17     8     3     1     0     0   -34.0   45.948 -118.896    632.0    939.9
     1     1    17     8     3     0     0     0   -35.0   45.927 -118.863    642.2    937.7
     1     1    17     8     2    23     0     0   -36.0   45.905 -118.835    648.7    937.9
     1     1    17     8     2    22     0     0   -37.0   45.875 -118.795    659.0    936.4
     1     1    17     8     2    21     0     0   -38.0   45.875 -118.810    659.9    935.5
     1     1    17     8     2    20     0     0   -39.0   45.890 -118.787    658.4    936.0
     1     1    17     8     2    19     0     0   -40.0   45.917 -118.761    659.9    935.8
     1     1    17     8     2    18     0     0   -41.0   46.018 -118.765    657.1    936.3
     1     1    17     8     2    17     0     0   -42.0   46.155 -118.725    641.0    939.3
     1     1    17     8     2    16     0     0   -43.0   46.306 -118.639    656.8    936.3
     1     1    17     8     2    15     0     0   -44.0   46.440 -118.531    685.9    933.2
     1     1    17     8     2    14     0     0   -45.0   46.562 -118.428    683.5    934.0
     1     1    17     8     2    13     0     0   -46.0   46.687 -118.335    704.0    929.8
     1     1    17     8     2    12     0     0   -47.0   46.746 -118.180    673.8    931.8
     1     1    17     8     2    11     0     0   -48.0   46.831 -118.039    677.8    934.4
     1     1    17     8     2    10     0     0   -49.0   47.020 -117.990    665.7    934.8
     1     1    17     8     2     9     0     0   -50.0   47.009 -117.984    655.8    937.6
     1     1    17     8     2     8     0     0   -51.0   46.987 -118.004    720.8    928.8
     1     1    17     8     2     7     0     0   -52.0   47.098 -118.000    724.2    928.6
     1     1    17     8     2     6     0     0   -53.0   47.145 -117.970    717.7    929.3
     1     1    17     8     2     5     0     0   -54.0   47.137 -117.955    707.0    930.8
     1     1    17     8     2     4     0     0   -55.0   47.102 -117.903    702.2    929.9
