     1     1
    SITE    10     3     1     0     0
     1 BACKWARD OMEGA   
    17     8     4     0   46.392 -119.412   700.0
     1 PRESSURE
     1     1    17     8     4     0     0     0     0.0   46.392 -119.412    700.0    931.4
     1     1    17     8     3    23     0     0    -1.0   46.334 -119.417    686.5    933.0
     1     1    17     8     3    22     0     0    -2.0   46.264 -119.426    678.1    934.5
     1     1    17     8     3    21     0     0    -3.0   46.188 -119.393    680.9    933.2
     1     1    17     8     3    20     0     0    -4.0   46.095 -119.371    676.3    934.1
     1     1    17     8     3    19     0     0    -5.0   45.993 -119.390    678.8    933.6
     1     1    17     8     3    18     0     0    -6.0   45.899 -119.364    683.0    934.4
     1     1    17     8     3    17     0     0    -7.0   45.858 -119.259    708.9    930.7
     1     1    17     8     3    16     0     0    -8.0   45.893 -119.131    742.9    926.2
     1     1    17     8     3    15     0     0    -9.0   45.938 -119.023    752.9    924.8
     1     1    17     8     3    14     0     0   -10.0   45.914 -118.964    751.8    925.7
     1     1    17     8     3    13     0     0   -11.0   45.906 -118.925    784.9    922.4
     1     1    17     8     3    12     0     0   -12.0   45.969 -118.849    806.1    916.3
     1     1    17     8     3    11     0     0   -13.0   46.002 -118.887    793.3    920.2
     1     1    17     8     3    10     0     0   -14.0   45.970 -118.969    800.0    920.6
     1     1    17     8     3     9     0     0   -15.0   45.910 -118.971    800.2    920.2
     1     1    17     8     3     8     0     0   -16.0   45.874 -118.942    800.4    920.4
     1     1    17     8     3     7     0     0   -17.0   45.849 -118.912    805.8    919.5
     1     1    17     8     3     6     0     0   -18.0   45.844 -118.915    809.2    918.9
     1     1    17     8     3     5     0     0   -19.0   45.839 -118.926    814.9    918.8
     1     1    17     8     3     4     0     0   -20.0   45.851 -118.890    828.7    917.6
     1     1    17     8     3     3     0     0   -21.0   45.909 -118.839    850.7    916.6
     1     1    17     8     3     2     0     0   -22.0   45.975 -118.807    875.1    910.2
     1     1    17     8     3     1     0     0   -23.0   46.003 -118.745    885.0    911.4
     1     1    17     8     3     0     0     0   -24.0   45.981 -118.711    900.4    909.0
     1     1    17     8     2    23     0     0   -25.0   45.959 -118.684    909.3    908.4
     1     1    17     8     2    22     0     0   -26.0   45.928 -118.643    925.4    907.0
     1     1    17     8     2    21     0     0   -27.0   45.927 -118.658    931.3    904.9
     1     1    17     8     2    20     0     0   -28.0   45.943 -118.633    938.5    906.3
     1     1    17     8     2    19     0     0   -29.0   45.971 -118.606    958.4    902.3
     1     1    17     8     2    18     0     0   -30.0   46.070 -118.609    943.1    904.9
     1     1    17     8     2    17     0     0   -31.0   46.207 -118.564    947.4    904.3
     1     1    17     8     2    16     0     0   -32.0   46.354 -118.479    964.7    902.9
     1     1    17     8     2    15     0     0   -33.0   46.487 -118.370    996.2    899.1
     1     1    17     8     2    14     0     0   -34.0   46.609 -118.268   1019.0    896.1
     1     1    17     8     2    13     0     0   -35.0   46.737 -118.178   1012.4    895.8
     1     1    17     8     2    12     0     0   -36.0   46.798 -118.025    968.5    904.8
     1     1    17     8     2    11     0     0   -37.0   46.877 -117.886   1046.1    894.0
