     1     1
    SITE    10     3     1     0     0
     1 BACKWARD OMEGA   
    17     8     7     5   46.392 -119.412   700.0
     1 PRESSURE
     1     1    17     8     7     5     0     0     0.0   46.392 -119.412    700.0    931.4
     1     1    17     8     7     4     0     0    -1.0   46.372 -119.357    698.1    931.6
     1     1    17     8     7     3     0     0    -2.0   46.346 -119.312    687.2    934.0
     1     1    17     8     7     2     0     0    -3.0   46.330 -119.277    687.0    932.9
     1     1    17     8     7     1     0     0    -4.0   46.287 -119.242    685.0    933.0
     1     1    17     8     7     0     0     0    -5.0   46.241 -119.175    683.1    933.5
     1     1    17     8     6    23     0     0    -6.0   46.210 -119.095    700.4    933.5
     1     1    17     8     6    22     0     0    -7.0   46.223 -119.021    727.6    926.7
     1     1    17     8     6    21     0     0    -8.0   46.229 -119.023    737.1    925.9
     1     1    17     8     6    20     0     0    -9.0   46.193 -119.052    746.8    926.4
     1     1    17     8     6    19     0     0   -10.0   46.199 -119.022    753.4    924.7
     1     1    17     8     6    18     0     0   -11.0   46.218 -119.042    741.0    925.1
     1     1    17     8     6    17     0     0   -12.0   46.213 -119.132    735.3    928.2
     1     1    17     8     6    16     0     0   -13.0   46.237 -119.145    747.8    927.4
     1     1    17     8     6    15     0     0   -14.0   46.248 -119.070    757.3    924.0
     1     1    17     8     6    14     0     0   -15.0   46.260 -118.987    748.3    925.9
     1     1    17     8     6    13     0     0   -16.0   46.265 -118.912    751.2    927.1
     1     1    17     8     6    12     0     0   -17.0   46.227 -118.839    751.5    925.2
     1     1    17     8     6    11     0     0   -18.0   46.183 -118.781    746.3    925.8
     1     1    17     8     6    10     0     0   -19.0   46.168 -118.722    751.8    926.4
     1     1    17     8     6     9     0     0   -20.0   46.183 -118.648    757.7    924.6
     1     1    17     8     6     8     0     0   -21.0   46.178 -118.574    756.5    924.5
     1     1    17     8     6     7     0     0   -22.0   46.202 -118.487    759.3    925.3
     1     1    17     8     6     6     0     0   -23.0   46.227 -118.402    778.7    922.4
     1     1    17     8     6     5     0     0   -24.0   46.206 -118.355    787.0    920.6
     1     1    17     8     6     4     0     0   -25.0   46.182 -118.355    785.7    921.7
     1     1    17     8     6     3     0     0   -26.0   46.150 -118.360    789.1    921.6
     1     1    17     8     6     2     0     0   -27.0   46.125 -118.333    794.7    920.2
     1     1    17     8     6     1     0     0   -28.0   46.086 -118.305    804.5    920.5
     1     1    17     8     6     0     0     0   -29.0   46.036 -118.310    821.3    917.3
     1     1    17     8     5    23     0     0   -30.0   46.051 -118.288    810.0    917.1
     1     1    17     8     5    22     0     0   -31.0   46.083 -118.233    801.3    921.3
     1     1    17     8     5    21     0     0   -32.0   46.065 -118.204    808.7    919.5
     1     1    17     8     5    20     0     0   -33.0   46.009 -118.217    815.0    917.2
     1     1    17     8     5    19     0     0   -34.0   45.936 -118.262    822.1    917.6
     1     1    17     8     5    18     0     0   -35.0   45.869 -118.264    810.3    918.5
     1     1    17     8     5    17     0     0   -36.0   45.859 -118.193    812.9    919.6
     1     1    17     8     5    16     0     0   -37.0   45.899 -118.078    835.4    915.6
     1     1    17     8     5    15     0     0   -38.0   45.944 -117.955    838.5    915.1
