     1     1
    SITE    10     3     1     0     0
     1 BACKWARD OMEGA   
    17     8    18     8   46.392 -119.412   700.0
     1 PRESSURE
     1     1    17     8    18     8     0     0     0.0   46.392 -119.412    700.0    931.4
     1     1    17     8    18     7     0     0    -1.0   46.299 -119.412    690.2    932.6
     1     1    17     8    18     6     0     0    -2.0   46.250 -119.423    689.7    932.6
     1     1    17     8    18     5     0     0    -3.0   46.225 -119.456    686.9    933.0
     1     1    17     8    18     4     0     0    -4.0   46.181 -119.453    683.3    933.1
     1     1    17     8    18     3     0     0    -5.0   46.129 -119.441    686.5    934.3
     1     1    17     8    18     2     0     0    -6.0   46.076 -119.431    699.7    931.3
     1     1    17     8    18     1     0     0    -7.0   46.034 -119.431    709.4    929.9
     1     1    17     8    18     0     0     0    -8.0   46.013 -119.465    709.0    929.9
     1     1    17     8    17    23     0     0    -9.0   45.986 -119.522    695.9    930.7
     1     1    17     8    17    22     0     0   -10.0   45.980 -119.609    684.8    933.8
     1     1    17     8    17    21     0     0   -11.0   45.942 -119.678    682.0    933.3
     1     1    17     8    17    20     0     0   -12.0   45.834 -119.692    686.8    933.3
     1     1    17     8    17    19     0     0   -13.0   45.722 -119.658    705.4    930.4
     1     1    17     8    17    18     0     0   -14.0   45.625 -119.561    705.5    931.3
     1     1    17     8    17    17     0     0   -15.0   45.554 -119.416    703.5    930.7
     1     1    17     8    17    16     0     0   -16.0   45.559 -119.243    706.4    930.3
     1     1    17     8    17    15     0     0   -17.0   45.590 -119.091    701.3    931.6
     1     1    17     8    17    14     0     0   -18.0   45.582 -119.084    700.7    931.2
     1     1    17     8    17    13     0     0   -19.0   45.543 -119.170    690.9    932.3
     1     1    17     8    17    12     0     0   -20.0   45.470 -119.177    676.4    934.3
