     1     1
    SITE    10     3     1     0     0
     1 BACKWARD OMEGA   
    17     8     6     6   46.392 -119.412   700.0
     1 PRESSURE
     1     1    17     8     6     6     0     0     0.0   46.392 -119.412    700.0    931.4
     1     1    17     8     6     5     0     0    -1.0   46.370 -119.364    700.2    931.4
     1     1    17     8     6     4     0     0    -2.0   46.347 -119.365    699.3    930.9
     1     1    17     8     6     3     0     0    -3.0   46.315 -119.368    698.0    932.2
     1     1    17     8     6     2     0     0    -4.0   46.290 -119.340    702.3    931.2
     1     1    17     8     6     1     0     0    -5.0   46.251 -119.313    703.0    930.9
     1     1    17     8     6     0     0     0    -6.0   46.199 -119.318    705.1    930.7
     1     1    17     8     5    23     0     0    -7.0   46.212 -119.294    705.1    931.0
     1     1    17     8     5    22     0     0    -8.0   46.243 -119.237    707.7    930.3
     1     1    17     8     5    21     0     0    -9.0   46.226 -119.208    711.4    930.3
     1     1    17     8     5    20     0     0   -10.0   46.172 -119.222    719.6    930.0
     1     1    17     8     5    19     0     0   -11.0   46.099 -119.265    724.7    928.0
     1     1    17     8     5    18     0     0   -12.0   46.031 -119.266    725.0    928.9
     1     1    17     8     5    17     0     0   -13.0   46.021 -119.195    747.3    926.1
     1     1    17     8     5    16     0     0   -14.0   46.062 -119.083    775.9    924.1
     1     1    17     8     5    15     0     0   -15.0   46.106 -118.960    805.1    919.0
     1     1    17     8     5    14     0     0   -16.0   46.153 -118.839    802.1    919.6
     1     1    17     8     5    13     0     0   -17.0   46.191 -118.722    798.8    920.3
     1     1    17     8     5    12     0     0   -18.0   46.250 -118.633    798.6    920.4
     1     1    17     8     5    11     0     0   -19.0   46.338 -118.554    812.7    918.5
     1     1    17     8     5    10     0     0   -20.0   46.429 -118.515    811.7    918.6
     1     1    17     8     5     9     0     0   -21.0   46.444 -118.522    801.0    920.1
     1     1    17     8     5     8     0     0   -22.0   46.396 -118.501    796.2    921.2
     1     1    17     8     5     7     0     0   -23.0   46.354 -118.479    793.8    920.0
     1     1    17     8     5     6     0     0   -24.0   46.312 -118.465    790.3    921.8
     1     1    17     8     5     5     0     0   -25.0   46.315 -118.422    770.7    921.3
     1     1    17     8     5     4     0     0   -26.0   46.349 -118.351    757.4    926.3
     1     1    17     8     5     3     0     0   -27.0   46.349 -118.298    755.1    924.9
     1     1    17     8     5     2     0     0   -28.0   46.310 -118.272    750.7    925.0
     1     1    17     8     5     1     0     0   -29.0   46.277 -118.237    748.5    926.6
     1     1    17     8     5     0     0     0   -30.0   46.290 -118.189    747.9    925.4
     1     1    17     8     4    23     0     0   -31.0   46.346 -118.143    754.9    925.6
     1     1    17     8     4    22     0     0   -32.0   46.375 -118.081    764.4    923.9
     1     1    17     8     4    21     0     0   -33.0   46.370 -118.080    761.8    924.0
     1     1    17     8     4    20     0     0   -34.0   46.387 -118.145    752.5    925.9
     1     1    17     8     4    19     0     0   -35.0   46.395 -118.134    753.8    926.1
     1     1    17     8     4    18     0     0   -36.0   46.417 -118.054    766.2    925.8
     1     1    17     8     4    17     0     0   -37.0   46.486 -117.945    783.4    922.2
