     1     1
    SITE    10     3     1     0     0
     1 BACKWARD OMEGA   
    17     8    29    16   46.392 -119.412   700.0
     1 PRESSURE
     1     1    17     8    29    16     0     0     0.0   46.392 -119.412    700.0    931.4
     1     1    17     8    29    15     0     0    -1.0   46.367 -119.319    703.2    931.0
     1     1    17     8    29    14     0     0    -2.0   46.349 -119.230    697.1    930.5
     1     1    17     8    29    13     0     0    -3.0   46.327 -119.141    694.7    933.6
     1     1    17     8    29    12     0     0    -4.0   46.318 -119.041    694.8    930.7
     1     1    17     8    29    11     0     0    -5.0   46.320 -118.950    702.5    931.4
     1     1    17     8    29    10     0     0    -6.0   46.295 -118.907    705.4    930.5
     1     1    17     8    29     9     0     0    -7.0   46.246 -118.909    699.9    931.7
     1     1    17     8    29     8     0     0    -8.0   46.200 -118.926    700.6    932.0
     1     1    17     8    29     7     0     0    -9.0   46.175 -118.922    703.4    930.6
     1     1    17     8    29     6     0     0   -10.0   46.170 -118.900    702.5    931.2
     1     1    17     8    29     5     0     0   -11.0   46.154 -118.885    707.6    931.2
     1     1    17     8    29     4     0     0   -12.0   46.147 -118.824    699.2    929.1
     1     1    17     8    29     3     0     0   -13.0   46.172 -118.711    678.8    934.3
     1     1    17     8    29     2     0     0   -14.0   46.218 -118.600    696.8    932.5
     1     1    17     8    29     1     0     0   -15.0   46.263 -118.520    721.2    928.7
     1     1    17     8    29     0     0     0   -16.0   46.262 -118.497    731.8    927.1
     1     1    17     8    28    23     0     0   -17.0   46.225 -118.507    736.3    927.5
     1     1    17     8    28    22     0     0   -18.0   46.196 -118.492    740.0    926.4
     1     1    17     8    28    21     0     0   -19.0   46.171 -118.457    737.7    927.3
     1     1    17     8    28    20     0     0   -20.0   46.144 -118.484    755.4    927.0
     1     1    17     8    28    19     0     0   -21.0   46.107 -118.524    767.8    921.3
     1     1    17     8    28    18     0     0   -22.0   46.122 -118.574    790.4    923.4
     1     1    17     8    28    17     0     0   -23.0   46.205 -118.663    791.0    921.9
     1     1    17     8    28    16     0     0   -24.0   46.292 -118.711    789.5    921.2
     1     1    17     8    28    15     0     0   -25.0   46.380 -118.728    793.6    919.5
     1     1    17     8    28    14     0     0   -26.0   46.382 -118.734    781.1    923.1
     1     1    17     8    28    13     0     0   -27.0   46.290 -118.749    793.3    919.9
     1     1    17     8    28    12     0     0   -28.0   46.282 -118.714    772.3    923.0
     1     1    17     8    28    11     0     0   -29.0   46.366 -118.666    762.6    925.2
     1     1    17     8    28    10     0     0   -30.0   46.366 -118.669    784.4    921.6
     1     1    17     8    28     9     0     0   -31.0   46.373 -118.689    791.7    921.1
     1     1    17     8    28     8     0     0   -32.0   46.381 -118.722    795.6    921.3
     1     1    17     8    28     7     0     0   -33.0   46.322 -118.700    798.0    920.1
     1     1    17     8    28     6     0     0   -34.0   46.278 -118.704    773.9    921.2
     1     1    17     8    28     5     0     0   -35.0   46.234 -118.678    752.1    925.8
     1     1    17     8    28     4     0     0   -36.0   46.192 -118.608    738.6    927.8
     1     1    17     8    28     3     0     0   -37.0   46.144 -118.648    746.8    925.7
     1     1    17     8    28     2     0     0   -38.0   46.137 -118.676    751.2    926.2
     1     1    17     8    28     1     0     0   -39.0   46.144 -118.630    762.7    924.0
     1     1    17     8    28     0     0     0   -40.0   46.122 -118.570    762.4    923.1
     1     1    17     8    27    23     0     0   -41.0   46.091 -118.511    755.8    925.5
     1     1    17     8    27    22     0     0   -42.0   46.071 -118.444    771.3    925.2
     1     1    17     8    27    21     0     0   -43.0   46.058 -118.386    785.9    920.2
     1     1    17     8    27    20     0     0   -44.0   46.031 -118.359    783.9    921.5
     1     1    17     8    27    19     0     0   -45.0   46.004 -118.361    777.8    922.3
     1     1    17     8    27    18     0     0   -46.0   45.992 -118.353    771.9    923.3
     1     1    17     8    27    17     0     0   -47.0   45.986 -118.332    770.0    923.7
     1     1    17     8    27    16     0     0   -48.0   45.971 -118.295    767.7    923.4
     1     1    17     8    27    15     0     0   -49.0   45.944 -118.229    767.1    924.2
     1     1    17     8    27    14     0     0   -50.0   45.905 -118.151    755.6    923.4
     1     1    17     8    27    13     0     0   -51.0   45.865 -118.074    739.4    928.1
     1     1    17     8    27    12     0     0   -52.0   45.868 -118.009    745.4    927.7
     1     1    17     8    27    11     0     0   -53.0   45.862 -117.960    754.8    923.4
     1     1    17     8    27    10     0     0   -54.0   45.828 -117.911    754.5    925.3
