     1     1
    SITE    10     3     1     0     0
     1 BACKWARD OMEGA   
    17     8     4    13   46.392 -119.412   700.0
     1 PRESSURE
     1     1    17     8     4    13     0     0     0.0   46.392 -119.412    700.0    931.4
     1     1    17     8     4    12     0     0    -1.0   46.351 -119.491    697.1    931.8
     1     1    17     8     4    11     0     0    -2.0   46.377 -119.552    713.1    930.2
     1     1    17     8     4    10     0     0    -3.0   46.493 -119.581    733.7    928.0
     1     1    17     8     4     9     0     0    -4.0   46.604 -119.617    740.9    926.5
     1     1    17     8     4     8     0     0    -5.0   46.636 -119.662    739.1    926.7
     1     1    17     8     4     7     0     0    -6.0   46.625 -119.700    737.4    927.0
     1     1    17     8     4     6     0     0    -7.0   46.606 -119.707    731.2    927.3
     1     1    17     8     4     5     0     0    -8.0   46.593 -119.734    724.5    929.1
     1     1    17     8     4     4     0     0    -9.0   46.560 -119.764    721.3    928.0
     1     1    17     8     4     3     0     0   -10.0   46.497 -119.738    702.3    930.6
     1     1    17     8     4     2     0     0   -11.0   46.441 -119.718    691.9    934.2
     1     1    17     8     4     1     0     0   -12.0   46.384 -119.724    695.0    931.3
     1     1    17     8     4     0     0     0   -13.0   46.330 -119.716    694.6    932.4
     1     1    17     8     3    23     0     0   -14.0   46.273 -119.722    698.5    932.0
     1     1    17     8     3    22     0     0   -15.0   46.203 -119.733    694.0    931.8
     1     1    17     8     3    21     0     0   -16.0   46.127 -119.697    696.9    932.4
     1     1    17     8     3    20     0     0   -17.0   46.033 -119.677    695.0    931.9
     1     1    17     8     3    19     0     0   -18.0   45.932 -119.697    694.2    931.7
     1     1    17     8     3    18     0     0   -19.0   45.839 -119.672    676.4    934.3
     1     1    17     8     3    17     0     0   -20.0   45.798 -119.565    648.8    937.6
     1     1    17     8     3    16     0     0   -21.0   45.830 -119.434    624.7    941.1
     1     1    17     8     3    15     0     0   -22.0   45.872 -119.328    621.5    940.4
     1     1    17     8     3    14     0     0   -23.0   45.845 -119.269    630.5    940.1
     1     1    17     8     3    13     0     0   -24.0   45.835 -119.228    637.4    938.7
     1     1    17     8     3    12     0     0   -25.0   45.895 -119.151    636.8    941.0
     1     1    17     8     3    11     0     0   -26.0   45.929 -119.192    662.3    937.0
     1     1    17     8     3    10     0     0   -27.0   45.894 -119.276    658.7    936.6
     1     1    17     8     3     9     0     0   -28.0   45.835 -119.278    649.6    937.4
     1     1    17     8     3     8     0     0   -29.0   45.799 -119.250    638.4    938.9
     1     1    17     8     3     7     0     0   -30.0   45.774 -119.221    633.4    940.4
     1     1    17     8     3     6     0     0   -31.0   45.770 -119.224    634.5    939.0
     1     1    17     8     3     5     0     0   -32.0   45.765 -119.233    632.8    939.8
     1     1    17     8     3     4     0     0   -33.0   45.776 -119.196    632.5    939.1
     1     1    17     8     3     3     0     0   -34.0   45.835 -119.144    634.6    939.1
     1     1    17     8     3     2     0     0   -35.0   45.901 -119.114    651.5    939.1
     1     1    17     8     3     1     0     0   -36.0   45.929 -119.051    657.3    933.1
     1     1    17     8     3     0     0     0   -37.0   45.908 -119.016    652.1    937.8
     1     1    17     8     2    23     0     0   -38.0   45.887 -118.986    655.3    937.6
     1     1    17     8     2    22     0     0   -39.0   45.857 -118.943    654.3    935.7
     1     1    17     8     2    21     0     0   -40.0   45.857 -118.959    646.8    938.7
     1     1    17     8     2    20     0     0   -41.0   45.873 -118.934    659.3    937.2
     1     1    17     8     2    19     0     0   -42.0   45.903 -118.906    656.8    931.3
     1     1    17     8     2    18     0     0   -43.0   46.003 -118.910    647.7    938.0
     1     1    17     8     2    17     0     0   -44.0   46.141 -118.864    675.8    933.6
     1     1    17     8     2    16     0     0   -45.0   46.287 -118.776    677.0    934.2
     1     1    17     8     2    15     0     0   -46.0   46.421 -118.666    695.7    933.2
     1     1    17     8     2    14     0     0   -47.0   46.545 -118.565    730.7    927.6
     1     1    17     8     2    13     0     0   -48.0   46.675 -118.472    727.0    928.5
     1     1    17     8     2    12     0     0   -49.0   46.736 -118.317    723.9    928.3
     1     1    17     8     2    11     0     0   -50.0   46.816 -118.174    723.5    930.5
     1     1    17     8     2    10     0     0   -51.0   47.001 -118.124    719.8    929.2
     1     1    17     8     2     9     0     0   -52.0   46.993 -118.120    749.4    925.8
     1     1    17     8     2     8     0     0   -53.0   46.976 -118.139    784.7    922.6
     1     1    17     8     2     7     0     0   -54.0   47.089 -118.135    824.6    917.0
     1     1    17     8     2     6     0     0   -55.0   47.135 -118.106    819.4    917.9
     1     1    17     8     2     5     0     0   -56.0   47.126 -118.091    821.8    919.0
     1     1    17     8     2     4     0     0   -57.0   47.092 -118.039    809.3    918.9
     1     1    17     8     2     3     0     0   -58.0   47.137 -118.021    782.4    921.8
     1     1    17     8     2     2     0     0   -59.0   47.182 -118.116    763.5    924.6
     1     1    17     8     2     1     0     0   -60.0   47.160 -118.221    760.7    924.3
     1     1    17     8     2     0     0     0   -61.0   47.144 -118.296    753.3    925.6
     1     1    17     8     1    23     0     0   -62.0   47.145 -118.364    747.0    925.2
     1     1    17     8     1    22     0     0   -63.0   47.178 -118.371    740.8    927.9
     1     1    17     8     1    21     0     0   -64.0   47.242 -118.384    742.3    927.0
     1     1    17     8     1    20     0     0   -65.0   47.291 -118.439    752.8    924.1
     1     1    17     8     1    19     0     0   -66.0   47.300 -118.407    742.2    924.9
     1     1    17     8     1    18     0     0   -67.0   47.319 -118.303    743.8    928.2
