     1     1
    SITE    10     3     1     0     0
     1 BACKWARD OMEGA   
    17     8     1    14   46.392 -119.412   700.0
     1 PRESSURE
     1     1    17     8     1    14     0     0     0.0   46.392 -119.412    700.0    931.4
     1     1    17     8     1    13     0     0    -1.0   46.432 -119.309    693.1    932.2
     1     1    17     8     1    12     0     0    -2.0   46.420 -119.296    700.8    931.6
     1     1    17     8     1    11     0     0    -3.0   46.372 -119.357    700.8    931.1
     1     1    17     8     1    10     0     0    -4.0   46.289 -119.359    687.7    933.0
     1     1    17     8     1     9     0     0    -5.0   46.224 -119.345    674.3    934.4
     1     1    17     8     1     8     0     0    -6.0   46.180 -119.337    673.4    934.8
     1     1    17     8     1     7     0     0    -7.0   46.145 -119.325    675.5    933.3
     1     1    17     8     1     6     0     0    -8.0   46.129 -119.328    673.7    935.3
     1     1    17     8     1     5     0     0    -9.0   46.118 -119.333    670.4    934.4
     1     1    17     8     1     4     0     0   -10.0   46.120 -119.303    668.6    935.9
     1     1    17     8     1     3     0     0   -11.0   46.122 -119.276    672.5    934.5
     1     1    17     8     1     2     0     0   -12.0   46.108 -119.249    668.8    934.5
     1     1    17     8     1     1     0     0   -13.0   46.080 -119.211    666.5    936.6
     1     1    17     8     1     0     0     0   -14.0   46.068 -119.160    672.0    934.2
     1     1    17     7    31    23     0     0   -15.0   46.077 -119.150    668.6    935.2
     1     1    17     7    31    22     0     0   -16.0   46.050 -119.166    651.5    936.0
     1     1    17     7    31    21     0     0   -17.0   46.038 -119.162    637.6    939.9
     1     1    17     7    31    20     0     0   -18.0   46.043 -119.186    632.8    939.4
     1     1    17     7    31    19     0     0   -19.0   45.982 -119.211    641.3    939.9
     1     1    17     7    31    18     0     0   -20.0   45.896 -119.171    648.6    937.6
     1     1    17     7    31    17     0     0   -21.0   45.870 -119.077    639.5    938.5
     1     1    17     7    31    16     0     0   -22.0   45.896 -118.978    625.8    941.5
     1     1    17     7    31    15     0     0   -23.0   45.903 -118.860    627.2    940.3
     1     1    17     7    31    14     0     0   -24.0   45.873 -118.757    621.9    940.4
     1     1    17     7    31    13     0     0   -25.0   45.864 -118.671    623.2    940.8
     1     1    17     7    31    12     0     0   -26.0   45.855 -118.568    617.5    940.6
     1     1    17     7    31    11     0     0   -27.0   45.849 -118.465    611.2    942.1
     1     1    17     7    31    10     0     0   -28.0   45.867 -118.361    613.6    941.3
     1     1    17     7    31     9     0     0   -29.0   45.852 -118.273    611.8    941.7
     1     1    17     7    31     8     0     0   -30.0   45.848 -118.264    618.7    941.2
     1     1    17     7    31     7     0     0   -31.0   45.848 -118.269    622.9    939.5
     1     1    17     7    31     6     0     0   -32.0   45.839 -118.233    616.7    941.3
     1     1    17     7    31     5     0     0   -33.0   45.837 -118.190    614.1    941.5
     1     1    17     7    31     4     0     0   -34.0   45.811 -118.161    612.0    941.6
     1     1    17     7    31     3     0     0   -35.0   45.766 -118.153    619.9    941.6
     1     1    17     7    31     2     0     0   -36.0   45.735 -118.172    623.3    939.3
     1     1    17     7    31     1     0     0   -37.0   45.754 -118.213    625.6    941.4
     1     1    17     7    31     0     0     0   -38.0   45.776 -118.157    650.2    939.0
     1     1    17     7    30    23     0     0   -39.0   45.763 -118.162    656.0    936.4
     1     1    17     7    30    22     0     0   -40.0   45.810 -118.304    681.8    933.1
     1     1    17     7    30    21     0     0   -41.0   45.913 -118.457    693.7    933.1
     1     1    17     7    30    20     0     0   -42.0   45.955 -118.641    694.9    932.0
     1     1    17     7    30    19     0     0   -43.0   45.908 -118.690    692.8    931.6
     1     1    17     7    30    18     0     0   -44.0   45.809 -118.550    667.8    935.3
     1     1    17     7    30    17     0     0   -45.0   45.691 -118.318    651.0    935.8
     1     1    17     7    30    16     0     0   -46.0   45.556 -118.163    628.3    940.1
     1     1    17     7    30    15     0     0   -47.0   45.433 -118.077    641.3    938.3
