     1     1
    SITE    10     3     1     0     0
     1 BACKWARD OMEGA   
    17     8    19    23   46.392 -119.412   700.0
     1 PRESSURE
     1     1    17     8    19    23     0     0     0.0   46.392 -119.412    700.0    931.4
     1     1    17     8    19    22     0     0    -1.0   46.380 -119.398    706.3    930.7
     1     1    17     8    19    21     0     0    -2.0   46.478 -119.426    704.0    931.1
     1     1    17     8    19    20     0     0    -3.0   46.523 -119.522    698.2    931.6
     1     1    17     8    19    19     0     0    -4.0   46.469 -119.557    707.2    930.7
     1     1    17     8    19    18     0     0    -5.0   46.365 -119.481    700.1    932.7
     1     1    17     8    19    17     0     0    -6.0   46.257 -119.375    696.1    929.2
     1     1    17     8    19    16     0     0    -7.0   46.148 -119.252    664.3    935.5
     1     1    17     8    19    15     0     0    -8.0   46.035 -119.139    666.4    936.2
     1     1    17     8    19    14     0     0    -9.0   45.942 -119.004    663.5    934.1
     1     1    17     8    19    13     0     0   -10.0   45.907 -118.983    620.1    941.0
     1     1    17     8    19    12     0     0   -11.0   45.907 -119.110    605.0    942.6
     1     1    17     8    19    11     0     0   -12.0   45.870 -119.176    608.2    942.3
     1     1    17     8    19    10     0     0   -13.0   45.818 -119.235    625.5    940.7
     1     1    17     8    19     9     0     0   -14.0   45.842 -119.318    637.3    939.3
     1     1    17     8    19     8     0     0   -15.0   45.927 -119.412    665.7    934.7
     1     1    17     8    19     7     0     0   -16.0   45.933 -119.515    681.3    933.3
     1     1    17     8    19     6     0     0   -17.0   45.881 -119.582    684.6    933.0
     1     1    17     8    19     5     0     0   -18.0   45.834 -119.621    680.7    933.3
     1     1    17     8    19     4     0     0   -19.0   45.755 -119.649    683.4    935.1
     1     1    17     8    19     3     0     0   -20.0   45.678 -119.706    688.6    932.3
     1     1    17     8    19     2     0     0   -21.0   45.687 -119.829    693.1    932.7
     1     1    17     8    19     1     0     0   -22.0   45.771 -119.956    691.8    932.7
     1     1    17     8    19     0     0     0   -23.0   45.854 -120.071    682.8    932.0
     1     1    17     8    18    23     0     0   -24.0   45.977 -120.273    653.4    935.8
     1     1    17     8    18    22     0     0   -25.0   46.150 -120.536    660.3    936.0
