     1     1
    SITE    10     3     1     0     0
     1 BACKWARD OMEGA   
    17     8    25     5   46.392 -119.412   700.0
     1 PRESSURE
     1     1    17     8    25     5     0     0     0.0   46.392 -119.412    700.0    931.4
     1     1    17     8    25     4     0     0    -1.0   46.344 -119.420    698.7    931.6
     1     1    17     8    25     3     0     0    -2.0   46.303 -119.442    683.4    931.8
     1     1    17     8    25     2     0     0    -3.0   46.262 -119.477    665.6    936.6
     1     1    17     8    25     1     0     0    -4.0   46.241 -119.527    660.2    936.7
     1     1    17     8    25     0     0     0    -5.0   46.212 -119.568    664.9    936.2
     1     1    17     8    24    23     0     0    -6.0   46.178 -119.615    665.3    935.8
     1     1    17     8    24    22     0     0    -7.0   46.210 -119.744    673.6    935.5
     1     1    17     8    24    21     0     0    -8.0   46.317 -119.949    676.0    934.7
     1     1    17     8    24    20     0     0    -9.0   46.467 -120.180    711.5    930.4
     1     1    17     8    24    19     0     0   -10.0   46.642 -120.424    742.6    926.8
     1     1    17     8    24    18     0     0   -11.0   46.859 -120.699    825.3    917.6
