     1     1
    SITE    10     3     1     0     0
     1 BACKWARD OMEGA   
    17     8    27    22   46.392 -119.412   700.0
     1 PRESSURE
     1     1    17     8    27    22     0     0     0.0   46.392 -119.412    700.0    931.4
     1     1    17     8    27    21     0     0    -1.0   46.379 -119.352    699.3    931.5
     1     1    17     8    27    20     0     0    -2.0   46.353 -119.326    701.1    930.9
     1     1    17     8    27    19     0     0    -3.0   46.327 -119.328    702.9    931.2
     1     1    17     8    27    18     0     0    -4.0   46.315 -119.319    706.9    930.6
     1     1    17     8    27    17     0     0    -5.0   46.309 -119.296    710.5    930.1
     1     1    17     8    27    16     0     0    -6.0   46.295 -119.259    711.2    929.9
     1     1    17     8    27    15     0     0    -7.0   46.268 -119.192    707.4    929.8
     1     1    17     8    27    14     0     0    -8.0   46.231 -119.112    709.6    931.8
     1     1    17     8    27    13     0     0    -9.0   46.191 -119.034    711.1    928.9
     1     1    17     8    27    12     0     0   -10.0   46.193 -118.967    711.8    931.1
     1     1    17     8    27    11     0     0   -11.0   46.187 -118.917    725.3    928.4
     1     1    17     8    27    10     0     0   -12.0   46.153 -118.870    730.8    927.2
     1     1    17     8    27     9     0     0   -13.0   46.145 -118.815    734.5    927.6
     1     1    17     8    27     8     0     0   -14.0   46.142 -118.752    745.6    926.7
     1     1    17     8    27     7     0     0   -15.0   46.155 -118.691    756.4    924.3
     1     1    17     8    27     6     0     0   -16.0   46.172 -118.681    757.5    924.7
     1     1    17     8    27     5     0     0   -17.0   46.165 -118.688    755.4    924.9
     1     1    17     8    27     4     0     0   -18.0   46.178 -118.650    751.7    925.5
     1     1    17     8    27     3     0     0   -19.0   46.203 -118.580    763.7    925.0
     1     1    17     8    27     2     0     0   -20.0   46.216 -118.502    771.0    922.3
     1     1    17     8    27     1     0     0   -21.0   46.226 -118.437    769.8    923.4
     1     1    17     8    27     0     0     0   -22.0   46.219 -118.387    767.4    923.9
     1     1    17     8    26    23     0     0   -23.0   46.229 -118.339    766.4    923.9
     1     1    17     8    26    22     0     0   -24.0   46.265 -118.284    764.4    923.6
     1     1    17     8    26    21     0     0   -25.0   46.276 -118.274    759.5    924.8
     1     1    17     8    26    20     0     0   -26.0   46.261 -118.306    754.8    924.7
     1     1    17     8    26    19     0     0   -27.0   46.250 -118.279    749.0    926.0
     1     1    17     8    26    18     0     0   -28.0   46.278 -118.218    747.0    926.3
     1     1    17     8    26    17     0     0   -29.0   46.344 -118.166    729.2    926.7
     1     1    17     8    26    16     0     0   -30.0   46.416 -118.103    718.9    929.5
     1     1    17     8    26    15     0     0   -31.0   46.489 -118.040    729.5    928.8
     1     1    17     8    26    14     0     0   -32.0   46.520 -117.960    744.5    926.0
     1     1    17     8    26    13     0     0   -33.0   46.526 -117.861    748.3    926.4
