     1     1
    SITE    10     3     1     0     0
     1 BACKWARD OMEGA   
    17     8    19    14   46.392 -119.412   700.0
     1 PRESSURE
     1     1    17     8    19    14     0     0     0.0   46.392 -119.412    700.0    931.4
     1     1    17     8    19    13     0     0    -1.0   46.360 -119.381    703.6    931.0
     1     1    17     8    19    12     0     0    -2.0   46.359 -119.503    687.7    933.1
     1     1    17     8    19    11     0     0    -3.0   46.325 -119.569    687.0    932.9
     1     1    17     8    19    10     0     0    -4.0   46.274 -119.631    689.2    932.4
     1     1    17     8    19     9     0     0    -5.0   46.297 -119.718    685.0    933.1
     1     1    17     8    19     8     0     0    -6.0   46.380 -119.807    714.2    930.5
     1     1    17     8    19     7     0     0    -7.0   46.387 -119.913    747.8    925.0
     1     1    17     8    19     6     0     0    -8.0   46.336 -119.981    745.7    926.2
     1     1    17     8    19     5     0     0    -9.0   46.288 -120.022    720.7    926.4
     1     1    17     8    19     4     0     0   -10.0   46.207 -120.049    721.5    929.7
     1     1    17     8    19     3     0     0   -11.0   46.130 -120.106    733.9    927.2
     1     1    17     8    19     2     0     0   -12.0   46.139 -120.231    748.8    926.2
     1     1    17     8    19     1     0     0   -13.0   46.220 -120.359    770.7    923.8
     1     1    17     8    19     0     0     0   -14.0   46.300 -120.475    780.7    922.1
     1     1    17     8    18    23     0     0   -15.0   46.428 -120.678    730.5    928.0
