     1     1
    SITE    10     3     1     0     0
     1 BACKWARD OMEGA   
    17     8    21     0   46.392 -119.412   700.0
     1 PRESSURE
     1     1    17     8    21     0     0     0     0.0   46.392 -119.412    700.0    931.4
     1     1    17     8    20    23     0     0    -1.0   46.343 -119.417    708.9    930.4
     1     1    17     8    20    22     0     0    -2.0   46.350 -119.447    721.3    929.2
     1     1    17     8    20    21     0     0    -3.0   46.391 -119.464    719.9    928.1
     1     1    17     8    20    20     0     0    -4.0   46.390 -119.458    717.0    930.0
     1     1    17     8    20    19     0     0    -5.0   46.353 -119.434    723.7    929.2
     1     1    17     8    20    18     0     0    -6.0   46.317 -119.327    704.3    926.9
     1     1    17     8    20    17     0     0    -7.0   46.286 -119.163    703.8    931.5
     1     1    17     8    20    16     0     0    -8.0   46.268 -118.994    708.5    928.9
     1     1    17     8    20    15     0     0    -9.0   46.242 -118.841    691.6    932.5
     1     1    17     8    20    14     0     0   -10.0   46.171 -118.788    677.2    933.9
     1     1    17     8    20    13     0     0   -11.0   46.088 -118.829    663.4    936.0
     1     1    17     8    20    12     0     0   -12.0   46.021 -118.834    673.0    934.8
     1     1    17     8    20    11     0     0   -13.0   45.967 -118.831    677.2    934.0
     1     1    17     8    20    10     0     0   -14.0   45.915 -118.856    674.9    934.2
     1     1    17     8    20     9     0     0   -15.0   45.870 -118.886    679.5    934.8
     1     1    17     8    20     8     0     0   -16.0   45.818 -118.886    689.4    932.1
     1     1    17     8    20     7     0     0   -17.0   45.745 -118.854    691.7    932.3
     1     1    17     8    20     6     0     0   -18.0   45.667 -118.821    692.2    932.3
     1     1    17     8    20     5     0     0   -19.0   45.586 -118.818    685.7    933.1
     1     1    17     8    20     4     0     0   -20.0   45.495 -118.828    668.4    934.9
     1     1    17     8    20     3     0     0   -21.0   45.401 -118.816    658.0    936.4
