     1     1
    SITE    10     3     1     0     0
     1 BACKWARD OMEGA   
    17     8    15     2   46.392 -119.412   700.0
     1 PRESSURE
     1     1    17     8    15     2     0     0     0.0   46.392 -119.412    700.0    931.4
     1     1    17     8    15     1     0     0    -1.0   46.407 -119.325    719.8    929.1
     1     1    17     8    15     0     0     0    -2.0   46.457 -119.329    741.4    926.5
     1     1    17     8    14    23     0     0    -3.0   46.485 -119.396    756.7    924.7
     1     1    17     8    14    22     0     0    -4.0   46.472 -119.436    765.1    923.1
     1     1    17     8    14    21     0     0    -5.0   46.421 -119.421    772.5    923.6
     1     1    17     8    14    20     0     0    -6.0   46.349 -119.403    789.3    921.3
     1     1    17     8    14    19     0     0    -7.0   46.273 -119.344    804.2    919.7
     1     1    17     8    14    18     0     0    -8.0   46.183 -119.223    809.1    918.4
     1     1    17     8    14    17     0     0    -9.0   46.093 -119.082    805.7    919.3
     1     1    17     8    14    16     0     0   -10.0   46.001 -118.943    798.1    919.9
     1     1    17     8    14    15     0     0   -11.0   45.932 -118.789    802.6    920.7
     1     1    17     8    14    14     0     0   -12.0   45.866 -118.740    819.8    918.0
     1     1    17     8    14    13     0     0   -13.0   45.778 -118.702    804.9    918.3
     1     1    17     8    14    12     0     0   -14.0   45.673 -118.584    790.9    920.6
     1     1    17     8    14    11     0     0   -15.0   45.549 -118.548    774.2    924.4
     1     1    17     8    14    10     0     0   -16.0   45.434 -118.545    777.6    921.3
