     1     1
    SITE    10     3     1     0     0
     1 BACKWARD OMEGA   
    17     8    28    21   46.392 -119.412   700.0
     1 PRESSURE
     1     1    17     8    28    21     0     0     0.0   46.392 -119.412    700.0    931.4
     1     1    17     8    28    20     0     0    -1.0   46.366 -119.440    701.4    931.3
     1     1    17     8    28    19     0     0    -2.0   46.328 -119.481    705.5    930.6
     1     1    17     8    28    18     0     0    -3.0   46.342 -119.532    706.9    930.9
     1     1    17     8    28    17     0     0    -4.0   46.426 -119.619    715.3    929.9
     1     1    17     8    28    16     0     0    -5.0   46.515 -119.666    723.5    928.9
     1     1    17     8    28    15     0     0    -6.0   46.604 -119.684    728.3    928.3
     1     1    17     8    28    14     0     0    -7.0   46.604 -119.690    743.2    926.6
     1     1    17     8    28    13     0     0    -8.0   46.511 -119.703    735.0    927.2
     1     1    17     8    28    12     0     0    -9.0   46.504 -119.669    733.6    928.2
     1     1    17     8    28    11     0     0   -10.0   46.587 -119.619    747.4    925.6
     1     1    17     8    28    10     0     0   -11.0   46.585 -119.621    742.2    926.5
     1     1    17     8    28     9     0     0   -12.0   46.592 -119.641    746.3    926.3
     1     1    17     8    28     8     0     0   -13.0   46.599 -119.671    757.2    925.3
     1     1    17     8    28     7     0     0   -14.0   46.541 -119.647    764.4    924.3
     1     1    17     8    28     6     0     0   -15.0   46.498 -119.651    774.2    923.6
     1     1    17     8    28     5     0     0   -16.0   46.456 -119.626    770.6    920.6
     1     1    17     8    28     4     0     0   -17.0   46.416 -119.559    756.8    925.5
     1     1    17     8    28     3     0     0   -18.0   46.369 -119.597    770.8    923.8
     1     1    17     8    28     2     0     0   -19.0   46.362 -119.625    781.1    921.6
     1     1    17     8    28     1     0     0   -20.0   46.369 -119.579    781.1    922.7
     1     1    17     8    28     0     0     0   -21.0   46.347 -119.519    786.2    922.1
     1     1    17     8    27    23     0     0   -22.0   46.315 -119.458    788.0    920.6
     1     1    17     8    27    22     0     0   -23.0   46.294 -119.389    794.0    922.0
     1     1    17     8    27    21     0     0   -24.0   46.280 -119.328    800.2    919.0
     1     1    17     8    27    20     0     0   -25.0   46.254 -119.302    796.8    920.4
     1     1    17     8    27    19     0     0   -26.0   46.227 -119.303    792.9    920.7
     1     1    17     8    27    18     0     0   -27.0   46.215 -119.295    786.2    921.6
     1     1    17     8    27    17     0     0   -28.0   46.209 -119.273    784.6    922.0
     1     1    17     8    27    16     0     0   -29.0   46.195 -119.236    793.0    921.8
     1     1    17     8    27    15     0     0   -30.0   46.168 -119.170    796.5    919.2
     1     1    17     8    27    14     0     0   -31.0   46.129 -119.092    778.5    921.2
     1     1    17     8    27    13     0     0   -32.0   46.089 -119.014    765.7    925.5
     1     1    17     8    27    12     0     0   -33.0   46.090 -118.947    763.0    923.8
     1     1    17     8    27    11     0     0   -34.0   46.084 -118.896    768.6    924.1
     1     1    17     8    27    10     0     0   -35.0   46.050 -118.848    775.4    922.6
     1     1    17     8    27     9     0     0   -36.0   46.040 -118.792    771.1    923.1
     1     1    17     8    27     8     0     0   -37.0   46.037 -118.728    770.2    924.2
     1     1    17     8    27     7     0     0   -38.0   46.050 -118.666    773.6    922.8
     1     1    17     8    27     6     0     0   -39.0   46.068 -118.656    779.3    922.4
     1     1    17     8    27     5     0     0   -40.0   46.060 -118.664    781.7    921.5
     1     1    17     8    27     4     0     0   -41.0   46.071 -118.626    783.6    922.6
     1     1    17     8    27     3     0     0   -42.0   46.096 -118.555    783.2    921.5
     1     1    17     8    27     2     0     0   -43.0   46.108 -118.479    771.7    922.9
     1     1    17     8    27     1     0     0   -44.0   46.118 -118.415    756.1    924.9
     1     1    17     8    27     0     0     0   -45.0   46.111 -118.366    753.9    925.6
     1     1    17     8    26    23     0     0   -46.0   46.121 -118.319    762.9    925.2
     1     1    17     8    26    22     0     0   -47.0   46.157 -118.265    758.8    923.7
     1     1    17     8    26    21     0     0   -48.0   46.167 -118.256    747.4    926.1
     1     1    17     8    26    20     0     0   -49.0   46.152 -118.287    743.2    926.3
     1     1    17     8    26    19     0     0   -50.0   46.141 -118.263    729.4    927.1
     1     1    17     8    26    18     0     0   -51.0   46.169 -118.204    710.9    930.6
     1     1    17     8    26    17     0     0   -52.0   46.233 -118.153    708.2    930.7
     1     1    17     8    26    16     0     0   -53.0   46.304 -118.090    709.5    931.1
     1     1    17     8    26    15     0     0   -54.0   46.378 -118.030    728.5    928.1
     1     1    17     8    26    14     0     0   -55.0   46.409 -117.953    736.8    926.8
     1     1    17     8    26    13     0     0   -56.0   46.416 -117.851    737.5    927.7
