     1     1
    SITE    10     3     1     0     0
     1 BACKWARD OMEGA   
    17     8    10     4   46.392 -119.412   700.0
     1 PRESSURE
     1     1    17     8    10     4     0     0     0.0   46.392 -119.412    700.0    931.4
     1     1    17     8    10     3     0     0    -1.0   46.367 -119.403    699.7    931.5
     1     1    17     8    10     2     0     0    -2.0   46.356 -119.358    698.5    931.4
     1     1    17     8    10     1     0     0    -3.0   46.382 -119.313    692.4    931.5
     1     1    17     8    10     0     0     0    -4.0   46.393 -119.321    690.6    933.3
     1     1    17     8     9    23     0     0    -5.0   46.367 -119.311    694.5    931.7
     1     1    17     8     9    22     0     0    -6.0   46.331 -119.269    688.6    931.6
     1     1    17     8     9    21     0     0    -7.0   46.292 -119.256    683.6    934.2
     1     1    17     8     9    20     0     0    -8.0   46.259 -119.303    696.4    933.1
     1     1    17     8     9    19     0     0    -9.0   46.260 -119.284    676.8    934.0
     1     1    17     8     9    18     0     0   -10.0   46.301 -119.166    679.1    934.1
     1     1    17     8     9    17     0     0   -11.0   46.348 -119.056    691.4    932.4
     1     1    17     8     9    16     0     0   -12.0   46.397 -118.919    698.3    931.4
     1     1    17     8     9    15     0     0   -13.0   46.451 -118.792    686.6    932.4
     1     1    17     8     9    14     0     0   -14.0   46.496 -118.669    676.4    934.7
     1     1    17     8     9    13     0     0   -15.0   46.524 -118.552    664.1    935.6
     1     1    17     8     9    12     0     0   -16.0   46.505 -118.501    658.2    936.6
     1     1    17     8     9    11     0     0   -17.0   46.443 -118.507    669.6    935.9
     1     1    17     8     9    10     0     0   -18.0   46.419 -118.479    677.4    932.7
     1     1    17     8     9     9     0     0   -19.0   46.436 -118.409    677.3    935.2
     1     1    17     8     9     8     0     0   -20.0   46.457 -118.345    682.0    933.5
     1     1    17     8     9     7     0     0   -21.0   46.454 -118.302    679.4    933.0
     1     1    17     8     9     6     0     0   -22.0   46.435 -118.246    677.3    934.2
     1     1    17     8     9     5     0     0   -23.0   46.422 -118.221    679.0    934.3
     1     1    17     8     9     4     0     0   -24.0   46.406 -118.203    677.0    933.0
     1     1    17     8     9     3     0     0   -25.0   46.382 -118.177    666.1    936.1
     1     1    17     8     9     2     0     0   -26.0   46.340 -118.179    663.9    936.0
     1     1    17     8     9     1     0     0   -27.0   46.350 -118.126    654.9    935.8
     1     1    17     8     9     0     0     0   -28.0   46.344 -118.085    666.7    936.5
     1     1    17     8     8    23     0     0   -29.0   46.283 -118.092    676.2    933.7
     1     1    17     8     8    22     0     0   -30.0   46.261 -118.079    670.3    935.1
     1     1    17     8     8    21     0     0   -31.0   46.255 -118.062    670.0    935.2
     1     1    17     8     8    20     0     0   -32.0   46.246 -118.109    660.7    934.7
     1     1    17     8     8    19     0     0   -33.0   46.238 -118.130    651.2    938.7
     1     1    17     8     8    18     0     0   -34.0   46.251 -118.063    671.2    936.8
     1     1    17     8     8    17     0     0   -35.0   46.292 -117.972    702.6    929.8
     1     1    17     8     8    16     0     0   -36.0   46.342 -117.870    709.6    930.2
