     1     1
    SITE    10     3     1     0     0
     1 BACKWARD OMEGA   
    17     8     6    22   46.392 -119.412   700.0
     1 PRESSURE
     1     1    17     8     6    22     0     0     0.0   46.392 -119.412    700.0    931.4
     1     1    17     8     6    21     0     0    -1.0   46.397 -119.416    694.4    932.1
     1     1    17     8     6    20     0     0    -2.0   46.362 -119.446    695.1    933.1
     1     1    17     8     6    19     0     0    -3.0   46.367 -119.416    702.2    931.3
     1     1    17     8     6    18     0     0    -4.0   46.385 -119.437    700.2    930.7
     1     1    17     8     6    17     0     0    -5.0   46.379 -119.528    705.6    930.2
     1     1    17     8     6    16     0     0    -6.0   46.405 -119.543    695.7    930.8
     1     1    17     8     6    15     0     0    -7.0   46.416 -119.470    687.0    933.5
     1     1    17     8     6    14     0     0    -8.0   46.430 -119.389    699.8    930.8
     1     1    17     8     6    13     0     0    -9.0   46.434 -119.316    713.4    930.2
     1     1    17     8     6    12     0     0   -10.0   46.394 -119.245    713.4    930.4
     1     1    17     8     6    11     0     0   -11.0   46.350 -119.189    709.0    929.1
     1     1    17     8     6    10     0     0   -12.0   46.335 -119.132    703.0    931.8
     1     1    17     8     6     9     0     0   -13.0   46.351 -119.060    706.5    930.6
     1     1    17     8     6     8     0     0   -14.0   46.345 -118.987    705.8    929.9
     1     1    17     8     6     7     0     0   -15.0   46.370 -118.898    683.2    932.9
     1     1    17     8     6     6     0     0   -16.0   46.397 -118.814    695.4    932.1
     1     1    17     8     6     5     0     0   -17.0   46.376 -118.765    699.7    930.2
     1     1    17     8     6     4     0     0   -18.0   46.352 -118.765    701.7    932.0
     1     1    17     8     6     3     0     0   -19.0   46.319 -118.768    709.3    930.2
     1     1    17     8     6     2     0     0   -20.0   46.293 -118.740    708.4    930.2
     1     1    17     8     6     1     0     0   -21.0   46.256 -118.713    717.5    930.8
     1     1    17     8     6     0     0     0   -22.0   46.206 -118.718    722.2    928.2
     1     1    17     8     5    23     0     0   -23.0   46.221 -118.693    722.2    931.3
     1     1    17     8     5    22     0     0   -24.0   46.252 -118.636    728.4    926.4
     1     1    17     8     5    21     0     0   -25.0   46.235 -118.605    714.3    928.6
     1     1    17     8     5    20     0     0   -26.0   46.178 -118.616    696.3    932.5
     1     1    17     8     5    19     0     0   -27.0   46.105 -118.663    695.6    931.8
     1     1    17     8     5    18     0     0   -28.0   46.038 -118.667    696.4    931.8
     1     1    17     8     5    17     0     0   -29.0   46.030 -118.595    693.5    932.1
     1     1    17     8     5    16     0     0   -30.0   46.070 -118.480    713.3    929.7
     1     1    17     8     5    15     0     0   -31.0   46.114 -118.355    708.6    929.6
     1     1    17     8     5    14     0     0   -32.0   46.161 -118.234    709.4    931.2
     1     1    17     8     5    13     0     0   -33.0   46.196 -118.118    712.0    929.9
     1     1    17     8     5    12     0     0   -34.0   46.252 -118.029    716.7    930.1
     1     1    17     8     5    11     0     0   -35.0   46.338 -117.950    719.7    928.6
