     1     1
    SITE    10     3     1     0     0
     1 BACKWARD OMEGA   
    17     8    28    15   46.392 -119.412   700.0
     1 PRESSURE
     1     1    17     8    28    15     0     0     0.0   46.392 -119.412    700.0    931.4
     1     1    17     8    28    14     0     0    -1.0   46.391 -119.420    685.4    933.2
     1     1    17     8    28    13     0     0    -2.0   46.300 -119.433    692.9    931.7
     1     1    17     8    28    12     0     0    -3.0   46.294 -119.398    684.5    933.2
     1     1    17     8    28    11     0     0    -4.0   46.377 -119.350    685.6    933.2
     1     1    17     8    28    10     0     0    -5.0   46.376 -119.352    674.1    934.1
     1     1    17     8    28     9     0     0    -6.0   46.386 -119.375    682.8    934.2
     1     1    17     8    28     8     0     0    -7.0   46.392 -119.405    707.9    930.6
     1     1    17     8    28     7     0     0    -8.0   46.332 -119.381    725.4    927.7
     1     1    17     8    28     6     0     0    -9.0   46.287 -119.384    723.4    929.0
     1     1    17     8    28     5     0     0   -10.0   46.242 -119.359    739.1    927.8
     1     1    17     8    28     4     0     0   -11.0   46.199 -119.293    747.5    926.1
     1     1    17     8    28     3     0     0   -12.0   46.151 -119.330    753.0    924.9
     1     1    17     8    28     2     0     0   -13.0   46.143 -119.357    754.8    926.1
     1     1    17     8    28     1     0     0   -14.0   46.149 -119.311    760.4    923.9
     1     1    17     8    28     0     0     0   -15.0   46.127 -119.252    771.6    924.5
     1     1    17     8    27    23     0     0   -16.0   46.095 -119.193    787.0    920.7
     1     1    17     8    27    22     0     0   -17.0   46.075 -119.125    803.2    920.7
     1     1    17     8    27    21     0     0   -18.0   46.062 -119.065    824.4    917.3
     1     1    17     8    27    20     0     0   -19.0   46.036 -119.039    834.9    915.5
     1     1    17     8    27    19     0     0   -20.0   46.009 -119.041    838.2    915.8
     1     1    17     8    27    18     0     0   -21.0   45.996 -119.032    841.2    915.7
     1     1    17     8    27    17     0     0   -22.0   45.990 -119.011    845.2    915.0
     1     1    17     8    27    16     0     0   -23.0   45.977 -118.974    841.6    915.1
     1     1    17     8    27    15     0     0   -24.0   45.950 -118.908    829.9    916.9
     1     1    17     8    27    14     0     0   -25.0   45.911 -118.830    825.9    917.8
     1     1    17     8    27    13     0     0   -26.0   45.870 -118.752    824.1    917.3
     1     1    17     8    27    12     0     0   -27.0   45.871 -118.686    825.0    917.9
     1     1    17     8    27    11     0     0   -28.0   45.864 -118.636    830.4    917.5
     1     1    17     8    27    10     0     0   -29.0   45.830 -118.589    848.8    915.4
     1     1    17     8    27     9     0     0   -30.0   45.820 -118.533    870.2    912.1
     1     1    17     8    27     8     0     0   -31.0   45.817 -118.469    882.5    910.8
     1     1    17     8    27     7     0     0   -32.0   45.830 -118.407    896.4    910.4
     1     1    17     8    27     6     0     0   -33.0   45.847 -118.396    903.8    908.9
     1     1    17     8    27     5     0     0   -34.0   45.840 -118.403    902.1    908.7
     1     1    17     8    27     4     0     0   -35.0   45.852 -118.365    895.8    909.9
     1     1    17     8    27     3     0     0   -36.0   45.878 -118.295    906.1    910.2
     1     1    17     8    27     2     0     0   -37.0   45.890 -118.219    907.4    907.0
     1     1    17     8    27     1     0     0   -38.0   45.900 -118.155    904.6    910.3
     1     1    17     8    27     0     0     0   -39.0   45.893 -118.106    911.7    908.3
     1     1    17     8    26    23     0     0   -40.0   45.903 -118.059    913.1    907.9
     1     1    17     8    26    22     0     0   -41.0   45.938 -118.005    912.2    908.2
     1     1    17     8    26    21     0     0   -42.0   45.948 -117.995    900.2    908.3
     1     1    17     8    26    20     0     0   -43.0   45.933 -118.026    885.8    910.8
     1     1    17     8    26    19     0     0   -44.0   45.923 -118.001    880.7    912.7
     1     1    17     8    26    18     0     0   -45.0   45.951 -117.942    884.6    910.5
