     1     1
    SITE    10     3     1     0     0
     1 BACKWARD OMEGA   
    17     8    14    13   46.392 -119.412   700.0
     1 PRESSURE
     1     1    17     8    14    13     0     0     0.0   46.392 -119.412    700.0    931.4
     1     1    17     8    14    12     0     0    -1.0   46.285 -119.292    722.0    928.9
     1     1    17     8    14    11     0     0    -2.0   46.164 -119.255    754.5    924.8
     1     1    17     8    14    10     0     0    -3.0   46.049 -119.252    759.3    926.1
     1     1    17     8    14     9     0     0    -4.0   45.954 -119.243    782.6    921.8
     1     1    17     8    14     8     0     0    -5.0   45.872 -119.232    788.7    921.9
     1     1    17     8    14     7     0     0    -6.0   45.793 -119.206    791.6    920.5
     1     1    17     8    14     6     0     0    -7.0   45.706 -119.190    792.0    921.2
     1     1    17     8    14     5     0     0    -8.0   45.619 -119.182    791.2    921.9
     1     1    17     8    14     4     0     0    -9.0   45.537 -119.181    803.9    919.3
     1     1    17     8    14     3     0     0   -10.0   45.445 -119.178    790.5    921.2
