     1     1
    SITE    10     3     1     0     0
     1 BACKWARD OMEGA   
    17     8    11     9   46.392 -119.412   700.0
     1 PRESSURE
     1     1    17     8    11     9     0     0     0.0   46.392 -119.412    700.0    931.4
     1     1    17     8    11     8     0     0    -1.0   46.434 -119.318    693.9    932.1
     1     1    17     8    11     7     0     0    -2.0   46.491 -119.240    681.4    934.0
     1     1    17     8    11     6     0     0    -3.0   46.544 -119.177    673.7    934.9
     1     1    17     8    11     5     0     0    -4.0   46.533 -119.151    678.0    934.3
     1     1    17     8    11     4     0     0    -5.0   46.491 -119.186    680.8    933.9
     1     1    17     8    11     3     0     0    -6.0   46.453 -119.214    685.6    933.6
     1     1    17     8    11     2     0     0    -7.0   46.416 -119.173    698.4    932.4
     1     1    17     8    11     1     0     0    -8.0   46.394 -119.122    711.0    928.8
     1     1    17     8    11     0     0     0    -9.0   46.371 -119.093    717.6    930.1
     1     1    17     8    10    23     0     0   -10.0   46.331 -119.081    734.8    928.0
     1     1    17     8    10    22     0     0   -11.0   46.294 -119.127    757.1    924.1
     1     1    17     8    10    21     0     0   -12.0   46.283 -119.149    755.1    923.7
     1     1    17     8    10    20     0     0   -13.0   46.292 -119.157    752.8    925.8
     1     1    17     8    10    19     0     0   -14.0   46.283 -119.219    763.0    924.8
     1     1    17     8    10    18     0     0   -15.0   46.273 -119.190    775.7    922.8
     1     1    17     8    10    17     0     0   -16.0   46.307 -119.061    791.1    920.9
     1     1    17     8    10    16     0     0   -17.0   46.351 -118.932    775.8    922.3
     1     1    17     8    10    15     0     0   -18.0   46.390 -118.800    762.0    924.8
     1     1    17     8    10    14     0     0   -19.0   46.426 -118.674    773.2    922.8
     1     1    17     8    10    13     0     0   -20.0   46.460 -118.565    769.7    923.4
     1     1    17     8    10    12     0     0   -21.0   46.477 -118.468    773.6    923.6
     1     1    17     8    10    11     0     0   -22.0   46.504 -118.390    786.4    920.5
     1     1    17     8    10    10     0     0   -23.0   46.517 -118.331    800.7    919.7
     1     1    17     8    10     9     0     0   -24.0   46.481 -118.254    800.1    919.7
     1     1    17     8    10     8     0     0   -25.0   46.416 -118.180    784.1    920.6
     1     1    17     8    10     7     0     0   -26.0   46.359 -118.132    777.6    923.1
     1     1    17     8    10     6     0     0   -27.0   46.348 -118.084    776.2    921.8
     1     1    17     8    10     5     0     0   -28.0   46.367 -118.039    774.8    923.6
     1     1    17     8    10     4     0     0   -29.0   46.368 -118.034    775.0    922.3
     1     1    17     8    10     3     0     0   -30.0   46.344 -118.026    771.9    923.2
     1     1    17     8    10     2     0     0   -31.0   46.334 -117.982    771.8    923.5
     1     1    17     8    10     1     0     0   -32.0   46.361 -117.937    788.2    922.8
