     1     1
    SITE    10     3     1     0     0
     1 BACKWARD OMEGA   
    17     8    15    11   46.392 -119.412   700.0
     1 PRESSURE
     1     1    17     8    15    11     0     0     0.0   46.392 -119.412    700.0    931.4
     1     1    17     8    15    10     0     0    -1.0   46.380 -119.320    717.1    929.4
     1     1    17     8    15     9     0     0    -2.0   46.355 -119.258    722.9    927.7
     1     1    17     8    15     8     0     0    -3.0   46.317 -119.247    719.1    929.1
     1     1    17     8    15     7     0     0    -4.0   46.289 -119.241    717.4    929.8
     1     1    17     8    15     6     0     0    -5.0   46.266 -119.237    720.0    929.2
     1     1    17     8    15     5     0     0    -6.0   46.244 -119.239    720.1    928.7
     1     1    17     8    15     4     0     0    -7.0   46.244 -119.212    714.3    929.4
     1     1    17     8    15     3     0     0    -8.0   46.249 -119.164    718.0    930.5
     1     1    17     8    15     2     0     0    -9.0   46.237 -119.072    699.2    927.7
     1     1    17     8    15     1     0     0   -10.0   46.254 -118.986    683.1    934.1
     1     1    17     8    15     0     0     0   -11.0   46.305 -118.992    679.6    932.1
     1     1    17     8    14    23     0     0   -12.0   46.332 -119.059    667.2    935.4
     1     1    17     8    14    22     0     0   -13.0   46.319 -119.098    651.9    937.6
     1     1    17     8    14    21     0     0   -14.0   46.268 -119.083    649.9    938.7
     1     1    17     8    14    20     0     0   -15.0   46.197 -119.064    650.6    937.4
     1     1    17     8    14    19     0     0   -16.0   46.123 -119.007    654.6    936.5
     1     1    17     8    14    18     0     0   -17.0   46.036 -118.883    614.0    941.3
     1     1    17     8    14    17     0     0   -18.0   45.944 -118.737    566.0    945.4
     1     1    17     8    14    16     0     0   -19.0   45.851 -118.593    539.8    949.7
     1     1    17     8    14    15     0     0   -20.0   45.780 -118.441    538.0    949.1
     1     1    17     8    14    14     0     0   -21.0   45.714 -118.394    527.8    950.5
     1     1    17     8    14    13     0     0   -22.0   45.625 -118.356    536.0    950.7
     1     1    17     8    14    12     0     0   -23.0   45.521 -118.234    566.9    947.1
     1     1    17     8    14    11     0     0   -24.0   45.398 -118.187    566.3    946.5
