     1     1
    SITE    10     3     1     0     0
     1 BACKWARD OMEGA   
    17     8     9     1   46.392 -119.412   700.0
     1 PRESSURE
     1     1    17     8     9     1     0     0     0.0   46.392 -119.412    700.0    931.4
     1     1    17     8     9     0     0     0    -1.0   46.387 -119.369    703.2    931.0
     1     1    17     8     8    23     0     0    -2.0   46.329 -119.378    695.2    931.9
     1     1    17     8     8    22     0     0    -3.0   46.307 -119.367    686.5    933.3
     1     1    17     8     8    21     0     0    -4.0   46.301 -119.350    680.5    934.4
     1     1    17     8     8    20     0     0    -5.0   46.291 -119.396    685.3    933.7
     1     1    17     8     8    19     0     0    -6.0   46.283 -119.418    686.2    932.2
     1     1    17     8     8    18     0     0    -7.0   46.295 -119.351    687.6    933.3
     1     1    17     8     8    17     0     0    -8.0   46.333 -119.258    686.2    932.3
     1     1    17     8     8    16     0     0    -9.0   46.384 -119.156    689.2    932.8
     1     1    17     8     8    15     0     0   -10.0   46.408 -119.038    694.0    931.8
     1     1    17     8     8    14     0     0   -11.0   46.389 -118.923    708.0    930.8
     1     1    17     8     8    13     0     0   -12.0   46.348 -118.837    719.7    928.9
     1     1    17     8     8    12     0     0   -13.0   46.329 -118.750    719.6    928.8
     1     1    17     8     8    11     0     0   -14.0   46.348 -118.657    710.0    929.9
     1     1    17     8     8    10     0     0   -15.0   46.374 -118.569    703.4    932.5
     1     1    17     8     8     9     0     0   -16.0   46.380 -118.497    707.0    930.4
     1     1    17     8     8     8     0     0   -17.0   46.376 -118.446    709.8    930.8
     1     1    17     8     8     7     0     0   -18.0   46.374 -118.409    712.5    929.7
     1     1    17     8     8     6     0     0   -19.0   46.360 -118.387    712.8    929.8
     1     1    17     8     8     5     0     0   -20.0   46.333 -118.379    710.0    930.0
     1     1    17     8     8     4     0     0   -21.0   46.330 -118.348    708.2    930.9
     1     1    17     8     8     3     0     0   -22.0   46.345 -118.302    708.3    930.7
     1     1    17     8     8     2     0     0   -23.0   46.335 -118.294    707.4    930.3
     1     1    17     8     8     1     0     0   -24.0   46.308 -118.307    706.7    930.8
     1     1    17     8     8     0     0     0   -25.0   46.262 -118.313    713.7    930.5
     1     1    17     8     7    23     0     0   -26.0   46.212 -118.335    717.5    928.3
     1     1    17     8     7    22     0     0   -27.0   46.182 -118.385    712.8    930.0
     1     1    17     8     7    21     0     0   -28.0   46.154 -118.409    714.1    930.4
     1     1    17     8     7    20     0     0   -29.0   46.110 -118.405    722.3    928.4
     1     1    17     8     7    19     0     0   -30.0   46.044 -118.396    709.9    928.3
     1     1    17     8     7    18     0     0   -31.0   45.961 -118.367    708.2    930.6
     1     1    17     8     7    17     0     0   -32.0   45.873 -118.330    693.0    931.9
     1     1    17     8     7    16     0     0   -33.0   45.783 -118.279    672.0    934.9
     1     1    17     8     7    15     0     0   -34.0   45.702 -118.195    674.1    934.7
     1     1    17     8     7    14     0     0   -35.0   45.628 -118.122    683.9    933.1
     1     1    17     8     7    13     0     0   -36.0   45.560 -118.064    691.3    932.6
     1     1    17     8     7    12     0     0   -37.0   45.505 -118.034    704.0    931.1
     1     1    17     8     7    11     0     0   -38.0   45.494 -117.999    723.3    929.3
     1     1    17     8     7    10     0     0   -39.0   45.524 -117.927    734.9    925.9
