     1     1
    SITE    10     3     1     0     0
     1 BACKWARD OMEGA   
    17     8     1    23   46.392 -119.412   700.0
     1 PRESSURE
     1     1    17     8     1    23     0     0     0.0   46.392 -119.412    700.0    931.4
     1     1    17     8     1    22     0     0    -1.0   46.424 -119.419    693.6    932.1
     1     1    17     8     1    21     0     0    -2.0   46.485 -119.433    692.8    933.1
     1     1    17     8     1    20     0     0    -3.0   46.535 -119.489    714.6    929.5
     1     1    17     8     1    19     0     0    -4.0   46.544 -119.459    736.1    927.2
     1     1    17     8     1    18     0     0    -5.0   46.563 -119.357    753.0    926.6
     1     1    17     8     1    17     0     0    -6.0   46.636 -119.209    741.9    927.8
     1     1    17     8     1    16     0     0    -7.0   46.704 -119.021    758.0    925.6
     1     1    17     8     1    15     0     0    -8.0   46.759 -118.818    747.5    925.6
     1     1    17     8     1    14     0     0    -9.0   46.830 -118.681    737.3    927.6
     1     1    17     8     1    13     0     0   -10.0   46.871 -118.579    771.3    923.5
     1     1    17     8     1    12     0     0   -11.0   46.859 -118.567    769.5    922.8
     1     1    17     8     1    11     0     0   -12.0   46.809 -118.631    764.9    924.2
     1     1    17     8     1    10     0     0   -13.0   46.727 -118.630    767.4    922.9
     1     1    17     8     1     9     0     0   -14.0   46.661 -118.617    753.9    926.0
     1     1    17     8     1     8     0     0   -15.0   46.618 -118.612    761.7    924.6
     1     1    17     8     1     7     0     0   -16.0   46.583 -118.599    767.1    922.8
     1     1    17     8     1     6     0     0   -17.0   46.567 -118.603    769.4    924.1
     1     1    17     8     1     5     0     0   -18.0   46.556 -118.609    775.0    922.7
     1     1    17     8     1     4     0     0   -19.0   46.558 -118.579    778.5    922.2
     1     1    17     8     1     3     0     0   -20.0   46.561 -118.552    783.1    922.3
     1     1    17     8     1     2     0     0   -21.0   46.547 -118.525    785.5    921.4
     1     1    17     8     1     1     0     0   -22.0   46.519 -118.486    790.2    921.6
     1     1    17     8     1     0     0     0   -23.0   46.508 -118.435    790.1    920.2
     1     1    17     7    31    23     0     0   -24.0   46.520 -118.425    784.8    922.2
     1     1    17     7    31    22     0     0   -25.0   46.493 -118.440    783.1    920.8
     1     1    17     7    31    21     0     0   -26.0   46.481 -118.436    779.7    922.7
     1     1    17     7    31    20     0     0   -27.0   46.485 -118.460    776.1    921.6
     1     1    17     7    31    19     0     0   -28.0   46.424 -118.487    778.0    923.9
     1     1    17     7    31    18     0     0   -29.0   46.338 -118.448    788.4    922.3
     1     1    17     7    31    17     0     0   -30.0   46.312 -118.354    792.5    921.0
     1     1    17     7    31    16     0     0   -31.0   46.339 -118.259    778.2    921.6
     1     1    17     7    31    15     0     0   -32.0   46.344 -118.140    777.2    922.6
     1     1    17     7    31    14     0     0   -33.0   46.313 -118.034    777.5    922.4
     1     1    17     7    31    13     0     0   -34.0   46.302 -117.947    781.1    921.9
     1     1    17     7    31    12     0     0   -35.0   46.292 -117.845    768.5    922.7
