     1     1
    SITE    10     3     1     0     0
     1 BACKWARD OMEGA   
    17     8    10     2   46.392 -119.412   700.0
     1 PRESSURE
     1     1    17     8    10     2     0     0     0.0   46.392 -119.412    700.0    931.4
     1     1    17     8    10     1     0     0    -1.0   46.419 -119.368    710.2    930.2
     1     1    17     8    10     0     0     0    -2.0   46.432 -119.377    724.5    928.8
     1     1    17     8     9    23     0     0    -3.0   46.406 -119.367    733.1    926.2
     1     1    17     8     9    22     0     0    -4.0   46.370 -119.323    728.2    927.6
     1     1    17     8     9    21     0     0    -5.0   46.331 -119.310    727.3    928.8
     1     1    17     8     9    20     0     0    -6.0   46.299 -119.356    723.7    927.7
     1     1    17     8     9    19     0     0    -7.0   46.301 -119.337    711.9    930.2
     1     1    17     8     9    18     0     0    -8.0   46.341 -119.218    707.6    931.3
     1     1    17     8     9    17     0     0    -9.0   46.389 -119.106    710.6    930.1
     1     1    17     8     9    16     0     0   -10.0   46.439 -118.966    708.3    930.4
     1     1    17     8     9    15     0     0   -11.0   46.492 -118.837    694.3    930.8
     1     1    17     8     9    14     0     0   -12.0   46.536 -118.712    677.3    934.7
     1     1    17     8     9    13     0     0   -13.0   46.565 -118.594    678.5    933.8
     1     1    17     8     9    12     0     0   -14.0   46.546 -118.544    678.5    933.9
     1     1    17     8     9    11     0     0   -15.0   46.483 -118.550    679.3    933.8
     1     1    17     8     9    10     0     0   -16.0   46.458 -118.522    679.1    933.7
     1     1    17     8     9     9     0     0   -17.0   46.474 -118.453    670.1    935.9
     1     1    17     8     9     8     0     0   -18.0   46.495 -118.389    675.6    935.1
     1     1    17     8     9     7     0     0   -19.0   46.491 -118.345    677.4    932.4
     1     1    17     8     9     6     0     0   -20.0   46.471 -118.290    670.6    935.2
     1     1    17     8     9     5     0     0   -21.0   46.458 -118.266    668.7    935.6
     1     1    17     8     9     4     0     0   -22.0   46.442 -118.248    669.4    934.6
     1     1    17     8     9     3     0     0   -23.0   46.418 -118.222    664.5    935.3
     1     1    17     8     9     2     0     0   -24.0   46.376 -118.225    662.5    936.3
     1     1    17     8     9     1     0     0   -25.0   46.384 -118.174    644.1    935.6
     1     1    17     8     9     0     0     0   -26.0   46.379 -118.132    651.1    938.3
     1     1    17     8     8    23     0     0   -27.0   46.318 -118.139    660.0    936.1
     1     1    17     8     8    22     0     0   -28.0   46.297 -118.125    664.3    935.3
     1     1    17     8     8    21     0     0   -29.0   46.291 -118.108    667.0    935.2
     1     1    17     8     8    20     0     0   -30.0   46.281 -118.155    662.4    935.1
     1     1    17     8     8    19     0     0   -31.0   46.273 -118.177    659.4    936.8
     1     1    17     8     8    18     0     0   -32.0   46.286 -118.109    668.0    936.3
     1     1    17     8     8    17     0     0   -33.0   46.326 -118.018    694.9    932.5
     1     1    17     8     8    16     0     0   -34.0   46.377 -117.915    711.7    930.3
