     1     1
    SITE    10     3     1     0     0
     1 BACKWARD OMEGA   
    17     8    27     6   46.392 -119.412   700.0
     1 PRESSURE
     1     1    17     8    27     6     0     0     0.0   46.392 -119.412    700.0    931.4
     1     1    17     8    27     5     0     0    -1.0   46.385 -119.420    701.9    931.2
     1     1    17     8    27     4     0     0    -2.0   46.397 -119.382    700.5    931.0
     1     1    17     8    27     3     0     0    -3.0   46.423 -119.313    708.6    931.0
     1     1    17     8    27     2     0     0    -4.0   46.435 -119.235    725.9    928.3
     1     1    17     8    27     1     0     0    -5.0   46.445 -119.170    739.2    926.6
     1     1    17     8    27     0     0     0    -6.0   46.437 -119.120    746.9    925.6
     1     1    17     8    26    23     0     0    -7.0   46.448 -119.074    752.0    925.4
     1     1    17     8    26    22     0     0    -8.0   46.484 -119.020    750.8    924.9
     1     1    17     8    26    21     0     0    -9.0   46.494 -119.011    748.9    926.4
     1     1    17     8    26    20     0     0   -10.0   46.479 -119.044    754.8    925.4
     1     1    17     8    26    19     0     0   -11.0   46.468 -119.019    759.8    924.1
     1     1    17     8    26    18     0     0   -12.0   46.497 -118.958    764.2    924.6
     1     1    17     8    26    17     0     0   -13.0   46.564 -118.904    780.9    921.5
     1     1    17     8    26    16     0     0   -14.0   46.638 -118.843    789.5    921.1
     1     1    17     8    26    15     0     0   -15.0   46.711 -118.779    799.3    920.1
     1     1    17     8    26    14     0     0   -16.0   46.741 -118.701    811.5    919.1
     1     1    17     8    26    13     0     0   -17.0   46.746 -118.601    822.4    917.4
     1     1    17     8    26    12     0     0   -18.0   46.762 -118.498    850.3    914.9
     1     1    17     8    26    11     0     0   -19.0   46.765 -118.403    869.5    912.4
     1     1    17     8    26    10     0     0   -20.0   46.773 -118.322    861.5    912.1
     1     1    17     8    26     9     0     0   -21.0   46.797 -118.255    849.4    916.1
     1     1    17     8    26     8     0     0   -22.0   46.812 -118.203    848.5    915.0
     1     1    17     8    26     7     0     0   -23.0   46.829 -118.142    846.2    914.6
     1     1    17     8    26     6     0     0   -24.0   46.834 -118.080    851.1    915.7
     1     1    17     8    26     5     0     0   -25.0   46.827 -118.054    856.0    913.6
     1     1    17     8    26     4     0     0   -26.0   46.840 -118.003    856.1    914.1
     1     1    17     8    26     3     0     0   -27.0   46.867 -117.918    850.6    914.0
