     1     1
    SITE    10     3     1     0     0
     1 BACKWARD OMEGA   
    17     8     3     6   46.392 -119.412   700.0
     1 PRESSURE
     1     1    17     8     3     6     0     0     0.0   46.392 -119.412    700.0    931.4
     1     1    17     8     3     5     0     0    -1.0   46.387 -119.422    695.2    932.0
     1     1    17     8     3     4     0     0    -2.0   46.399 -119.385    697.2    932.9
     1     1    17     8     3     3     0     0    -3.0   46.454 -119.332    693.8    931.9
     1     1    17     8     3     2     0     0    -4.0   46.519 -119.300    691.4    932.7
     1     1    17     8     3     1     0     0    -5.0   46.548 -119.238    683.4    932.2
     1     1    17     8     3     0     0     0    -6.0   46.527 -119.206    671.7    936.5
     1     1    17     8     2    23     0     0    -7.0   46.506 -119.179    673.0    934.0
     1     1    17     8     2    22     0     0    -8.0   46.475 -119.140    663.8    936.5
     1     1    17     8     2    21     0     0    -9.0   46.474 -119.158    671.2    935.6
     1     1    17     8     2    20     0     0   -10.0   46.489 -119.134    690.1    933.8
     1     1    17     8     2    19     0     0   -11.0   46.517 -119.106    698.0    930.8
     1     1    17     8     2    18     0     0   -12.0   46.615 -119.109    727.9    929.0
     1     1    17     8     2    17     0     0   -13.0   46.753 -119.067    745.0    926.6
     1     1    17     8     2    16     0     0   -14.0   46.900 -118.981    772.3    923.8
     1     1    17     8     2    15     0     0   -15.0   47.033 -118.868    786.6    922.3
     1     1    17     8     2    14     0     0   -16.0   47.157 -118.763    768.3    921.9
     1     1    17     8     2    13     0     0   -17.0   47.285 -118.674    729.6    928.4
