     1     1
    SITE    10     3     1     0     0
     1 BACKWARD OMEGA   
    17     8    15     9   46.392 -119.412   700.0
     1 PRESSURE
     1     1    17     8    15     9     0     0     0.0   46.392 -119.412    700.0    931.4
     1     1    17     8    15     8     0     0    -1.0   46.353 -119.402    706.1    930.7
     1     1    17     8    15     7     0     0    -2.0   46.325 -119.396    702.3    930.6
     1     1    17     8    15     6     0     0    -3.0   46.302 -119.392    695.4    932.2
     1     1    17     8    15     5     0     0    -4.0   46.280 -119.394    694.5    932.4
     1     1    17     8    15     4     0     0    -5.0   46.280 -119.368    693.1    931.8
     1     1    17     8    15     3     0     0    -6.0   46.284 -119.321    693.4    932.7
     1     1    17     8    15     2     0     0    -7.0   46.271 -119.227    701.5    931.7
     1     1    17     8    15     1     0     0    -8.0   46.285 -119.143    702.4    931.6
     1     1    17     8    15     0     0     0    -9.0   46.334 -119.151    719.5    930.5
     1     1    17     8    14    23     0     0   -10.0   46.361 -119.219    734.9    926.1
     1     1    17     8    14    22     0     0   -11.0   46.347 -119.261    736.1    927.2
     1     1    17     8    14    21     0     0   -12.0   46.294 -119.246    749.7    927.4
     1     1    17     8    14    20     0     0   -13.0   46.221 -119.227    748.9    925.4
     1     1    17     8    14    19     0     0   -14.0   46.144 -119.167    741.8    926.8
     1     1    17     8    14    18     0     0   -15.0   46.056 -119.048    735.4    926.1
     1     1    17     8    14    17     0     0   -16.0   45.962 -118.909    705.6    931.8
     1     1    17     8    14    16     0     0   -17.0   45.870 -118.771    673.1    934.6
     1     1    17     8    14    15     0     0   -18.0   45.802 -118.615    661.9    936.9
     1     1    17     8    14    14     0     0   -19.0   45.737 -118.564    668.1    934.9
     1     1    17     8    14    13     0     0   -20.0   45.649 -118.529    681.6    932.5
     1     1    17     8    14    12     0     0   -21.0   45.540 -118.413    670.0    933.9
     1     1    17     8    14    11     0     0   -22.0   45.419 -118.372    633.6    939.3
