     1     1
    SITE    10     3     1     0     0
     1 BACKWARD OMEGA   
    17     8    21     1   46.392 -119.412   700.0
     1 PRESSURE
     1     1    17     8    21     1     0     0     0.0   46.392 -119.412    700.0    931.4
     1     1    17     8    21     0     0     0    -1.0   46.357 -119.375    706.7    930.6
     1     1    17     8    20    23     0     0    -2.0   46.309 -119.381    719.0    928.8
     1     1    17     8    20    22     0     0    -3.0   46.317 -119.411    731.0    928.2
     1     1    17     8    20    21     0     0    -4.0   46.358 -119.427    739.7    925.7
     1     1    17     8    20    20     0     0    -5.0   46.357 -119.422    738.9    926.6
     1     1    17     8    20    19     0     0    -6.0   46.319 -119.396    745.8    927.0
     1     1    17     8    20    18     0     0    -7.0   46.283 -119.291    741.1    924.2
     1     1    17     8    20    17     0     0    -8.0   46.252 -119.126    749.8    926.7
     1     1    17     8    20    16     0     0    -9.0   46.234 -118.958    747.6    925.0
     1     1    17     8    20    15     0     0   -10.0   46.208 -118.804    731.5    928.2
     1     1    17     8    20    14     0     0   -11.0   46.136 -118.749    740.1    926.9
     1     1    17     8    20    13     0     0   -12.0   46.053 -118.791    744.8    926.1
     1     1    17     8    20    12     0     0   -13.0   45.986 -118.797    747.6    926.0
     1     1    17     8    20    11     0     0   -14.0   45.933 -118.794    748.8    925.8
     1     1    17     8    20    10     0     0   -15.0   45.880 -118.820    753.6    925.8
     1     1    17     8    20     9     0     0   -16.0   45.836 -118.850    763.4    924.2
     1     1    17     8    20     8     0     0   -17.0   45.784 -118.850    775.0    922.9
     1     1    17     8    20     7     0     0   -18.0   45.712 -118.818    780.9    922.6
     1     1    17     8    20     6     0     0   -19.0   45.636 -118.786    783.9    921.5
     1     1    17     8    20     5     0     0   -20.0   45.554 -118.783    771.0    923.7
     1     1    17     8    20     4     0     0   -21.0   45.464 -118.792    758.7    924.8
