     1     1
    SITE    10     3     1     0     0
     1 BACKWARD OMEGA   
    17     8    28     4   46.392 -119.412   700.0
     1 PRESSURE
     1     1    17     8    28     4     0     0     0.0   46.392 -119.412    700.0    931.4
     1     1    17     8    28     3     0     0    -1.0   46.343 -119.451    710.3    930.2
     1     1    17     8    28     2     0     0    -2.0   46.336 -119.481    722.1    927.1
     1     1    17     8    28     1     0     0    -3.0   46.342 -119.435    712.1    930.0
     1     1    17     8    28     0     0     0    -4.0   46.321 -119.374    710.0    930.5
     1     1    17     8    27    23     0     0    -5.0   46.291 -119.313    706.7    930.3
     1     1    17     8    27    22     0     0    -6.0   46.269 -119.246    697.1    931.3
     1     1    17     8    27    21     0     0    -7.0   46.255 -119.186    693.5    933.0
     1     1    17     8    27    20     0     0    -8.0   46.228 -119.159    687.3    931.8
     1     1    17     8    27    19     0     0    -9.0   46.201 -119.161    677.6    934.4
     1     1    17     8    27    18     0     0   -10.0   46.189 -119.152    672.2    934.8
     1     1    17     8    27    17     0     0   -11.0   46.183 -119.131    670.1    935.2
     1     1    17     8    27    16     0     0   -12.0   46.169 -119.095    665.9    935.0
     1     1    17     8    27    15     0     0   -13.0   46.142 -119.030    658.9    936.4
     1     1    17     8    27    14     0     0   -14.0   46.104 -118.951    655.0    936.8
     1     1    17     8    27    13     0     0   -15.0   46.062 -118.874    648.5    937.0
     1     1    17     8    27    12     0     0   -16.0   46.062 -118.808    639.4    938.8
     1     1    17     8    27    11     0     0   -17.0   46.056 -118.760    637.1    939.3
     1     1    17     8    27    10     0     0   -18.0   46.024 -118.713    639.5    938.1
     1     1    17     8    27     9     0     0   -19.0   46.015 -118.656    637.2    938.9
     1     1    17     8    27     8     0     0   -20.0   46.013 -118.591    626.5    939.2
     1     1    17     8    27     7     0     0   -21.0   46.027 -118.529    615.3    942.1
     1     1    17     8    27     6     0     0   -22.0   46.044 -118.519    616.5    942.0
     1     1    17     8    27     5     0     0   -23.0   46.036 -118.526    618.4    940.4
     1     1    17     8    27     4     0     0   -24.0   46.048 -118.487    616.2    941.1
     1     1    17     8    27     3     0     0   -25.0   46.073 -118.418    606.9    942.7
     1     1    17     8    27     2     0     0   -26.0   46.083 -118.341    601.1    942.2
     1     1    17     8    27     1     0     0   -27.0   46.092 -118.278    598.5    944.0
     1     1    17     8    27     0     0     0   -28.0   46.085 -118.229    604.4    942.2
     1     1    17     8    26    23     0     0   -29.0   46.095 -118.181    602.9    942.2
     1     1    17     8    26    22     0     0   -30.0   46.130 -118.125    607.0    943.0
     1     1    17     8    26    21     0     0   -31.0   46.139 -118.116    608.6    940.9
     1     1    17     8    26    20     0     0   -32.0   46.124 -118.146    603.5    943.0
     1     1    17     8    26    19     0     0   -33.0   46.114 -118.120    599.7    942.6
     1     1    17     8    26    18     0     0   -34.0   46.142 -118.058    594.2    942.5
     1     1    17     8    26    17     0     0   -35.0   46.208 -118.007    579.6    946.4
     1     1    17     8    26    16     0     0   -36.0   46.279 -117.944    590.4    944.4
