     1     1
    SITE    10     3     1     0     0
     1 BACKWARD OMEGA   
    17     8    22     2   46.392 -119.412   700.0
     1 PRESSURE
     1     1    17     8    22     2     0     0     0.0   46.392 -119.412    700.0    931.4
     1     1    17     8    22     1     0     0    -1.0   46.376 -119.391    698.6    931.6
     1     1    17     8    22     0     0     0    -2.0   46.355 -119.354    690.9    932.1
     1     1    17     8    21    23     0     0    -3.0   46.365 -119.296    690.5    933.5
     1     1    17     8    21    22     0     0    -4.0   46.381 -119.314    689.6    932.1
     1     1    17     8    21    21     0     0    -5.0   46.377 -119.384    686.4    933.4
     1     1    17     8    21    20     0     0    -6.0   46.345 -119.415    683.2    933.1
     1     1    17     8    21    19     0     0    -7.0   46.344 -119.433    685.8    935.4
     1     1    17     8    21    18     0     0    -8.0   46.411 -119.475    700.0    930.7
     1     1    17     8    21    17     0     0    -9.0   46.444 -119.553    698.2    931.2
     1     1    17     8    21    16     0     0   -10.0   46.470 -119.630    697.7    932.2
     1     1    17     8    21    15     0     0   -11.0   46.474 -119.661    698.9    930.1
     1     1    17     8    21    14     0     0   -12.0   46.412 -119.662    689.3    934.1
     1     1    17     8    21    13     0     0   -13.0   46.394 -119.606    693.6    932.9
     1     1    17     8    21    12     0     0   -14.0   46.383 -119.529    680.5    932.4
     1     1    17     8    21    11     0     0   -15.0   46.360 -119.439    678.7    934.9
     1     1    17     8    21    10     0     0   -16.0   46.374 -119.361    680.7    933.9
     1     1    17     8    21     9     0     0   -17.0   46.391 -119.322    682.6    932.9
     1     1    17     8    21     8     0     0   -18.0   46.389 -119.270    685.2    933.8
     1     1    17     8    21     7     0     0   -19.0   46.385 -119.200    694.5    932.2
     1     1    17     8    21     6     0     0   -20.0   46.392 -119.145    696.3    930.9
     1     1    17     8    21     5     0     0   -21.0   46.397 -119.115    690.7    932.7
     1     1    17     8    21     4     0     0   -22.0   46.383 -119.107    692.7    932.9
     1     1    17     8    21     3     0     0   -23.0   46.351 -119.078    683.5    931.9
     1     1    17     8    21     2     0     0   -24.0   46.320 -119.058    679.3    935.1
     1     1    17     8    21     1     0     0   -25.0   46.304 -119.033    670.4    933.1
     1     1    17     8    21     0     0     0   -26.0   46.271 -118.996    655.5    936.1
     1     1    17     8    20    23     0     0   -27.0   46.223 -119.001    644.0    939.1
     1     1    17     8    20    22     0     0   -28.0   46.229 -119.030    643.6    938.7
     1     1    17     8    20    21     0     0   -29.0   46.270 -119.044    647.4    938.4
     1     1    17     8    20    20     0     0   -30.0   46.269 -119.039    651.9    936.6
     1     1    17     8    20    19     0     0   -31.0   46.231 -119.013    649.7    937.4
     1     1    17     8    20    18     0     0   -32.0   46.195 -118.908    652.9    938.9
     1     1    17     8    20    17     0     0   -33.0   46.162 -118.744    659.1    937.4
     1     1    17     8    20    16     0     0   -34.0   46.139 -118.578    642.5    937.6
     1     1    17     8    20    15     0     0   -35.0   46.109 -118.420    629.3    939.2
     1     1    17     8    20    14     0     0   -36.0   46.038 -118.368    618.1    941.9
     1     1    17     8    20    13     0     0   -37.0   45.955 -118.414    636.1    939.5
     1     1    17     8    20    12     0     0   -38.0   45.890 -118.423    645.2    937.8
     1     1    17     8    20    11     0     0   -39.0   45.836 -118.423    639.4    938.7
     1     1    17     8    20    10     0     0   -40.0   45.781 -118.449    633.9    939.4
     1     1    17     8    20     9     0     0   -41.0   45.735 -118.478    640.3    939.8
     1     1    17     8    20     8     0     0   -42.0   45.683 -118.482    634.8    936.6
     1     1    17     8    20     7     0     0   -43.0   45.613 -118.453    619.8    941.3
     1     1    17     8    20     6     0     0   -44.0   45.538 -118.420    625.2    940.8
     1     1    17     8    20     5     0     0   -45.0   45.455 -118.415    632.2    939.1
