     1     1
    SITE    10     3     1     0     0
     1 BACKWARD OMEGA   
    17     8    28    23   46.392 -119.412   700.0
     1 PRESSURE
     1     1    17     8    28    23     0     0     0.0   46.392 -119.412    700.0    931.4
     1     1    17     8    28    22     0     0    -1.0   46.363 -119.395    692.9    932.2
     1     1    17     8    28    21     0     0    -2.0   46.338 -119.359    680.2    934.2
     1     1    17     8    28    20     0     0    -3.0   46.313 -119.387    678.5    934.7
     1     1    17     8    28    19     0     0    -4.0   46.276 -119.429    685.5    932.7
     1     1    17     8    28    18     0     0    -5.0   46.289 -119.478    691.2    932.7
     1     1    17     8    28    17     0     0    -6.0   46.373 -119.569    691.0    932.8
     1     1    17     8    28    16     0     0    -7.0   46.462 -119.616    676.5    933.7
     1     1    17     8    28    15     0     0    -8.0   46.552 -119.634    666.0    935.2
     1     1    17     8    28    14     0     0    -9.0   46.552 -119.641    662.3    936.1
     1     1    17     8    28    13     0     0   -10.0   46.458 -119.654    647.0    937.6
     1     1    17     8    28    12     0     0   -11.0   46.448 -119.623    632.2    939.7
     1     1    17     8    28    11     0     0   -12.0   46.530 -119.575    643.2    937.3
     1     1    17     8    28    10     0     0   -13.0   46.528 -119.578    632.1    939.5
     1     1    17     8    28     9     0     0   -14.0   46.537 -119.603    628.3    940.7
     1     1    17     8    28     8     0     0   -15.0   46.544 -119.633    640.3    938.5
     1     1    17     8    28     7     0     0   -16.0   46.483 -119.606    631.6    940.0
     1     1    17     8    28     6     0     0   -17.0   46.441 -119.608    632.8    939.2
     1     1    17     8    28     5     0     0   -18.0   46.399 -119.584    622.6    940.7
     1     1    17     8    28     4     0     0   -19.0   46.359 -119.518    616.8    941.2
     1     1    17     8    28     3     0     0   -20.0   46.312 -119.556    622.3    941.1
     1     1    17     8    28     2     0     0   -21.0   46.305 -119.583    627.7    939.7
     1     1    17     8    28     1     0     0   -22.0   46.311 -119.537    623.6    940.4
     1     1    17     8    28     0     0     0   -23.0   46.290 -119.478    620.9    940.8
     1     1    17     8    27    23     0     0   -24.0   46.258 -119.418    619.4    941.3
     1     1    17     8    27    22     0     0   -25.0   46.237 -119.350    627.4    940.7
     1     1    17     8    27    21     0     0   -26.0   46.223 -119.289    637.6    938.0
     1     1    17     8    27    20     0     0   -27.0   46.195 -119.262    639.1    938.5
     1     1    17     8    27    19     0     0   -28.0   46.168 -119.264    636.0    938.4
     1     1    17     8    27    18     0     0   -29.0   46.155 -119.256    627.0    940.0
     1     1    17     8    27    17     0     0   -30.0   46.150 -119.235    619.8    941.0
     1     1    17     8    27    16     0     0   -31.0   46.137 -119.199    616.0    941.5
     1     1    17     8    27    15     0     0   -32.0   46.110 -119.133    617.9    941.5
     1     1    17     8    27    14     0     0   -33.0   46.071 -119.054    623.9    939.9
     1     1    17     8    27    13     0     0   -34.0   46.030 -118.975    627.2    940.2
     1     1    17     8    27    12     0     0   -35.0   46.031 -118.909    622.8    939.6
     1     1    17     8    27    11     0     0   -36.0   46.027 -118.857    621.9    941.3
     1     1    17     8    27    10     0     0   -37.0   45.993 -118.808    627.4    941.2
     1     1    17     8    27     9     0     0   -38.0   45.984 -118.751    633.8    938.7
     1     1    17     8    27     8     0     0   -39.0   45.982 -118.688    620.5    939.4
     1     1    17     8    27     7     0     0   -40.0   45.996 -118.627    604.4    943.4
     1     1    17     8    27     6     0     0   -41.0   46.014 -118.617    604.7    943.1
     1     1    17     8    27     5     0     0   -42.0   46.006 -118.624    607.5    941.8
     1     1    17     8    27     4     0     0   -43.0   46.017 -118.587    615.0    942.1
     1     1    17     8    27     3     0     0   -44.0   46.040 -118.519    614.0    940.4
     1     1    17     8    27     2     0     0   -45.0   46.051 -118.442    608.3    942.5
     1     1    17     8    27     1     0     0   -46.0   46.060 -118.375    612.3    942.5
     1     1    17     8    27     0     0     0   -47.0   46.054 -118.326    618.5    940.4
     1     1    17     8    26    23     0     0   -48.0   46.065 -118.279    625.1    941.1
     1     1    17     8    26    22     0     0   -49.0   46.100 -118.225    637.3    938.8
     1     1    17     8    26    21     0     0   -50.0   46.110 -118.216    639.0    937.4
     1     1    17     8    26    20     0     0   -51.0   46.095 -118.247    637.2    938.9
     1     1    17     8    26    19     0     0   -52.0   46.084 -118.223    631.6    939.2
     1     1    17     8    26    18     0     0   -53.0   46.113 -118.163    614.2    940.8
     1     1    17     8    26    17     0     0   -54.0   46.177 -118.111    607.4    943.5
     1     1    17     8    26    16     0     0   -55.0   46.246 -118.046    617.6    941.5
     1     1    17     8    26    15     0     0   -56.0   46.320 -117.982    632.3    939.2
     1     1    17     8    26    14     0     0   -57.0   46.351 -117.905    633.0    939.3
