     1     1
    SITE    10     3     1     0     0
     1 BACKWARD OMEGA   
    17     8    16    10   46.392 -119.412   700.0
     1 PRESSURE
     1     1    17     8    16    10     0     0     0.0   46.392 -119.412    700.0    931.4
     1     1    17     8    16     9     0     0    -1.0   46.312 -119.412    712.1    930.0
     1     1    17     8    16     8     0     0    -2.0   46.245 -119.401    712.7    930.2
     1     1    17     8    16     7     0     0    -3.0   46.186 -119.372    717.6    929.4
     1     1    17     8    16     6     0     0    -4.0   46.160 -119.334    722.8    928.6
     1     1    17     8    16     5     0     0    -5.0   46.128 -119.308    716.9    928.0
     1     1    17     8    16     4     0     0    -6.0   46.055 -119.286    711.2    930.5
     1     1    17     8    16     3     0     0    -7.0   45.974 -119.263    702.8    930.3
     1     1    17     8    16     2     0     0    -8.0   45.890 -119.256    686.7    933.6
     1     1    17     8    16     1     0     0    -9.0   45.831 -119.245    689.6    932.7
     1     1    17     8    16     0     0     0   -10.0   45.797 -119.236    693.7    932.0
     1     1    17     8    15    23     0     0   -11.0   45.777 -119.205    697.8    932.0
     1     1    17     8    15    22     0     0   -12.0   45.786 -119.214    712.1    930.4
     1     1    17     8    15    21     0     0   -13.0   45.749 -119.249    728.1    927.8
     1     1    17     8    15    20     0     0   -14.0   45.642 -119.249    738.8    927.7
     1     1    17     8    15    19     0     0   -15.0   45.536 -119.232    774.7    923.3
     1     1    17     8    15    18     0     0   -16.0   45.443 -119.160    805.1    918.7
