     1     1
    SITE    10     3     1     0     0
     1 BACKWARD OMEGA   
    17     8    26    22   46.392 -119.412   700.0
     1 PRESSURE
     1     1    17     8    26    22     0     0     0.0   46.392 -119.412    700.0    931.4
     1     1    17     8    26    21     0     0    -1.0   46.400 -119.401    701.7    931.2
     1     1    17     8    26    20     0     0    -2.0   46.385 -119.431    704.8    930.6
     1     1    17     8    26    19     0     0    -3.0   46.375 -119.405    704.3    930.6
     1     1    17     8    26    18     0     0    -4.0   46.404 -119.345    705.4    931.9
     1     1    17     8    26    17     0     0    -5.0   46.470 -119.293    704.7    928.9
     1     1    17     8    26    16     0     0    -6.0   46.541 -119.230    699.6    931.5
     1     1    17     8    26    15     0     0    -7.0   46.613 -119.168    710.7    930.5
     1     1    17     8    26    14     0     0    -8.0   46.645 -119.090    713.5    929.6
     1     1    17     8    26    13     0     0    -9.0   46.651 -118.990    715.0    931.1
     1     1    17     8    26    12     0     0   -10.0   46.668 -118.885    719.1    929.6
     1     1    17     8    26    11     0     0   -11.0   46.669 -118.791    727.1    927.8
     1     1    17     8    26    10     0     0   -12.0   46.677 -118.713    718.9    928.5
     1     1    17     8    26     9     0     0   -13.0   46.700 -118.648    716.7    931.5
     1     1    17     8    26     8     0     0   -14.0   46.716 -118.595    719.1    927.7
     1     1    17     8    26     7     0     0   -15.0   46.733 -118.536    713.5    930.5
     1     1    17     8    26     6     0     0   -16.0   46.739 -118.476    721.2    929.9
     1     1    17     8    26     5     0     0   -17.0   46.732 -118.450    728.8    927.3
     1     1    17     8    26     4     0     0   -18.0   46.745 -118.400    721.4    928.1
     1     1    17     8    26     3     0     0   -19.0   46.772 -118.314    722.5    928.8
     1     1    17     8    26     2     0     0   -20.0   46.779 -118.250    721.7    928.5
     1     1    17     8    26     1     0     0   -21.0   46.757 -118.217    721.8    929.2
     1     1    17     8    26     0     0     0   -22.0   46.754 -118.225    716.0    928.6
     1     1    17     8    25    23     0     0   -23.0   46.756 -118.243    711.9    930.2
     1     1    17     8    25    22     0     0   -24.0   46.752 -118.236    710.7    930.2
     1     1    17     8    25    21     0     0   -25.0   46.749 -118.200    709.4    930.4
     1     1    17     8    25    20     0     0   -26.0   46.731 -118.151    713.1    930.3
     1     1    17     8    25    19     0     0   -27.0   46.700 -118.075    714.9    929.0
     1     1    17     8    25    18     0     0   -28.0   46.652 -117.972    736.6    928.3
