     1     1
    SITE    10     3     1     0     0
     1 BACKWARD OMEGA   
    17     8     7     0   46.392 -119.412   700.0
     1 PRESSURE
     1     1    17     8     7     0     0     0     0.0   46.392 -119.412    700.0    931.4
     1     1    17     8     6    23     0     0    -1.0   46.359 -119.334    693.7    932.2
     1     1    17     8     6    22     0     0    -2.0   46.373 -119.258    691.8    933.3
     1     1    17     8     6    21     0     0    -3.0   46.379 -119.260    681.3    934.4
     1     1    17     8     6    20     0     0    -4.0   46.343 -119.289    680.0    934.4
     1     1    17     8     6    19     0     0    -5.0   46.349 -119.258    684.2    933.1
     1     1    17     8     6    18     0     0    -6.0   46.367 -119.278    678.5    933.7
     1     1    17     8     6    17     0     0    -7.0   46.362 -119.370    678.3    933.4
     1     1    17     8     6    16     0     0    -8.0   46.389 -119.386    681.3    934.7
     1     1    17     8     6    15     0     0    -9.0   46.401 -119.310    688.2    930.3
     1     1    17     8     6    14     0     0   -10.0   46.413 -119.230    670.3    935.0
     1     1    17     8     6    13     0     0   -11.0   46.416 -119.156    656.6    937.7
     1     1    17     8     6    12     0     0   -12.0   46.377 -119.082    646.2    936.0
     1     1    17     8     6    11     0     0   -13.0   46.332 -119.025    617.0    941.1
     1     1    17     8     6    10     0     0   -14.0   46.313 -118.968    612.6    944.0
     1     1    17     8     6     9     0     0   -15.0   46.327 -118.896    624.7    939.0
     1     1    17     8     6     8     0     0   -16.0   46.321 -118.823    623.3    940.3
     1     1    17     8     6     7     0     0   -17.0   46.347 -118.735    615.5    940.5
     1     1    17     8     6     6     0     0   -18.0   46.372 -118.651    609.1    942.3
     1     1    17     8     6     5     0     0   -19.0   46.350 -118.602    615.9    941.6
     1     1    17     8     6     4     0     0   -20.0   46.326 -118.600    625.7    940.3
     1     1    17     8     6     3     0     0   -21.0   46.294 -118.604    634.3    938.8
     1     1    17     8     6     2     0     0   -22.0   46.268 -118.579    636.9    938.3
     1     1    17     8     6     1     0     0   -23.0   46.230 -118.553    643.6    939.2
     1     1    17     8     6     0     0     0   -24.0   46.180 -118.561    654.4    936.6
     1     1    17     8     5    23     0     0   -25.0   46.194 -118.540    687.9    936.2
     1     1    17     8     5    22     0     0   -26.0   46.225 -118.485    715.4    928.0
     1     1    17     8     5    21     0     0   -27.0   46.209 -118.455    721.4    928.2
     1     1    17     8     5    20     0     0   -28.0   46.155 -118.467    719.3    928.8
     1     1    17     8     5    19     0     0   -29.0   46.081 -118.513    700.3    931.0
     1     1    17     8     5    18     0     0   -30.0   46.014 -118.517    693.1    932.5
     1     1    17     8     5    17     0     0   -31.0   46.003 -118.444    712.2    930.9
     1     1    17     8     5    16     0     0   -32.0   46.043 -118.329    747.2    926.3
     1     1    17     8     5    15     0     0   -33.0   46.087 -118.207    761.6    924.4
     1     1    17     8     5    14     0     0   -34.0   46.136 -118.087    776.0    922.5
     1     1    17     8     5    13     0     0   -35.0   46.172 -117.970    782.7    921.9
