     1     1
    SITE    10     3     1     0     0
     1 BACKWARD OMEGA   
    17     8     3    23   46.392 -119.412   700.0
     1 PRESSURE
     1     1    17     8     3    23     0     0     0.0   46.392 -119.412    700.0    931.4
     1     1    17     8     3    22     0     0    -1.0   46.323 -119.423    691.1    932.5
     1     1    17     8     3    21     0     0    -2.0   46.247 -119.390    691.9    932.2
     1     1    17     8     3    20     0     0    -3.0   46.153 -119.369    699.0    931.7
     1     1    17     8     3    19     0     0    -4.0   46.050 -119.386    713.7    930.5
     1     1    17     8     3    18     0     0    -5.0   45.953 -119.360    719.7    929.1
     1     1    17     8     3    17     0     0    -6.0   45.912 -119.254    734.1    928.4
     1     1    17     8     3    16     0     0    -7.0   45.946 -119.125    762.8    923.8
     1     1    17     8     3    15     0     0    -8.0   45.991 -119.017    753.9    924.7
     1     1    17     8     3    14     0     0    -9.0   45.968 -118.957    738.5    927.5
     1     1    17     8     3    13     0     0   -10.0   45.960 -118.916    760.5    925.0
     1     1    17     8     3    12     0     0   -11.0   46.020 -118.840    771.1    920.4
     1     1    17     8     3    11     0     0   -12.0   46.053 -118.878    756.6    925.0
     1     1    17     8     3    10     0     0   -13.0   46.019 -118.963    758.2    925.3
     1     1    17     8     3     9     0     0   -14.0   45.960 -118.965    761.1    924.1
     1     1    17     8     3     8     0     0   -15.0   45.925 -118.936    761.9    925.6
     1     1    17     8     3     7     0     0   -16.0   45.899 -118.906    771.4    922.7
     1     1    17     8     3     6     0     0   -17.0   45.894 -118.910    776.3    922.9
     1     1    17     8     3     5     0     0   -18.0   45.889 -118.920    780.7    922.1
     1     1    17     8     3     4     0     0   -19.0   45.901 -118.885    786.2    921.8
     1     1    17     8     3     3     0     0   -20.0   45.958 -118.835    794.3    922.6
     1     1    17     8     3     2     0     0   -21.0   46.023 -118.803    800.8    918.6
     1     1    17     8     3     1     0     0   -22.0   46.052 -118.740    802.8    920.7
     1     1    17     8     3     0     0     0   -23.0   46.031 -118.705    817.9    917.4
     1     1    17     8     2    23     0     0   -24.0   46.008 -118.677    822.8    917.6
     1     1    17     8     2    22     0     0   -25.0   45.977 -118.635    823.6    917.3
     1     1    17     8     2    21     0     0   -26.0   45.976 -118.650    827.1    916.7
     1     1    17     8     2    20     0     0   -27.0   45.993 -118.625    829.9    916.7
     1     1    17     8     2    19     0     0   -28.0   46.021 -118.597    839.3    914.6
     1     1    17     8     2    18     0     0   -29.0   46.120 -118.601    830.0    916.9
     1     1    17     8     2    17     0     0   -30.0   46.257 -118.556    826.7    917.3
     1     1    17     8     2    16     0     0   -31.0   46.403 -118.471    845.5    914.9
     1     1    17     8     2    15     0     0   -32.0   46.534 -118.363    850.0    914.9
     1     1    17     8     2    14     0     0   -33.0   46.656 -118.262    862.7    913.9
     1     1    17     8     2    13     0     0   -34.0   46.784 -118.172    855.3    912.6
     1     1    17     8     2    12     0     0   -35.0   46.846 -118.022    836.3    917.1
     1     1    17     8     2    11     0     0   -36.0   46.926 -117.885    897.2    908.6
