     1     1
    SITE    10     3     1     0     0
     1 BACKWARD OMEGA   
    17     8    13     9   46.392 -119.412   700.0
     1 PRESSURE
     1     1    17     8    13     9     0     0     0.0   46.392 -119.412    700.0    931.4
     1     1    17     8    13     8     0     0    -1.0   46.182 -119.539    714.7    929.6
     1     1    17     8    13     7     0     0    -2.0   46.003 -119.589    685.8    933.3
     1     1    17     8    13     6     0     0    -3.0   45.861 -119.589    681.1    933.6
     1     1    17     8    13     5     0     0    -4.0   45.806 -119.644    693.8    932.2
     1     1    17     8    13     4     0     0    -5.0   45.844 -119.773    700.1    932.0
     1     1    17     8    13     3     0     0    -6.0   45.883 -119.901    709.7    930.5
     1     1    17     8    13     2     0     0    -7.0   45.872 -119.978    723.4    928.2
     1     1    17     8    13     1     0     0    -8.0   45.824 -120.018    735.3    928.3
     1     1    17     8    13     0     0     0    -9.0   45.754 -120.022    735.4    926.9
     1     1    17     8    12    23     0     0   -10.0   45.699 -120.095    737.2    927.7
     1     1    17     8    12    22     0     0   -11.0   45.691 -120.285    746.8    926.7
     1     1    17     8    12    21     0     0   -12.0   45.776 -120.500    776.2    923.6
     1     1    17     8    12    20     0     0   -13.0   45.814 -120.706    792.8    920.1
