     1     1
    SITE    10     3     1     0     0
     1 BACKWARD OMEGA   
    17     8     8     5   46.392 -119.412   700.0
     1 PRESSURE
     1     1    17     8     8     5     0     0     0.0   46.392 -119.412    700.0    931.4
     1     1    17     8     8     4     0     0    -1.0   46.389 -119.382    696.7    931.8
     1     1    17     8     8     3     0     0    -2.0   46.404 -119.337    695.4    932.0
     1     1    17     8     8     2     0     0    -3.0   46.394 -119.328    692.8    932.2
     1     1    17     8     8     1     0     0    -4.0   46.367 -119.341    690.7    932.4
     1     1    17     8     8     0     0     0    -5.0   46.321 -119.346    705.3    932.9
     1     1    17     8     7    23     0     0    -6.0   46.271 -119.368    723.8    927.6
     1     1    17     8     7    22     0     0    -7.0   46.241 -119.418    731.6    927.8
     1     1    17     8     7    21     0     0    -8.0   46.214 -119.442    740.2    927.0
     1     1    17     8     7    20     0     0    -9.0   46.171 -119.436    743.9    926.0
     1     1    17     8     7    19     0     0   -10.0   46.105 -119.428    750.5    926.6
     1     1    17     8     7    18     0     0   -11.0   46.021 -119.401    766.8    923.0
     1     1    17     8     7    17     0     0   -12.0   45.932 -119.364    763.7    924.0
     1     1    17     8     7    16     0     0   -13.0   45.841 -119.311    780.2    922.4
     1     1    17     8     7    15     0     0   -14.0   45.762 -119.228    766.5    923.8
     1     1    17     8     7    14     0     0   -15.0   45.689 -119.156    743.1    926.2
     1     1    17     8     7    13     0     0   -16.0   45.623 -119.099    745.1    926.4
     1     1    17     8     7    12     0     0   -17.0   45.568 -119.067    743.4    926.1
     1     1    17     8     7    11     0     0   -18.0   45.555 -119.032    739.0    927.9
     1     1    17     8     7    10     0     0   -19.0   45.584 -118.958    737.5    927.1
     1     1    17     8     7     9     0     0   -20.0   45.620 -118.880    725.5    927.1
     1     1    17     8     7     8     0     0   -21.0   45.642 -118.791    708.9    931.3
     1     1    17     8     7     7     0     0   -22.0   45.640 -118.719    706.9    931.0
     1     1    17     8     7     6     0     0   -23.0   45.627 -118.703    712.0    929.3
     1     1    17     8     7     5     0     0   -24.0   45.623 -118.667    698.0    930.1
     1     1    17     8     7     4     0     0   -25.0   45.603 -118.611    691.1    932.8
     1     1    17     8     7     3     0     0   -26.0   45.578 -118.565    684.2    932.2
     1     1    17     8     7     2     0     0   -27.0   45.562 -118.531    678.4    933.8
     1     1    17     8     7     1     0     0   -28.0   45.521 -118.498    688.0    934.5
     1     1    17     8     7     0     0     0   -29.0   45.476 -118.431    710.4    928.7
     1     1    17     8     6    23     0     0   -30.0   45.445 -118.356    713.9    929.3
     1     1    17     8     6    22     0     0   -31.0   45.458 -118.284    705.1    929.5
     1     1    17     8     6    21     0     0   -32.0   45.464 -118.287    710.8    933.0
     1     1    17     8     6    20     0     0   -33.0   45.430 -118.315    714.2    930.3
     1     1    17     8     6    19     0     0   -34.0   45.437 -118.284    720.8    929.1
     1     1    17     8     6    18     0     0   -35.0   45.457 -118.302    720.9    928.1
     1     1    17     8     6    17     0     0   -36.0   45.452 -118.391    718.2    928.8
     1     1    17     8     6    16     0     0   -37.0   45.479 -118.407    702.6    930.1
     1     1    17     8     6    15     0     0   -38.0   45.492 -118.333    681.4    933.4
     1     1    17     8     6    14     0     0   -39.0   45.503 -118.252    693.0    934.5
     1     1    17     8     6    13     0     0   -40.0   45.506 -118.180    702.1    929.3
     1     1    17     8     6    12     0     0   -41.0   45.466 -118.108    695.7    931.6
