     1     1
    SITE    10     3     1     0     0
     1 BACKWARD OMEGA   
    17     8    11     0   46.392 -119.412   700.0
     1 PRESSURE
     1     1    17     8    11     0     0     0     0.0   46.392 -119.412    700.0    931.4
     1     1    17     8    10    23     0     0    -1.0   46.351 -119.400    696.1    931.9
     1     1    17     8    10    22     0     0    -2.0   46.313 -119.446    686.9    933.5
     1     1    17     8    10    21     0     0    -3.0   46.302 -119.469    689.3    932.2
     1     1    17     8    10    20     0     0    -4.0   46.309 -119.475    688.0    932.9
     1     1    17     8    10    19     0     0    -5.0   46.301 -119.539    679.4    932.7
     1     1    17     8    10    18     0     0    -6.0   46.290 -119.513    682.7    934.4
     1     1    17     8    10    17     0     0    -7.0   46.323 -119.378    706.4    930.8
     1     1    17     8    10    16     0     0    -8.0   46.367 -119.244    726.2    928.6
     1     1    17     8    10    15     0     0    -9.0   46.405 -119.113    727.7    927.2
     1     1    17     8    10    14     0     0   -10.0   46.442 -118.991    717.7    929.2
     1     1    17     8    10    13     0     0   -11.0   46.475 -118.882    720.2    929.6
     1     1    17     8    10    12     0     0   -12.0   46.491 -118.784    726.0    927.5
     1     1    17     8    10    11     0     0   -13.0   46.518 -118.705    726.4    930.6
     1     1    17     8    10    10     0     0   -14.0   46.531 -118.644    736.5    925.8
     1     1    17     8    10     9     0     0   -15.0   46.494 -118.571    729.3    927.4
     1     1    17     8    10     8     0     0   -16.0   46.428 -118.499    720.5    929.7
     1     1    17     8    10     7     0     0   -17.0   46.369 -118.453    718.7    929.3
     1     1    17     8    10     6     0     0   -18.0   46.357 -118.405    727.8    929.3
     1     1    17     8    10     5     0     0   -19.0   46.375 -118.360    728.6    926.6
     1     1    17     8    10     4     0     0   -20.0   46.377 -118.354    718.9    929.5
     1     1    17     8    10     3     0     0   -21.0   46.353 -118.346    721.4    929.8
     1     1    17     8    10     2     0     0   -22.0   46.342 -118.303    727.1    928.4
     1     1    17     8    10     1     0     0   -23.0   46.368 -118.259    732.0    927.7
     1     1    17     8    10     0     0     0   -24.0   46.379 -118.267    734.3    927.1
     1     1    17     8     9    23     0     0   -25.0   46.352 -118.259    728.5    928.9
     1     1    17     8     9    22     0     0   -26.0   46.317 -118.217    736.6    927.4
     1     1    17     8     9    21     0     0   -27.0   46.277 -118.204    741.8    926.4
     1     1    17     8     9    20     0     0   -28.0   46.245 -118.251    753.7    926.1
     1     1    17     8     9    19     0     0   -29.0   46.245 -118.228    724.9    928.1
     1     1    17     8     9    18     0     0   -30.0   46.286 -118.107    715.3    930.3
     1     1    17     8     9    17     0     0   -31.0   46.338 -117.992    721.8    928.6
