     1     1
    SITE    10     3     1     0     0
     1 BACKWARD OMEGA   
    17     8    25     3   46.392 -119.412   700.0
     1 PRESSURE
     1     1    17     8    25     3     0     0     0.0   46.392 -119.412    700.0    931.4
     1     1    17     8    25     2     0     0    -1.0   46.351 -119.447    684.2    933.3
     1     1    17     8    25     1     0     0    -2.0   46.330 -119.499    681.6    935.0
     1     1    17     8    25     0     0     0    -3.0   46.300 -119.541    692.9    932.1
     1     1    17     8    24    23     0     0    -4.0   46.266 -119.588    696.5    931.1
     1     1    17     8    24    22     0     0    -5.0   46.297 -119.721    693.1    932.2
     1     1    17     8    24    21     0     0    -6.0   46.406 -119.928    657.9    936.8
     1     1    17     8    24    20     0     0    -7.0   46.557 -120.159    642.4    938.9
     1     1    17     8    24    19     0     0    -8.0   46.727 -120.401    671.5    934.8
     1     1    17     8    24    18     0     0    -9.0   46.939 -120.677    659.0    936.2
