     1     1
    SITE    10     3     1     0     0
     1 BACKWARD OMEGA   
    17     8    11     2   46.392 -119.412   700.0
     1 PRESSURE
     1     1    17     8    11     2     0     0     0.0   46.392 -119.412    700.0    931.4
     1     1    17     8    11     1     0     0    -1.0   46.370 -119.361    697.4    931.7
     1     1    17     8    11     0     0     0    -2.0   46.347 -119.332    696.6    931.9
     1     1    17     8    10    23     0     0    -3.0   46.306 -119.320    695.6    931.9
     1     1    17     8    10    22     0     0    -4.0   46.269 -119.365    688.8    932.3
     1     1    17     8    10    21     0     0    -5.0   46.258 -119.388    686.2    934.2
     1     1    17     8    10    20     0     0    -6.0   46.266 -119.393    692.2    932.3
     1     1    17     8    10    19     0     0    -7.0   46.259 -119.455    689.6    932.0
     1     1    17     8    10    18     0     0    -8.0   46.251 -119.425    707.0    932.1
     1     1    17     8    10    17     0     0    -9.0   46.282 -119.293    718.3    929.6
     1     1    17     8    10    16     0     0   -10.0   46.325 -119.161    745.8    926.7
     1     1    17     8    10    15     0     0   -11.0   46.363 -119.032    765.4    923.0
     1     1    17     8    10    14     0     0   -12.0   46.401 -118.908    753.6    925.1
     1     1    17     8    10    13     0     0   -13.0   46.436 -118.799    751.7    925.7
     1     1    17     8    10    12     0     0   -14.0   46.451 -118.701    749.5    925.5
     1     1    17     8    10    11     0     0   -15.0   46.477 -118.622    743.5    926.1
     1     1    17     8    10    10     0     0   -16.0   46.490 -118.562    734.7    927.3
     1     1    17     8    10     9     0     0   -17.0   46.454 -118.487    727.5    928.6
     1     1    17     8    10     8     0     0   -18.0   46.388 -118.416    726.2    928.0
     1     1    17     8    10     7     0     0   -19.0   46.331 -118.370    724.2    928.5
     1     1    17     8    10     6     0     0   -20.0   46.319 -118.320    728.0    929.5
     1     1    17     8    10     5     0     0   -21.0   46.337 -118.274    728.9    926.9
     1     1    17     8    10     4     0     0   -22.0   46.339 -118.268    723.3    929.1
     1     1    17     8    10     3     0     0   -23.0   46.315 -118.259    726.5    928.8
     1     1    17     8    10     2     0     0   -24.0   46.303 -118.216    729.0    928.0
     1     1    17     8    10     1     0     0   -25.0   46.330 -118.172    727.5    927.9
     1     1    17     8    10     0     0     0   -26.0   46.341 -118.180    725.0    928.9
     1     1    17     8     9    23     0     0   -27.0   46.315 -118.172    722.6    930.2
     1     1    17     8     9    22     0     0   -28.0   46.279 -118.130    733.5    927.2
     1     1    17     8     9    21     0     0   -29.0   46.240 -118.117    737.5    926.7
     1     1    17     8     9    20     0     0   -30.0   46.208 -118.163    732.0    927.1
     1     1    17     8     9    19     0     0   -31.0   46.207 -118.144    726.1    928.2
     1     1    17     8     9    18     0     0   -32.0   46.248 -118.023    732.5    927.3
     1     1    17     8     9    17     0     0   -33.0   46.297 -117.907    757.1    925.2
