     1     1
    SITE    10     3     1     0     0
     1 BACKWARD OMEGA   
    17     8    20    20   46.392 -119.412   700.0
     1 PRESSURE
     1     1    17     8    20    20     0     0     0.0   46.392 -119.412    700.0    931.4
     1     1    17     8    20    19     0     0    -1.0   46.354 -119.386    708.6    930.4
     1     1    17     8    20    18     0     0    -2.0   46.318 -119.278    705.8    927.9
     1     1    17     8    20    17     0     0    -3.0   46.286 -119.113    719.9    929.8
     1     1    17     8    20    16     0     0    -4.0   46.268 -118.944    710.5    929.8
     1     1    17     8    20    15     0     0    -5.0   46.242 -118.790    699.8    931.7
     1     1    17     8    20    14     0     0    -6.0   46.170 -118.736    696.6    931.8
     1     1    17     8    20    13     0     0    -7.0   46.087 -118.776    693.5    932.3
     1     1    17     8    20    12     0     0    -8.0   46.021 -118.782    694.2    932.1
     1     1    17     8    20    11     0     0    -9.0   45.968 -118.779    690.9    932.3
     1     1    17     8    20    10     0     0   -10.0   45.916 -118.805    690.9    933.5
     1     1    17     8    20     9     0     0   -11.0   45.871 -118.835    702.0    931.5
     1     1    17     8    20     8     0     0   -12.0   45.819 -118.837    721.6    929.4
     1     1    17     8    20     7     0     0   -13.0   45.746 -118.804    727.1    928.5
     1     1    17     8    20     6     0     0   -14.0   45.670 -118.770    728.9    927.6
     1     1    17     8    20     5     0     0   -15.0   45.589 -118.767    706.4    930.8
     1     1    17     8    20     4     0     0   -16.0   45.499 -118.777    684.7    932.8
     1     1    17     8    20     3     0     0   -17.0   45.406 -118.765    671.2    934.6
