     1     1
    SITE    10     3     1     0     0
     1 BACKWARD OMEGA   
    17     8     6     9   46.392 -119.412   700.0
     1 PRESSURE
     1     1    17     8     6     9     0     0     0.0   46.392 -119.412    700.0    931.4
     1     1    17     8     6     8     0     0    -1.0   46.385 -119.336    702.0    931.2
     1     1    17     8     6     7     0     0    -2.0   46.409 -119.246    710.9    932.2
     1     1    17     8     6     6     0     0    -3.0   46.434 -119.161    720.3    928.8
     1     1    17     8     6     5     0     0    -4.0   46.413 -119.115    722.1    929.4
     1     1    17     8     6     4     0     0    -5.0   46.389 -119.116    723.4    928.2
     1     1    17     8     6     3     0     0    -6.0   46.356 -119.120    721.7    928.9
     1     1    17     8     6     2     0     0    -7.0   46.331 -119.092    715.7    929.4
     1     1    17     8     6     1     0     0    -8.0   46.294 -119.066    713.7    930.2
     1     1    17     8     6     0     0     0    -9.0   46.244 -119.070    699.6    931.7
     1     1    17     8     5    23     0     0   -10.0   46.259 -119.049    702.5    932.6
     1     1    17     8     5    22     0     0   -11.0   46.291 -118.995    709.2    928.7
     1     1    17     8     5    21     0     0   -12.0   46.273 -118.964    709.9    931.1
     1     1    17     8     5    20     0     0   -13.0   46.220 -118.977    720.1    929.6
     1     1    17     8     5    19     0     0   -14.0   46.147 -119.023    730.6    928.7
     1     1    17     8     5    18     0     0   -15.0   46.079 -119.026    744.4    925.6
     1     1    17     8     5    17     0     0   -16.0   46.069 -118.954    722.0    928.5
     1     1    17     8     5    16     0     0   -17.0   46.112 -118.839    703.6    931.0
     1     1    17     8     5    15     0     0   -18.0   46.158 -118.715    698.1    931.2
     1     1    17     8     5    14     0     0   -19.0   46.205 -118.596    684.1    933.3
     1     1    17     8     5    13     0     0   -20.0   46.242 -118.477    676.1    933.8
     1     1    17     8     5    12     0     0   -21.0   46.300 -118.387    662.3    935.8
     1     1    17     8     5    11     0     0   -22.0   46.387 -118.310    628.9    940.8
     1     1    17     8     5    10     0     0   -23.0   46.479 -118.272    651.3    936.8
     1     1    17     8     5     9     0     0   -24.0   46.494 -118.277    673.3    934.7
     1     1    17     8     5     8     0     0   -25.0   46.446 -118.254    676.1    931.9
     1     1    17     8     5     7     0     0   -26.0   46.404 -118.233    667.8    935.7
     1     1    17     8     5     6     0     0   -27.0   46.363 -118.219    660.8    935.5
     1     1    17     8     5     5     0     0   -28.0   46.366 -118.174    662.6    937.7
     1     1    17     8     5     4     0     0   -29.0   46.401 -118.102    662.4    934.1
     1     1    17     8     5     3     0     0   -30.0   46.400 -118.050    647.5    937.6
     1     1    17     8     5     2     0     0   -31.0   46.361 -118.025    634.9    940.5
     1     1    17     8     5     1     0     0   -32.0   46.328 -117.991    634.5    939.2
     1     1    17     8     5     0     0     0   -33.0   46.343 -117.943    636.5    939.6
     1     1    17     8     4    23     0     0   -34.0   46.398 -117.896    641.6    938.4
