     1     1
    SITE    10     3     1     0     0
     1 BACKWARD OMEGA   
    17     8    27    19   46.392 -119.412   700.0
     1 PRESSURE
     1     1    17     8    27    19     0     0     0.0   46.392 -119.412    700.0    931.4
     1     1    17     8    27    18     0     0    -1.0   46.379 -119.403    702.7    931.1
     1     1    17     8    27    17     0     0    -2.0   46.373 -119.381    705.9    930.5
     1     1    17     8    27    16     0     0    -3.0   46.359 -119.343    702.0    930.6
     1     1    17     8    27    15     0     0    -4.0   46.333 -119.275    698.9    932.4
     1     1    17     8    27    14     0     0    -5.0   46.295 -119.195    709.0    931.1
     1     1    17     8    27    13     0     0    -6.0   46.255 -119.116    718.4    928.5
     1     1    17     8    27    12     0     0    -7.0   46.257 -119.050    730.4    928.9
     1     1    17     8    27    11     0     0    -8.0   46.252 -119.000    749.6    925.5
     1     1    17     8    27    10     0     0    -9.0   46.217 -118.951    776.5    922.4
     1     1    17     8    27     9     0     0   -10.0   46.208 -118.894    791.6    919.6
     1     1    17     8    27     8     0     0   -11.0   46.205 -118.830    783.8    920.9
     1     1    17     8    27     7     0     0   -12.0   46.218 -118.768    769.1    923.8
     1     1    17     8    27     6     0     0   -13.0   46.236 -118.757    762.6    925.4
     1     1    17     8    27     5     0     0   -14.0   46.229 -118.764    768.9    923.6
     1     1    17     8    27     4     0     0   -15.0   46.240 -118.725    783.0    923.3
     1     1    17     8    27     3     0     0   -16.0   46.265 -118.654    808.6    916.9
     1     1    17     8    27     2     0     0   -17.0   46.278 -118.576    816.0    918.3
     1     1    17     8    27     1     0     0   -18.0   46.288 -118.510    826.4    917.5
     1     1    17     8    27     0     0     0   -19.0   46.280 -118.461    828.6    916.0
     1     1    17     8    26    23     0     0   -20.0   46.290 -118.413    814.0    917.8
     1     1    17     8    26    22     0     0   -21.0   46.326 -118.358    801.6    920.3
     1     1    17     8    26    21     0     0   -22.0   46.337 -118.348    799.1    920.9
     1     1    17     8    26    20     0     0   -23.0   46.322 -118.380    798.4    919.5
     1     1    17     8    26    19     0     0   -24.0   46.312 -118.354    784.2    921.1
     1     1    17     8    26    18     0     0   -25.0   46.340 -118.293    788.4    921.9
     1     1    17     8    26    17     0     0   -26.0   46.406 -118.241    785.9    919.1
     1     1    17     8    26    16     0     0   -27.0   46.479 -118.180    763.5    923.1
     1     1    17     8    26    15     0     0   -28.0   46.553 -118.118    733.1    928.4
     1     1    17     8    26    14     0     0   -29.0   46.584 -118.040    759.5    926.0
     1     1    17     8    26    13     0     0   -30.0   46.588 -117.943    788.4    917.9
     1     1    17     8    26    12     0     0   -31.0   46.606 -117.841    775.2    922.9
