     1     1
    SITE    10     3     1     0     0
     1 BACKWARD OMEGA   
    17     8    16    11   46.392 -119.412   700.0
     1 PRESSURE
     1     1    17     8    16    11     0     0     0.0   46.392 -119.412    700.0    931.4
     1     1    17     8    16    10     0     0    -1.0   46.277 -119.443    701.0    931.3
     1     1    17     8    16     9     0     0    -2.0   46.198 -119.440    687.7    933.2
     1     1    17     8    16     8     0     0    -3.0   46.132 -119.432    691.7    932.6
     1     1    17     8    16     7     0     0    -4.0   46.074 -119.404    695.7    931.4
     1     1    17     8    16     6     0     0    -5.0   46.049 -119.366    686.2    933.2
     1     1    17     8    16     5     0     0    -6.0   46.017 -119.339    690.6    933.9
     1     1    17     8    16     4     0     0    -7.0   45.944 -119.315    697.9    930.9
     1     1    17     8    16     3     0     0    -8.0   45.860 -119.294    694.6    932.1
     1     1    17     8    16     2     0     0    -9.0   45.775 -119.291    696.2    931.7
     1     1    17     8    16     1     0     0   -10.0   45.718 -119.282    699.7    931.4
     1     1    17     8    16     0     0     0   -11.0   45.684 -119.271    695.1    931.7
     1     1    17     8    15    23     0     0   -12.0   45.663 -119.240    690.5    933.6
     1     1    17     8    15    22     0     0   -13.0   45.672 -119.249    690.8    932.2
     1     1    17     8    15    21     0     0   -14.0   45.635 -119.280    689.1    933.5
     1     1    17     8    15    20     0     0   -15.0   45.533 -119.281    702.9    932.0
     1     1    17     8    15    19     0     0   -16.0   45.429 -119.260    713.7    929.7
