     1     1
    SITE    10     3     1     0     0
     1 BACKWARD OMEGA   
    17     8    13     8   46.392 -119.412   700.0
     1 PRESSURE
     1     1    17     8    13     8     0     0     0.0   46.392 -119.412    700.0    931.4
     1     1    17     8    13     7     0     0    -1.0   46.214 -119.459    700.4    931.4
     1     1    17     8    13     6     0     0    -2.0   46.079 -119.454    706.8    930.3
     1     1    17     8    13     5     0     0    -3.0   46.023 -119.505    705.7    931.3
     1     1    17     8    13     4     0     0    -4.0   46.061 -119.632    743.1    928.4
     1     1    17     8    13     3     0     0    -5.0   46.102 -119.761    776.3    921.8
     1     1    17     8    13     2     0     0    -6.0   46.093 -119.836    768.7    923.3
     1     1    17     8    13     1     0     0    -7.0   46.044 -119.874    763.5    924.8
     1     1    17     8    13     0     0     0    -8.0   45.973 -119.876    754.3    925.0
     1     1    17     8    12    23     0     0    -9.0   45.918 -119.950    739.6    927.3
     1     1    17     8    12    22     0     0   -10.0   45.909 -120.138    724.4    927.6
     1     1    17     8    12    21     0     0   -11.0   45.995 -120.358    700.1    931.7
     1     1    17     8    12    20     0     0   -12.0   46.039 -120.564    697.7    931.2
     1     1    17     8    12    19     0     0   -13.0   45.956 -120.596    680.6    933.4
     1     1    17     8    12    18     0     0   -14.0   45.838 -120.497    681.0    934.2
     1     1    17     8    12    17     0     0   -15.0   45.694 -120.455    679.5    933.8
     1     1    17     8    12    16     0     0   -16.0   45.536 -120.393    656.9    936.3
     1     1    17     8    12    15     0     0   -17.0   45.399 -120.231    613.2    941.9
