     1     1
    SITE    10     3     1     0     0
     1 BACKWARD OMEGA   
    17     8     9     8   46.392 -119.412   700.0
     1 PRESSURE
     1     1    17     8     9     8     0     0     0.0   46.392 -119.412    700.0    931.4
     1     1    17     8     9     7     0     0    -1.0   46.388 -119.368    695.6    931.9
     1     1    17     8     9     6     0     0    -2.0   46.368 -119.312    698.5    932.3
     1     1    17     8     9     5     0     0    -3.0   46.353 -119.287    704.1    930.7
     1     1    17     8     9     4     0     0    -4.0   46.338 -119.270    694.8    930.7
     1     1    17     8     9     3     0     0    -5.0   46.314 -119.245    678.2    935.1
     1     1    17     8     9     2     0     0    -6.0   46.274 -119.249    661.0    934.9
     1     1    17     8     9     1     0     0    -7.0   46.282 -119.200    646.6    939.4
     1     1    17     8     9     0     0     0    -8.0   46.276 -119.159    638.4    938.5
     1     1    17     8     8    23     0     0    -9.0   46.216 -119.169    628.5    940.0
     1     1    17     8     8    22     0     0   -10.0   46.194 -119.157    627.3    940.7
     1     1    17     8     8    21     0     0   -11.0   46.189 -119.141    627.0    939.7
     1     1    17     8     8    20     0     0   -12.0   46.180 -119.187    622.9    940.6
     1     1    17     8     8    19     0     0   -13.0   46.173 -119.208    624.9    940.0
     1     1    17     8     8    18     0     0   -14.0   46.186 -119.140    623.1    940.4
     1     1    17     8     8    17     0     0   -15.0   46.225 -119.047    624.0    940.5
     1     1    17     8     8    16     0     0   -16.0   46.274 -118.947    621.1    940.9
     1     1    17     8     8    15     0     0   -17.0   46.297 -118.834    624.3    940.8
     1     1    17     8     8    14     0     0   -18.0   46.279 -118.721    625.7    939.7
     1     1    17     8     8    13     0     0   -19.0   46.236 -118.638    610.9    941.8
     1     1    17     8     8    12     0     0   -20.0   46.214 -118.553    606.0    943.3
     1     1    17     8     8    11     0     0   -21.0   46.231 -118.459    614.4    941.0
     1     1    17     8     8    10     0     0   -22.0   46.256 -118.375    606.9    941.8
     1     1    17     8     8     9     0     0   -23.0   46.263 -118.302    598.9    943.4
     1     1    17     8     8     8     0     0   -24.0   46.257 -118.249    593.6    944.1
     1     1    17     8     8     7     0     0   -25.0   46.255 -118.212    593.4    943.6
     1     1    17     8     8     6     0     0   -26.0   46.240 -118.189    592.5    943.6
     1     1    17     8     8     5     0     0   -27.0   46.213 -118.180    591.6    944.0
     1     1    17     8     8     4     0     0   -28.0   46.212 -118.151    589.4    943.7
     1     1    17     8     8     3     0     0   -29.0   46.228 -118.106    594.3    944.0
     1     1    17     8     8     2     0     0   -30.0   46.219 -118.097    596.6    942.7
     1     1    17     8     8     1     0     0   -31.0   46.192 -118.111    593.0    943.5
     1     1    17     8     8     0     0     0   -32.0   46.144 -118.118    592.8    944.2
     1     1    17     8     7    23     0     0   -33.0   46.092 -118.140    597.5    943.3
     1     1    17     8     7    22     0     0   -34.0   46.061 -118.190    592.6    942.8
     1     1    17     8     7    21     0     0   -35.0   46.033 -118.214    585.0    945.0
     1     1    17     8     7    20     0     0   -36.0   45.990 -118.207    578.1    944.6
     1     1    17     8     7    19     0     0   -37.0   45.925 -118.197    560.3    946.6
     1     1    17     8     7    18     0     0   -38.0   45.842 -118.168    579.6    945.2
     1     1    17     8     7    17     0     0   -39.0   45.751 -118.131    598.1    942.9
     1     1    17     8     7    16     0     0   -40.0   45.661 -118.082    618.7    941.4
     1     1    17     8     7    15     0     0   -41.0   45.583 -117.999    637.7    938.1
     1     1    17     8     7    14     0     0   -42.0   45.510 -117.926    633.6    939.4
