     1     1
    SITE    10     3     1     0     0
     1 BACKWARD OMEGA   
    17     8    18    17   46.392 -119.412   700.0
     1 PRESSURE
     1     1    17     8    18    17     0     0     0.0   46.392 -119.412    700.0    931.4
     1     1    17     8    18    16     0     0    -1.0   46.478 -119.641    737.5    927.0
     1     1    17     8    18    15     0     0    -2.0   46.422 -119.736    723.0    929.2
     1     1    17     8    18    14     0     0    -3.0   46.318 -119.724    703.2    931.0
     1     1    17     8    18    13     0     0    -4.0   46.224 -119.750    682.6    933.4
     1     1    17     8    18    12     0     0    -5.0   46.114 -119.733    670.5    935.3
     1     1    17     8    18    11     0     0    -6.0   45.977 -119.678    669.1    935.3
     1     1    17     8    18    10     0     0    -7.0   45.845 -119.634    670.1    934.5
     1     1    17     8    18     9     0     0    -8.0   45.731 -119.625    668.7    935.3
     1     1    17     8    18     8     0     0    -9.0   45.624 -119.628    690.5    932.9
     1     1    17     8    18     7     0     0   -10.0   45.531 -119.628    712.6    929.3
     1     1    17     8    18     6     0     0   -11.0   45.481 -119.637    718.7    929.2
     1     1    17     8    18     5     0     0   -12.0   45.455 -119.671    721.0    928.8
     1     1    17     8    18     4     0     0   -13.0   45.410 -119.668    728.7    928.8
