     1     1
    SITE    10     3     1     0     0
     1 BACKWARD OMEGA   
    17     8     6    16   46.392 -119.412   700.0
     1 PRESSURE
     1     1    17     8     6    16     0     0     0.0   46.392 -119.412    700.0    931.4
     1     1    17     8     6    15     0     0    -1.0   46.404 -119.336    705.9    930.7
     1     1    17     8     6    14     0     0    -2.0   46.416 -119.255    690.3    932.3
     1     1    17     8     6    13     0     0    -3.0   46.420 -119.181    675.8    934.9
     1     1    17     8     6    12     0     0    -4.0   46.381 -119.107    656.6    934.8
     1     1    17     8     6    11     0     0    -5.0   46.336 -119.050    623.8    941.0
     1     1    17     8     6    10     0     0    -6.0   46.319 -118.994    617.3    943.1
     1     1    17     8     6     9     0     0    -7.0   46.333 -118.922    627.0    938.7
     1     1    17     8     6     8     0     0    -8.0   46.328 -118.849    625.0    940.4
     1     1    17     8     6     7     0     0    -9.0   46.354 -118.761    611.1    940.6
     1     1    17     8     6     6     0     0   -10.0   46.380 -118.676    601.6    943.3
     1     1    17     8     6     5     0     0   -11.0   46.358 -118.628    606.9    942.3
     1     1    17     8     6     4     0     0   -12.0   46.335 -118.626    615.5    941.7
     1     1    17     8     6     3     0     0   -13.0   46.302 -118.629    622.1    940.0
     1     1    17     8     6     2     0     0   -14.0   46.276 -118.604    623.0    940.1
     1     1    17     8     6     1     0     0   -15.0   46.238 -118.577    632.9    940.8
     1     1    17     8     6     0     0     0   -16.0   46.189 -118.584    650.0    935.8
     1     1    17     8     5    23     0     0   -17.0   46.204 -118.562    679.7    936.7
     1     1    17     8     5    22     0     0   -18.0   46.234 -118.507    705.0    928.8
     1     1    17     8     5    21     0     0   -19.0   46.218 -118.477    708.0    929.7
     1     1    17     8     5    20     0     0   -20.0   46.163 -118.489    701.2    930.6
     1     1    17     8     5    19     0     0   -21.0   46.090 -118.535    688.1    932.6
     1     1    17     8     5    18     0     0   -22.0   46.023 -118.540    686.0    933.3
     1     1    17     8     5    17     0     0   -23.0   46.012 -118.467    702.8    931.8
     1     1    17     8     5    16     0     0   -24.0   46.051 -118.352    724.2    928.3
     1     1    17     8     5    15     0     0   -25.0   46.096 -118.228    736.5    927.1
     1     1    17     8     5    14     0     0   -26.0   46.144 -118.109    752.4    925.1
     1     1    17     8     5    13     0     0   -27.0   46.180 -117.992    763.5    924.1
