     1     1
    SITE    10     3     1     0     0
     1 BACKWARD OMEGA   
    17     8    20    21   46.392 -119.412   700.0
     1 PRESSURE
     1     1    17     8    20    21     0     0     0.0   46.392 -119.412    700.0    931.4
     1     1    17     8    20    20     0     0    -1.0   46.391 -119.406    694.8    932.0
     1     1    17     8    20    19     0     0    -2.0   46.353 -119.381    702.1    932.4
     1     1    17     8    20    18     0     0    -3.0   46.317 -119.273    701.2    928.6
     1     1    17     8    20    17     0     0    -4.0   46.286 -119.108    716.7    930.2
     1     1    17     8    20    16     0     0    -5.0   46.268 -118.939    705.7    930.5
     1     1    17     8    20    15     0     0    -6.0   46.241 -118.784    695.8    932.1
     1     1    17     8    20    14     0     0    -7.0   46.169 -118.730    694.1    932.2
     1     1    17     8    20    13     0     0    -8.0   46.086 -118.771    692.4    932.4
     1     1    17     8    20    12     0     0    -9.0   46.021 -118.777    692.4    932.3
     1     1    17     8    20    11     0     0   -10.0   45.967 -118.773    688.4    932.5
     1     1    17     8    20    10     0     0   -11.0   45.915 -118.800    688.8    933.8
     1     1    17     8    20     9     0     0   -12.0   45.870 -118.830    700.5    931.6
     1     1    17     8    20     8     0     0   -13.0   45.818 -118.832    720.6    929.6
     1     1    17     8    20     7     0     0   -14.0   45.745 -118.799    725.7    928.7
     1     1    17     8    20     6     0     0   -15.0   45.670 -118.765    727.6    927.7
     1     1    17     8    20     5     0     0   -16.0   45.588 -118.762    703.8    931.1
     1     1    17     8    20     4     0     0   -17.0   45.498 -118.772    682.1    933.2
     1     1    17     8    20     3     0     0   -18.0   45.405 -118.760    668.6    934.9
