     1     1
    SITE    10     3     1     0     0
     1 BACKWARD OMEGA   
    17     8    10     6   46.392 -119.412   700.0
     1 PRESSURE
     1     1    17     8    10     6     0     0     0.0   46.392 -119.412    700.0    931.4
     1     1    17     8    10     5     0     0    -1.0   46.410 -119.365    706.8    930.6
     1     1    17     8    10     4     0     0    -2.0   46.412 -119.358    703.8    931.2
     1     1    17     8    10     3     0     0    -3.0   46.387 -119.349    702.4    931.0
     1     1    17     8    10     2     0     0    -4.0   46.375 -119.304    699.8    931.6
     1     1    17     8    10     1     0     0    -5.0   46.401 -119.259    690.3    931.4
     1     1    17     8    10     0     0     0    -6.0   46.412 -119.268    679.0    934.6
     1     1    17     8     9    23     0     0    -7.0   46.385 -119.258    682.0    933.5
     1     1    17     8     9    22     0     0    -8.0   46.350 -119.216    679.4    932.9
     1     1    17     8     9    21     0     0    -9.0   46.310 -119.203    671.8    935.4
     1     1    17     8     9    20     0     0   -10.0   46.277 -119.248    669.2    935.0
     1     1    17     8     9    19     0     0   -11.0   46.278 -119.228    659.6    935.8
     1     1    17     8     9    18     0     0   -12.0   46.317 -119.110    657.5    936.2
     1     1    17     8     9    17     0     0   -13.0   46.364 -118.999    660.3    936.7
     1     1    17     8     9    16     0     0   -14.0   46.414 -118.861    667.8    935.0
     1     1    17     8     9    15     0     0   -15.0   46.468 -118.731    660.3    935.5
     1     1    17     8     9    14     0     0   -16.0   46.514 -118.607    652.4    937.0
     1     1    17     8     9    13     0     0   -17.0   46.541 -118.491    644.6    938.6
     1     1    17     8     9    12     0     0   -18.0   46.521 -118.440    647.6    937.6
     1     1    17     8     9    11     0     0   -19.0   46.459 -118.446    660.9    937.3
     1     1    17     8     9    10     0     0   -20.0   46.435 -118.417    669.0    933.1
     1     1    17     8     9     9     0     0   -21.0   46.452 -118.346    664.9    936.1
     1     1    17     8     9     8     0     0   -22.0   46.475 -118.281    663.7    935.5
     1     1    17     8     9     7     0     0   -23.0   46.472 -118.238    656.0    935.9
     1     1    17     8     9     6     0     0   -24.0   46.454 -118.181    650.1    937.8
     1     1    17     8     9     5     0     0   -25.0   46.440 -118.154    647.7    937.9
     1     1    17     8     9     4     0     0   -26.0   46.426 -118.135    643.5    937.3
     1     1    17     8     9     3     0     0   -27.0   46.401 -118.108    642.2    938.1
     1     1    17     8     9     2     0     0   -28.0   46.359 -118.111    638.3    938.9
     1     1    17     8     9     1     0     0   -29.0   46.369 -118.060    640.2    939.3
     1     1    17     8     9     0     0     0   -30.0   46.362 -118.017    654.7    936.7
     1     1    17     8     8    23     0     0   -31.0   46.301 -118.024    653.6    936.6
     1     1    17     8     8    22     0     0   -32.0   46.279 -118.010    647.1    938.5
     1     1    17     8     8    21     0     0   -33.0   46.273 -117.992    649.8    937.2
     1     1    17     8     8    20     0     0   -34.0   46.264 -118.038    650.7    937.3
     1     1    17     8     8    19     0     0   -35.0   46.256 -118.060    646.3    938.4
     1     1    17     8     8    18     0     0   -36.0   46.267 -117.991    663.6    937.7
     1     1    17     8     8    17     0     0   -37.0   46.306 -117.898    683.9    932.9
