     1     1
    SITE    10     3     1     0     0
     1 BACKWARD OMEGA   
    17     8     4    17   46.392 -119.412   700.0
     1 PRESSURE
     1     1    17     8     4    17     0     0     0.0   46.392 -119.412    700.0    931.4
     1     1    17     8     4    16     0     0    -1.0   46.459 -119.289    697.3    931.8
     1     1    17     8     4    15     0     0    -2.0   46.493 -119.181    704.4    930.6
     1     1    17     8     4    14     0     0    -3.0   46.516 -119.176    700.6    931.3
     1     1    17     8     4    13     0     0    -4.0   46.511 -119.247    701.4    931.2
     1     1    17     8     4    12     0     0    -5.0   46.470 -119.325    714.2    930.3
     1     1    17     8     4    11     0     0    -6.0   46.494 -119.384    727.9    927.9
     1     1    17     8     4    10     0     0    -7.0   46.610 -119.416    732.0    927.6
     1     1    17     8     4     9     0     0    -8.0   46.723 -119.452    742.1    926.1
     1     1    17     8     4     8     0     0    -9.0   46.755 -119.498    732.3    927.1
     1     1    17     8     4     7     0     0   -10.0   46.744 -119.535    720.0    930.2
     1     1    17     8     4     6     0     0   -11.0   46.725 -119.542    715.1    929.6
     1     1    17     8     4     5     0     0   -12.0   46.712 -119.568    714.1    930.3
     1     1    17     8     4     4     0     0   -13.0   46.677 -119.597    738.6    928.9
     1     1    17     8     4     3     0     0   -14.0   46.614 -119.568    760.3    923.7
     1     1    17     8     4     2     0     0   -15.0   46.560 -119.546    757.5    924.8
     1     1    17     8     4     1     0     0   -16.0   46.503 -119.548    759.3    924.7
     1     1    17     8     4     0     0     0   -17.0   46.449 -119.539    752.7    924.6
     1     1    17     8     3    23     0     0   -18.0   46.392 -119.545    754.5    926.7
     1     1    17     8     3    22     0     0   -19.0   46.324 -119.555    754.8    924.9
     1     1    17     8     3    21     0     0   -20.0   46.251 -119.521    749.7    926.3
     1     1    17     8     3    20     0     0   -21.0   46.158 -119.498    762.0    924.5
     1     1    17     8     3    19     0     0   -22.0   46.054 -119.513    782.4    921.9
     1     1    17     8     3    18     0     0   -23.0   45.961 -119.486    792.2    921.6
     1     1    17     8     3    17     0     0   -24.0   45.922 -119.378    783.5    921.9
     1     1    17     8     3    16     0     0   -25.0   45.956 -119.248    790.7    921.0
     1     1    17     8     3    15     0     0   -26.0   46.002 -119.140    783.9    921.9
     1     1    17     8     3    14     0     0   -27.0   45.977 -119.082    780.2    922.4
     1     1    17     8     3    13     0     0   -28.0   45.970 -119.042    784.7    922.1
     1     1    17     8     3    12     0     0   -29.0   46.032 -118.970    786.5    919.9
     1     1    17     8     3    11     0     0   -30.0   46.063 -119.011    783.0    923.1
     1     1    17     8     3    10     0     0   -31.0   46.029 -119.094    781.8    922.2
     1     1    17     8     3     9     0     0   -32.0   45.970 -119.094    789.2    921.3
     1     1    17     8     3     8     0     0   -33.0   45.934 -119.064    788.5    920.5
     1     1    17     8     3     7     0     0   -34.0   45.909 -119.034    784.7    921.6
     1     1    17     8     3     6     0     0   -35.0   45.905 -119.037    782.5    922.7
     1     1    17     8     3     5     0     0   -36.0   45.899 -119.048    788.3    921.5
     1     1    17     8     3     4     0     0   -37.0   45.911 -119.012    794.4    920.2
     1     1    17     8     3     3     0     0   -38.0   45.968 -118.961    786.6    921.8
     1     1    17     8     3     2     0     0   -39.0   46.033 -118.931    776.1    923.0
     1     1    17     8     3     1     0     0   -40.0   46.061 -118.869    759.3    923.7
     1     1    17     8     3     0     0     0   -41.0   46.038 -118.834    750.4    926.9
     1     1    17     8     2    23     0     0   -42.0   46.016 -118.805    760.4    925.3
     1     1    17     8     2    22     0     0   -43.0   45.985 -118.764    762.6    923.7
     1     1    17     8     2    21     0     0   -44.0   45.983 -118.780    762.3    924.2
     1     1    17     8     2    20     0     0   -45.0   45.998 -118.754    762.4    924.6
     1     1    17     8     2    19     0     0   -46.0   46.028 -118.725    748.0    924.5
     1     1    17     8     2    18     0     0   -47.0   46.126 -118.729    718.3    928.9
     1     1    17     8     2    17     0     0   -48.0   46.269 -118.688    713.2    929.8
     1     1    17     8     2    16     0     0   -49.0   46.418 -118.602    706.1    929.8
     1     1    17     8     2    15     0     0   -50.0   46.551 -118.492    670.5    935.4
     1     1    17     8     2    14     0     0   -51.0   46.672 -118.393    684.7    933.9
     1     1    17     8     2    13     0     0   -52.0   46.797 -118.303    711.5    930.2
     1     1    17     8     2    12     0     0   -53.0   46.859 -118.149    707.8    930.2
     1     1    17     8     2    11     0     0   -54.0   46.944 -118.012    694.6    932.5
     1     1    17     8     2    10     0     0   -55.0   47.131 -117.965    672.3    934.6
     1     1    17     8     2     9     0     0   -56.0   47.125 -117.957    653.7    936.7
     1     1    17     8     2     8     0     0   -57.0   47.102 -117.978    650.4    937.2
     1     1    17     8     2     7     0     0   -58.0   47.216 -117.972    646.5    937.7
     1     1    17     8     2     6     0     0   -59.0   47.263 -117.943    646.7    937.8
     1     1    17     8     2     5     0     0   -60.0   47.253 -117.926    648.4    937.4
     1     1    17     8     2     4     0     0   -61.0   47.218 -117.875    641.7    939.4
