     1     1
    SITE    10     3     1     0     0
     1 BACKWARD OMEGA   
    17     8    20     1   46.392 -119.412   700.0
     1 PRESSURE
     1     1    17     8    20     1     0     0     0.0   46.392 -119.412    700.0    931.4
     1     1    17     8    20     0     0     0    -1.0   46.357 -119.432    699.8    931.4
     1     1    17     8    19    23     0     0    -2.0   46.276 -119.435    697.8    931.4
     1     1    17     8    19    22     0     0    -3.0   46.267 -119.419    689.5    932.6
     1     1    17     8    19    21     0     0    -4.0   46.366 -119.448    677.5    933.8
     1     1    17     8    19    20     0     0    -5.0   46.410 -119.542    682.6    933.9
     1     1    17     8    19    19     0     0    -6.0   46.356 -119.573    684.1    933.4
     1     1    17     8    19    18     0     0    -7.0   46.255 -119.498    705.5    931.4
     1     1    17     8    19    17     0     0    -8.0   46.148 -119.392    711.3    931.3
     1     1    17     8    19    16     0     0    -9.0   46.040 -119.266    717.3    929.9
     1     1    17     8    19    15     0     0   -10.0   45.927 -119.152    733.2    927.1
     1     1    17     8    19    14     0     0   -11.0   45.833 -119.018    747.6    927.1
     1     1    17     8    19    13     0     0   -12.0   45.799 -118.991    765.6    924.0
     1     1    17     8    19    12     0     0   -13.0   45.797 -119.113    779.0    922.6
     1     1    17     8    19    11     0     0   -14.0   45.762 -119.181    790.8    920.6
     1     1    17     8    19    10     0     0   -15.0   45.711 -119.243    802.7    920.4
     1     1    17     8    19     9     0     0   -16.0   45.734 -119.329    802.4    919.2
     1     1    17     8    19     8     0     0   -17.0   45.820 -119.419    779.4    923.0
     1     1    17     8    19     7     0     0   -18.0   45.828 -119.523    795.8    920.8
     1     1    17     8    19     6     0     0   -19.0   45.776 -119.589    816.2    917.7
     1     1    17     8    19     5     0     0   -20.0   45.727 -119.629    801.4    919.0
     1     1    17     8    19     4     0     0   -21.0   45.649 -119.657    798.5    922.5
     1     1    17     8    19     3     0     0   -22.0   45.573 -119.715    801.8    919.8
     1     1    17     8    19     2     0     0   -23.0   45.585 -119.839    824.1    917.9
     1     1    17     8    19     1     0     0   -24.0   45.667 -119.968    832.3    915.8
     1     1    17     8    19     0     0     0   -25.0   45.748 -120.084    842.5    915.6
     1     1    17     8    18    23     0     0   -26.0   45.873 -120.283    858.8    912.7
     1     1    17     8    18    22     0     0   -27.0   46.048 -120.544    923.3    905.6
