     1     1
    SITE    10     3     1     0     0
     1 BACKWARD OMEGA   
    17     8    21    17   46.392 -119.412   700.0
     1 PRESSURE
     1     1    17     8    21    17     0     0     0.0   46.392 -119.412    700.0    931.4
     1     1    17     8    21    16     0     0    -1.0   46.417 -119.487    685.9    933.1
     1     1    17     8    21    15     0     0    -2.0   46.420 -119.516    695.1    932.7
     1     1    17     8    21    14     0     0    -3.0   46.360 -119.519    709.2    927.9
     1     1    17     8    21    13     0     0    -4.0   46.342 -119.465    703.3    931.1
     1     1    17     8    21    12     0     0    -5.0   46.331 -119.386    684.1    935.7
     1     1    17     8    21    11     0     0    -6.0   46.310 -119.295    693.0    932.2
     1     1    17     8    21    10     0     0    -7.0   46.324 -119.217    687.1    933.4
     1     1    17     8    21     9     0     0    -8.0   46.342 -119.180    691.7    931.7
     1     1    17     8    21     8     0     0    -9.0   46.339 -119.129    699.5    932.6
     1     1    17     8    21     7     0     0   -10.0   46.335 -119.061    703.6    929.3
     1     1    17     8    21     6     0     0   -11.0   46.342 -119.006    698.0    932.2
     1     1    17     8    21     5     0     0   -12.0   46.346 -118.976    699.8    931.6
     1     1    17     8    21     4     0     0   -13.0   46.332 -118.968    699.3    931.1
     1     1    17     8    21     3     0     0   -14.0   46.303 -118.939    697.9    932.3
     1     1    17     8    21     2     0     0   -15.0   46.274 -118.917    704.8    930.7
     1     1    17     8    21     1     0     0   -16.0   46.257 -118.891    701.2    930.6
     1     1    17     8    21     0     0     0   -17.0   46.223 -118.853    687.6    932.6
     1     1    17     8    20    23     0     0   -18.0   46.173 -118.859    681.9    934.2
     1     1    17     8    20    22     0     0   -19.0   46.179 -118.890    675.7    933.8
     1     1    17     8    20    21     0     0   -20.0   46.220 -118.907    677.3    934.6
     1     1    17     8    20    20     0     0   -21.0   46.219 -118.900    673.5    933.5
     1     1    17     8    20    19     0     0   -22.0   46.181 -118.874    670.0    936.3
     1     1    17     8    20    18     0     0   -23.0   46.145 -118.769    679.9    933.3
     1     1    17     8    20    17     0     0   -24.0   46.112 -118.606    653.3    937.1
     1     1    17     8    20    16     0     0   -25.0   46.093 -118.437    655.2    937.4
     1     1    17     8    20    15     0     0   -26.0   46.065 -118.277    618.7    940.8
     1     1    17     8    20    14     0     0   -27.0   45.996 -118.224    589.7    944.1
     1     1    17     8    20    13     0     0   -28.0   45.917 -118.268    565.1    946.9
     1     1    17     8    20    12     0     0   -29.0   45.853 -118.277    545.3    948.9
     1     1    17     8    20    11     0     0   -30.0   45.799 -118.276    535.2    950.5
     1     1    17     8    20    10     0     0   -31.0   45.746 -118.304    538.3    950.0
     1     1    17     8    20     9     0     0   -32.0   45.701 -118.334    536.4    948.8
     1     1    17     8    20     8     0     0   -33.0   45.650 -118.334    520.4    951.0
     1     1    17     8    20     7     0     0   -34.0   45.578 -118.300    497.5    954.8
     1     1    17     8    20     6     0     0   -35.0   45.504 -118.268    488.1    954.3
     1     1    17     8    20     5     0     0   -36.0   45.423 -118.263    470.3    957.5
