     1     1
    SITE    10     3     1     0     0
     1 BACKWARD OMEGA   
    17     8    11     3   46.392 -119.412   700.0
     1 PRESSURE
     1     1    17     8    11     3     0     0     0.0   46.392 -119.412    700.0    931.4
     1     1    17     8    11     2     0     0    -1.0   46.355 -119.372    695.2    932.0
     1     1    17     8    11     1     0     0    -2.0   46.333 -119.321    690.7    932.9
     1     1    17     8    11     0     0     0    -3.0   46.311 -119.292    689.7    932.5
     1     1    17     8    10    23     0     0    -4.0   46.270 -119.280    689.4    932.9
     1     1    17     8    10    22     0     0    -5.0   46.232 -119.324    686.8    932.6
     1     1    17     8    10    21     0     0    -6.0   46.222 -119.347    685.9    933.9
     1     1    17     8    10    20     0     0    -7.0   46.230 -119.352    689.4    932.8
     1     1    17     8    10    19     0     0    -8.0   46.223 -119.412    695.4    931.7
     1     1    17     8    10    18     0     0    -9.0   46.215 -119.383    702.2    931.1
     1     1    17     8    10    17     0     0   -10.0   46.246 -119.253    709.1    931.3
     1     1    17     8    10    16     0     0   -11.0   46.288 -119.122    731.1    928.0
     1     1    17     8    10    15     0     0   -12.0   46.327 -118.993    728.7    926.8
     1     1    17     8    10    14     0     0   -13.0   46.366 -118.870    696.0    931.9
     1     1    17     8    10    13     0     0   -14.0   46.401 -118.760    686.5    933.2
     1     1    17     8    10    12     0     0   -15.0   46.416 -118.662    692.1    932.2
     1     1    17     8    10    11     0     0   -16.0   46.442 -118.582    678.2    933.5
     1     1    17     8    10    10     0     0   -17.0   46.453 -118.523    661.8    937.6
     1     1    17     8    10     9     0     0   -18.0   46.417 -118.447    668.1    936.5
     1     1    17     8    10     8     0     0   -19.0   46.353 -118.377    681.4    932.9
     1     1    17     8    10     7     0     0   -20.0   46.296 -118.332    672.4    934.8
     1     1    17     8    10     6     0     0   -21.0   46.284 -118.282    674.6    935.7
     1     1    17     8    10     5     0     0   -22.0   46.302 -118.236    676.4    933.3
     1     1    17     8    10     4     0     0   -23.0   46.305 -118.230    675.8    935.0
     1     1    17     8    10     3     0     0   -24.0   46.281 -118.221    676.3    934.0
     1     1    17     8    10     2     0     0   -25.0   46.270 -118.178    673.7    935.1
     1     1    17     8    10     1     0     0   -26.0   46.297 -118.133    671.8    934.4
     1     1    17     8    10     0     0     0   -27.0   46.309 -118.140    670.3    935.7
     1     1    17     8     9    23     0     0   -28.0   46.282 -118.131    670.4    935.7
     1     1    17     8     9    22     0     0   -29.0   46.247 -118.088    677.3    933.7
     1     1    17     8     9    21     0     0   -30.0   46.207 -118.074    677.3    933.8
     1     1    17     8     9    20     0     0   -31.0   46.175 -118.120    669.9    934.3
     1     1    17     8     9    19     0     0   -32.0   46.173 -118.101    669.1    935.3
     1     1    17     8     9    18     0     0   -33.0   46.212 -117.981    671.9    934.6
