     1     1
    SITE    10     3     1     0     0
     1 BACKWARD OMEGA   
    17     8     1     1   46.392 -119.412   700.0
     1 PRESSURE
     1     1    17     8     1     1     0     0     0.0   46.392 -119.412    700.0    931.4
     1     1    17     8     1     0     0     0    -1.0   46.382 -119.360    690.0    932.6
     1     1    17     7    31    23     0     0    -2.0   46.395 -119.349    684.2    933.7
     1     1    17     7    31    22     0     0    -3.0   46.367 -119.364    689.7    933.0
     1     1    17     7    31    21     0     0    -4.0   46.355 -119.360    698.0    930.4
     1     1    17     7    31    20     0     0    -5.0   46.358 -119.383    693.4    932.4
     1     1    17     7    31    19     0     0    -6.0   46.299 -119.407    682.8    932.8
     1     1    17     7    31    18     0     0    -7.0   46.214 -119.363    673.3    935.1
     1     1    17     7    31    17     0     0    -8.0   46.189 -119.268    682.8    933.2
     1     1    17     7    31    16     0     0    -9.0   46.215 -119.169    678.7    933.8
     1     1    17     7    31    15     0     0   -10.0   46.220 -119.051    690.6    932.1
     1     1    17     7    31    14     0     0   -11.0   46.189 -118.944    690.7    932.1
     1     1    17     7    31    13     0     0   -12.0   46.178 -118.855    686.7    933.1
     1     1    17     7    31    12     0     0   -13.0   46.169 -118.752    677.6    934.0
     1     1    17     7    31    11     0     0   -14.0   46.168 -118.649    674.5    934.1
     1     1    17     7    31    10     0     0   -15.0   46.188 -118.545    670.8    935.5
     1     1    17     7    31     9     0     0   -16.0   46.171 -118.457    671.9    933.9
     1     1    17     7    31     8     0     0   -17.0   46.165 -118.448    660.1    936.4
     1     1    17     7    31     7     0     0   -18.0   46.164 -118.454    654.3    936.1
     1     1    17     7    31     6     0     0   -19.0   46.154 -118.416    649.4    938.6
     1     1    17     7    31     5     0     0   -20.0   46.152 -118.370    651.0    937.0
     1     1    17     7    31     4     0     0   -21.0   46.128 -118.338    653.2    937.4
     1     1    17     7    31     3     0     0   -22.0   46.084 -118.328    647.6    937.0
     1     1    17     7    31     2     0     0   -23.0   46.051 -118.345    635.2    939.3
     1     1    17     7    31     1     0     0   -24.0   46.070 -118.386    624.8    940.5
     1     1    17     7    31     0     0     0   -25.0   46.090 -118.334    625.6    941.7
     1     1    17     7    30    23     0     0   -26.0   46.081 -118.343    634.5    939.5
     1     1    17     7    30    22     0     0   -27.0   46.132 -118.490    642.9    938.2
     1     1    17     7    30    21     0     0   -28.0   46.233 -118.638    657.1    938.3
     1     1    17     7    30    20     0     0   -29.0   46.277 -118.816    661.6    936.6
     1     1    17     7    30    19     0     0   -30.0   46.230 -118.864    658.4    936.3
     1     1    17     7    30    18     0     0   -31.0   46.129 -118.720    657.3    934.9
     1     1    17     7    30    17     0     0   -32.0   46.011 -118.483    640.7    937.1
     1     1    17     7    30    16     0     0   -33.0   45.875 -118.315    613.1    942.1
     1     1    17     7    30    15     0     0   -34.0   45.747 -118.227    623.6    940.4
     1     1    17     7    30    14     0     0   -35.0   45.644 -118.071    630.0    940.2
     1     1    17     7    30    13     0     0   -36.0   45.541 -117.885    651.5    936.0
