     1     1
    SITE    10     3     1     0     0
     1 BACKWARD OMEGA   
    17     8    29    21   46.392 -119.412   700.0
     1 PRESSURE
     1     1    17     8    29    21     0     0     0.0   46.392 -119.412    700.0    931.4
     1     1    17     8    29    20     0     0    -1.0   46.314 -119.367    692.3    932.3
     1     1    17     8    29    19     0     0    -2.0   46.243 -119.329    704.6    931.4
     1     1    17     8    29    18     0     0    -3.0   46.157 -119.294    712.6    929.4
     1     1    17     8    29    17     0     0    -4.0   46.087 -119.227    715.4    930.0
     1     1    17     8    29    16     0     0    -5.0   46.038 -119.136    715.0    929.4
     1     1    17     8    29    15     0     0    -6.0   46.013 -119.044    706.1    930.9
     1     1    17     8    29    14     0     0    -7.0   45.997 -118.957    698.0    931.4
     1     1    17     8    29    13     0     0    -8.0   45.975 -118.870    686.7    933.0
     1     1    17     8    29    12     0     0    -9.0   45.964 -118.770    675.3    934.4
     1     1    17     8    29    11     0     0   -10.0   45.966 -118.678    678.9    933.6
     1     1    17     8    29    10     0     0   -11.0   45.940 -118.635    679.2    933.9
     1     1    17     8    29     9     0     0   -12.0   45.891 -118.637    671.3    933.5
     1     1    17     8    29     8     0     0   -13.0   45.844 -118.654    663.2    937.0
     1     1    17     8    29     7     0     0   -14.0   45.819 -118.652    663.0    935.5
     1     1    17     8    29     6     0     0   -15.0   45.814 -118.630    658.7    936.1
     1     1    17     8    29     5     0     0   -16.0   45.798 -118.614    657.3    937.0
     1     1    17     8    29     4     0     0   -17.0   45.788 -118.556    636.3    936.2
     1     1    17     8    29     3     0     0   -18.0   45.815 -118.446    621.6    941.1
     1     1    17     8    29     2     0     0   -19.0   45.861 -118.337    627.3    940.5
     1     1    17     8    29     1     0     0   -20.0   45.906 -118.260    624.1    940.4
     1     1    17     8    29     0     0     0   -21.0   45.904 -118.239    614.7    941.6
     1     1    17     8    28    23     0     0   -22.0   45.867 -118.250    613.9    941.5
     1     1    17     8    28    22     0     0   -23.0   45.837 -118.234    612.6    941.5
     1     1    17     8    28    21     0     0   -24.0   45.812 -118.198    606.4    942.5
     1     1    17     8    28    20     0     0   -25.0   45.786 -118.224    596.5    942.7
     1     1    17     8    28    19     0     0   -26.0   45.749 -118.262    584.5    945.5
     1     1    17     8    28    18     0     0   -27.0   45.764 -118.313    587.5    945.3
     1     1    17     8    28    17     0     0   -28.0   45.847 -118.402    582.1    944.0
     1     1    17     8    28    16     0     0   -29.0   45.935 -118.453    570.6    946.9
     1     1    17     8    28    15     0     0   -30.0   46.022 -118.472    569.3    945.7
     1     1    17     8    28    14     0     0   -31.0   46.024 -118.477    568.8    946.7
     1     1    17     8    28    13     0     0   -32.0   45.934 -118.489    588.4    944.3
     1     1    17     8    28    12     0     0   -33.0   45.928 -118.458    594.0    943.0
     1     1    17     8    28    11     0     0   -34.0   46.013 -118.412    600.6    943.4
     1     1    17     8    28    10     0     0   -35.0   46.017 -118.415    616.5    941.0
     1     1    17     8    28     9     0     0   -36.0   46.025 -118.437    617.1    941.2
     1     1    17     8    28     8     0     0   -37.0   46.030 -118.471    600.7    942.3
     1     1    17     8    28     7     0     0   -38.0   45.971 -118.447    598.7    943.8
     1     1    17     8    28     6     0     0   -39.0   45.928 -118.449    610.7    941.1
     1     1    17     8    28     5     0     0   -40.0   45.888 -118.423    604.7    942.5
     1     1    17     8    28     4     0     0   -41.0   45.846 -118.360    599.6    942.8
     1     1    17     8    28     3     0     0   -42.0   45.800 -118.400    597.2    943.9
     1     1    17     8    28     2     0     0   -43.0   45.793 -118.427    595.7    943.2
     1     1    17     8    28     1     0     0   -44.0   45.799 -118.380    592.8    943.5
     1     1    17     8    28     0     0     0   -45.0   45.777 -118.323    588.0    944.2
     1     1    17     8    27    23     0     0   -46.0   45.748 -118.264    577.3    944.8
     1     1    17     8    27    22     0     0   -47.0   45.728 -118.196    572.6    947.1
     1     1    17     8    27    21     0     0   -48.0   45.715 -118.137    583.8    944.8
     1     1    17     8    27    20     0     0   -49.0   45.690 -118.112    596.1    943.8
     1     1    17     8    27    19     0     0   -50.0   45.663 -118.114    602.0    941.8
     1     1    17     8    27    18     0     0   -51.0   45.650 -118.105    601.8    943.0
     1     1    17     8    27    17     0     0   -52.0   45.644 -118.083    602.9    942.4
     1     1    17     8    27    16     0     0   -53.0   45.629 -118.045    606.8    942.8
     1     1    17     8    27    15     0     0   -54.0   45.602 -117.979    628.3    941.2
     1     1    17     8    27    14     0     0   -55.0   45.564 -117.902    661.9    936.1
