     1     1
    SITE    10     3     1     0     0
     1 BACKWARD OMEGA   
    17     8    28    11   46.392 -119.412   700.0
     1 PRESSURE
     1     1    17     8    28    11     0     0     0.0   46.392 -119.412    700.0    931.4
     1     1    17     8    28    10     0     0    -1.0   46.392 -119.415    689.9    932.6
     1     1    17     8    28     9     0     0    -2.0   46.401 -119.438    686.9    933.3
     1     1    17     8    28     8     0     0    -3.0   46.406 -119.469    705.5    931.3
     1     1    17     8    28     7     0     0    -4.0   46.347 -119.445    705.8    930.0
     1     1    17     8    28     6     0     0    -5.0   46.302 -119.449    697.5    933.2
     1     1    17     8    28     5     0     0    -6.0   46.257 -119.425    707.9    930.8
     1     1    17     8    28     4     0     0    -7.0   46.216 -119.357    721.6    928.7
     1     1    17     8    28     3     0     0    -8.0   46.168 -119.394    722.0    927.8
     1     1    17     8    28     2     0     0    -9.0   46.161 -119.421    724.3    929.8
     1     1    17     8    28     1     0     0   -10.0   46.167 -119.375    733.6    927.0
     1     1    17     8    28     0     0     0   -11.0   46.146 -119.316    741.2    927.7
     1     1    17     8    27    23     0     0   -12.0   46.114 -119.254    757.3    924.7
     1     1    17     8    27    22     0     0   -13.0   46.094 -119.186    776.9    923.2
     1     1    17     8    27    21     0     0   -14.0   46.081 -119.126    795.8    920.2
     1     1    17     8    27    20     0     0   -15.0   46.055 -119.100    806.6    918.9
     1     1    17     8    27    19     0     0   -16.0   46.028 -119.102    812.7    918.5
     1     1    17     8    27    18     0     0   -17.0   46.015 -119.093    813.3    918.4
     1     1    17     8    27    17     0     0   -18.0   46.009 -119.071    814.9    918.5
     1     1    17     8    27    16     0     0   -19.0   45.995 -119.034    814.7    918.3
     1     1    17     8    27    15     0     0   -20.0   45.969 -118.968    797.7    918.9
     1     1    17     8    27    14     0     0   -21.0   45.930 -118.891    784.9    923.6
     1     1    17     8    27    13     0     0   -22.0   45.890 -118.813    783.6    921.4
     1     1    17     8    27    12     0     0   -23.0   45.891 -118.746    778.4    922.5
     1     1    17     8    27    11     0     0   -24.0   45.885 -118.696    775.2    923.6
     1     1    17     8    27    10     0     0   -25.0   45.850 -118.648    781.4    922.7
     1     1    17     8    27     9     0     0   -26.0   45.839 -118.592    796.4    921.2
     1     1    17     8    27     8     0     0   -27.0   45.836 -118.529    806.3    918.1
     1     1    17     8    27     7     0     0   -28.0   45.848 -118.466    816.6    919.5
     1     1    17     8    27     6     0     0   -29.0   45.865 -118.455    830.4    916.1
     1     1    17     8    27     5     0     0   -30.0   45.859 -118.462    829.3    916.2
     1     1    17     8    27     4     0     0   -31.0   45.872 -118.424    823.9    917.7
     1     1    17     8    27     3     0     0   -32.0   45.898 -118.354    837.6    917.3
     1     1    17     8    27     2     0     0   -33.0   45.910 -118.278    846.8    912.9
     1     1    17     8    27     1     0     0   -34.0   45.920 -118.214    845.2    916.1
     1     1    17     8    27     0     0     0   -35.0   45.912 -118.165    854.5    914.8
     1     1    17     8    26    23     0     0   -36.0   45.922 -118.118    863.1    912.8
     1     1    17     8    26    22     0     0   -37.0   45.958 -118.063    864.8    913.1
     1     1    17     8    26    21     0     0   -38.0   45.967 -118.054    860.1    913.0
     1     1    17     8    26    20     0     0   -39.0   45.952 -118.085    854.0    913.8
     1     1    17     8    26    19     0     0   -40.0   45.942 -118.060    851.0    915.5
     1     1    17     8    26    18     0     0   -41.0   45.971 -118.001    853.2    913.6
     1     1    17     8    26    17     0     0   -42.0   46.036 -117.950    833.8    915.7
     1     1    17     8    26    16     0     0   -43.0   46.108 -117.886    811.7    919.5
