     1     1
    SITE    10     3     1     0     0
     1 BACKWARD OMEGA   
    17     8     9    16   46.392 -119.412   700.0
     1 PRESSURE
     1     1    17     8     9    16     0     0     0.0   46.392 -119.412    700.0    931.4
     1     1    17     8     9    15     0     0    -1.0   46.447 -119.286    726.5    928.3
     1     1    17     8     9    14     0     0    -2.0   46.494 -119.165    714.0    929.4
     1     1    17     8     9    13     0     0    -3.0   46.523 -119.049    699.6    931.4
     1     1    17     8     9    12     0     0    -4.0   46.504 -118.997    696.9    932.5
     1     1    17     8     9    11     0     0    -5.0   46.442 -119.002    699.1    930.9
     1     1    17     8     9    10     0     0    -6.0   46.419 -118.974    687.1    932.0
     1     1    17     8     9     9     0     0    -7.0   46.436 -118.904    676.8    934.4
     1     1    17     8     9     8     0     0    -8.0   46.457 -118.841    671.3    935.2
     1     1    17     8     9     7     0     0    -9.0   46.454 -118.799    670.9    935.2
     1     1    17     8     9     6     0     0   -10.0   46.433 -118.743    674.3    934.2
     1     1    17     8     9     5     0     0   -11.0   46.418 -118.717    673.4    933.9
     1     1    17     8     9     4     0     0   -12.0   46.402 -118.702    670.8    934.7
     1     1    17     8     9     3     0     0   -13.0   46.377 -118.679    668.6    935.2
     1     1    17     8     9     2     0     0   -14.0   46.335 -118.684    662.2    934.7
     1     1    17     8     9     1     0     0   -15.0   46.343 -118.633    660.2    937.7
     1     1    17     8     9     0     0     0   -16.0   46.337 -118.587    669.9    934.9
     1     1    17     8     8    23     0     0   -17.0   46.277 -118.594    677.9    933.7
     1     1    17     8     8    22     0     0   -18.0   46.255 -118.583    676.1    934.1
     1     1    17     8     8    21     0     0   -19.0   46.248 -118.566    672.9    934.8
     1     1    17     8     8    20     0     0   -20.0   46.239 -118.614    675.4    934.8
     1     1    17     8     8    19     0     0   -21.0   46.229 -118.638    669.6    933.9
     1     1    17     8     8    18     0     0   -22.0   46.241 -118.572    664.9    936.1
     1     1    17     8     8    17     0     0   -23.0   46.281 -118.481    667.9    935.7
     1     1    17     8     8    16     0     0   -24.0   46.334 -118.380    677.7    933.0
     1     1    17     8     8    15     0     0   -25.0   46.358 -118.266    675.2    933.9
     1     1    17     8     8    14     0     0   -26.0   46.339 -118.149    663.1    935.8
     1     1    17     8     8    13     0     0   -27.0   46.298 -118.060    659.0    936.1
     1     1    17     8     8    12     0     0   -28.0   46.279 -117.972    663.2    937.1
     1     1    17     8     8    11     0     0   -29.0   46.297 -117.879    676.7    934.3
