     1     1
    SITE    10     3     1     0     0
     1 BACKWARD OMEGA   
    17     8     7    19   46.392 -119.412   700.0
     1 PRESSURE
     1     1    17     8     7    19     0     0     0.0   46.392 -119.412    700.0    931.4
     1     1    17     8     7    18     0     0    -1.0   46.308 -119.387    717.2    929.4
     1     1    17     8     7    17     0     0    -2.0   46.217 -119.353    713.5    929.4
     1     1    17     8     7    16     0     0    -3.0   46.128 -119.299    699.5    931.5
     1     1    17     8     7    15     0     0    -4.0   46.048 -119.213    702.6    931.6
     1     1    17     8     7    14     0     0    -5.0   45.974 -119.140    715.3    929.5
     1     1    17     8     7    13     0     0    -6.0   45.906 -119.082    729.5    927.7
     1     1    17     8     7    12     0     0    -7.0   45.849 -119.051    726.0    928.2
     1     1    17     8     7    11     0     0    -8.0   45.835 -119.016    700.6    930.3
     1     1    17     8     7    10     0     0    -9.0   45.865 -118.940    678.5    935.8
     1     1    17     8     7     9     0     0   -10.0   45.902 -118.861    685.8    934.7
     1     1    17     8     7     8     0     0   -11.0   45.924 -118.772    700.2    930.5
     1     1    17     8     7     7     0     0   -12.0   45.921 -118.701    703.6    930.5
     1     1    17     8     7     6     0     0   -13.0   45.907 -118.683    703.5    930.9
     1     1    17     8     7     5     0     0   -14.0   45.903 -118.647    720.7    931.0
     1     1    17     8     7     4     0     0   -15.0   45.882 -118.592    730.3    925.8
     1     1    17     8     7     3     0     0   -16.0   45.855 -118.546    734.1    927.5
     1     1    17     8     7     2     0     0   -17.0   45.838 -118.512    737.2    927.1
     1     1    17     8     7     1     0     0   -18.0   45.796 -118.480    747.1    926.9
     1     1    17     8     7     0     0     0   -19.0   45.749 -118.415    756.7    922.4
     1     1    17     8     6    23     0     0   -20.0   45.717 -118.339    759.8    924.9
     1     1    17     8     6    22     0     0   -21.0   45.731 -118.265    761.1    923.9
     1     1    17     8     6    21     0     0   -22.0   45.736 -118.269    746.6    925.7
     1     1    17     8     6    20     0     0   -23.0   45.701 -118.296    745.6    927.8
     1     1    17     8     6    19     0     0   -24.0   45.707 -118.265    751.1    925.0
     1     1    17     8     6    18     0     0   -25.0   45.726 -118.285    747.1    925.3
     1     1    17     8     6    17     0     0   -26.0   45.720 -118.373    733.3    927.8
     1     1    17     8     6    16     0     0   -27.0   45.746 -118.387    729.8    928.8
     1     1    17     8     6    15     0     0   -28.0   45.757 -118.312    717.0    926.6
     1     1    17     8     6    14     0     0   -29.0   45.767 -118.232    710.1    930.9
     1     1    17     8     6    13     0     0   -30.0   45.770 -118.160    717.0    929.6
     1     1    17     8     6    12     0     0   -31.0   45.730 -118.089    721.1    928.1
     1     1    17     8     6    11     0     0   -32.0   45.685 -118.034    711.0    929.2
     1     1    17     8     6    10     0     0   -33.0   45.669 -117.977    698.0    932.0
     1     1    17     8     6     9     0     0   -34.0   45.685 -117.905    707.7    930.4
