     1     1
    SITE    10     3     1     0     0
     1 BACKWARD OMEGA   
    17     8    28    16   46.392 -119.412   700.0
     1 PRESSURE
     1     1    17     8    28    16     0     0     0.0   46.392 -119.412    700.0    931.4
     1     1    17     8    28    15     0     0    -1.0   46.480 -119.429    695.7    931.9
     1     1    17     8    28    14     0     0    -2.0   46.480 -119.439    678.8    933.7
     1     1    17     8    28    13     0     0    -3.0   46.387 -119.453    665.7    935.5
     1     1    17     8    28    12     0     0    -4.0   46.382 -119.418    660.9    936.0
     1     1    17     8    28    11     0     0    -5.0   46.465 -119.369    655.3    936.3
     1     1    17     8    28    10     0     0    -6.0   46.468 -119.366    632.3    939.5
     1     1    17     8    28     9     0     0    -7.0   46.476 -119.383    625.1    940.9
     1     1    17     8    28     8     0     0    -8.0   46.480 -119.413    635.2    939.5
     1     1    17     8    28     7     0     0    -9.0   46.420 -119.390    641.8    937.8
     1     1    17     8    28     6     0     0   -10.0   46.377 -119.396    630.7    939.9
     1     1    17     8    28     5     0     0   -11.0   46.333 -119.373    633.5    940.4
     1     1    17     8    28     4     0     0   -12.0   46.293 -119.308    623.1    940.5
     1     1    17     8    28     3     0     0   -13.0   46.247 -119.346    623.4    940.5
     1     1    17     8    28     2     0     0   -14.0   46.241 -119.374    625.2    941.2
     1     1    17     8    28     1     0     0   -15.0   46.248 -119.330    631.6    939.9
     1     1    17     8    28     0     0     0   -16.0   46.226 -119.270    627.1    938.6
     1     1    17     8    27    23     0     0   -17.0   46.194 -119.210    621.6    941.5
     1     1    17     8    27    22     0     0   -18.0   46.173 -119.144    626.1    940.4
     1     1    17     8    27    21     0     0   -19.0   46.161 -119.084    633.4    940.1
     1     1    17     8    27    20     0     0   -20.0   46.135 -119.055    640.0    937.6
     1     1    17     8    27    19     0     0   -21.0   46.107 -119.056    637.7    939.2
     1     1    17     8    27    18     0     0   -22.0   46.095 -119.048    639.2    938.9
     1     1    17     8    27    17     0     0   -23.0   46.089 -119.026    641.0    938.5
     1     1    17     8    27    16     0     0   -24.0   46.075 -118.989    646.6    938.2
     1     1    17     8    27    15     0     0   -25.0   46.047 -118.925    652.9    936.2
     1     1    17     8    27    14     0     0   -26.0   46.006 -118.849    653.0    937.4
     1     1    17     8    27    13     0     0   -27.0   45.965 -118.770    641.0    936.5
     1     1    17     8    27    12     0     0   -28.0   45.967 -118.703    620.4    941.6
     1     1    17     8    27    11     0     0   -29.0   45.961 -118.655    614.5    942.9
     1     1    17     8    27    10     0     0   -30.0   45.925 -118.606    620.9    941.1
     1     1    17     8    27     9     0     0   -31.0   45.914 -118.550    629.4    940.1
     1     1    17     8    27     8     0     0   -32.0   45.910 -118.487    634.3    938.7
     1     1    17     8    27     7     0     0   -33.0   45.923 -118.426    640.4    939.2
     1     1    17     8    27     6     0     0   -34.0   45.940 -118.415    652.6    936.9
     1     1    17     8    27     5     0     0   -35.0   45.932 -118.421    658.0    936.0
     1     1    17     8    27     4     0     0   -36.0   45.945 -118.381    659.3    936.4
     1     1    17     8    27     3     0     0   -37.0   45.970 -118.311    669.7    936.0
     1     1    17     8    27     2     0     0   -38.0   45.982 -118.236    672.8    932.7
     1     1    17     8    27     1     0     0   -39.0   45.992 -118.174    673.0    936.0
     1     1    17     8    27     0     0     0   -40.0   45.985 -118.125    686.1    933.0
     1     1    17     8    26    23     0     0   -41.0   45.995 -118.078    693.5    931.2
     1     1    17     8    26    22     0     0   -42.0   46.031 -118.022    695.9    931.9
     1     1    17     8    26    21     0     0   -43.0   46.040 -118.011    696.5    931.7
     1     1    17     8    26    20     0     0   -44.0   46.026 -118.042    688.8    932.8
     1     1    17     8    26    19     0     0   -45.0   46.017 -118.015    694.0    933.6
     1     1    17     8    26    18     0     0   -46.0   46.046 -117.955    708.0    929.9
     1     1    17     8    26    17     0     0   -47.0   46.111 -117.902    707.9    927.8
