     1     1
    SITE    10     3     1     0     0
     1 BACKWARD OMEGA   
    17     8     5    10   46.392 -119.412   700.0
     1 PRESSURE
     1     1    17     8     5    10     0     0     0.0   46.392 -119.412    700.0    931.4
     1     1    17     8     5     9     0     0    -1.0   46.409 -119.420    691.7    932.4
     1     1    17     8     5     8     0     0    -2.0   46.360 -119.398    684.6    933.3
     1     1    17     8     5     7     0     0    -3.0   46.317 -119.375    676.4    934.1
     1     1    17     8     5     6     0     0    -4.0   46.273 -119.359    676.7    935.1
     1     1    17     8     5     5     0     0    -5.0   46.276 -119.314    679.4    933.6
     1     1    17     8     5     4     0     0    -6.0   46.310 -119.240    674.4    934.4
     1     1    17     8     5     3     0     0    -7.0   46.310 -119.185    669.7    935.1
     1     1    17     8     5     2     0     0    -8.0   46.272 -119.159    663.6    935.4
     1     1    17     8     5     1     0     0    -9.0   46.239 -119.126    658.2    936.7
     1     1    17     8     5     0     0     0   -10.0   46.252 -119.079    664.0    937.0
     1     1    17     8     4    23     0     0   -11.0   46.308 -119.033    667.0    935.4
     1     1    17     8     4    22     0     0   -12.0   46.338 -118.974    667.9    934.6
     1     1    17     8     4    21     0     0   -13.0   46.333 -118.972    666.1    935.0
     1     1    17     8     4    20     0     0   -14.0   46.351 -119.039    654.1    938.4
     1     1    17     8     4    19     0     0   -15.0   46.359 -119.033    650.0    936.9
     1     1    17     8     4    18     0     0   -16.0   46.381 -118.954    626.5    939.1
     1     1    17     8     4    17     0     0   -17.0   46.453 -118.845    625.7    940.5
     1     1    17     8     4    16     0     0   -18.0   46.522 -118.721    609.8    941.1
     1     1    17     8     4    15     0     0   -19.0   46.556 -118.610    608.0    942.2
     1     1    17     8     4    14     0     0   -20.0   46.578 -118.600    613.2    941.3
     1     1    17     8     4    13     0     0   -21.0   46.574 -118.672    615.7    941.6
     1     1    17     8     4    12     0     0   -22.0   46.532 -118.751    620.5    940.8
     1     1    17     8     4    11     0     0   -23.0   46.558 -118.814    632.2    940.2
     1     1    17     8     4    10     0     0   -24.0   46.674 -118.845    630.6    940.7
     1     1    17     8     4     9     0     0   -25.0   46.785 -118.878    644.8    936.9
     1     1    17     8     4     8     0     0   -26.0   46.816 -118.921    641.1    938.9
     1     1    17     8     4     7     0     0   -27.0   46.805 -118.958    649.0    936.6
     1     1    17     8     4     6     0     0   -28.0   46.785 -118.966    650.2    937.4
     1     1    17     8     4     5     0     0   -29.0   46.770 -118.993    650.3    937.2
     1     1    17     8     4     4     0     0   -30.0   46.734 -119.025    646.2    937.5
     1     1    17     8     4     3     0     0   -31.0   46.671 -118.999    651.3    936.7
     1     1    17     8     4     2     0     0   -32.0   46.617 -118.980    648.9    938.1
     1     1    17     8     4     1     0     0   -33.0   46.560 -118.984    644.6    937.1
     1     1    17     8     4     0     0     0   -34.0   46.505 -118.975    639.3    939.5
     1     1    17     8     3    23     0     0   -35.0   46.447 -118.981    638.0    938.5
     1     1    17     8     3    22     0     0   -36.0   46.377 -118.989    638.8    939.1
     1     1    17     8     3    21     0     0   -37.0   46.303 -118.955    671.3    935.3
     1     1    17     8     3    20     0     0   -38.0   46.208 -118.938    694.3    931.6
     1     1    17     8     3    19     0     0   -39.0   46.104 -118.955    693.0    932.9
     1     1    17     8     3    18     0     0   -40.0   46.008 -118.931    690.3    932.6
     1     1    17     8     3    17     0     0   -41.0   45.967 -118.828    695.8    931.7
     1     1    17     8     3    16     0     0   -42.0   46.005 -118.699    707.5    930.5
     1     1    17     8     3    15     0     0   -43.0   46.049 -118.594    717.7    929.5
     1     1    17     8     3    14     0     0   -44.0   46.023 -118.538    712.6    929.3
     1     1    17     8     3    13     0     0   -45.0   46.014 -118.498    698.1    932.1
     1     1    17     8     3    12     0     0   -46.0   46.076 -118.426    712.8    932.0
     1     1    17     8     3    11     0     0   -47.0   46.112 -118.468    746.0    927.0
     1     1    17     8     3    10     0     0   -48.0   46.079 -118.553    733.3    928.0
     1     1    17     8     3     9     0     0   -49.0   46.019 -118.555    735.2    927.6
     1     1    17     8     3     8     0     0   -50.0   45.982 -118.526    741.9    926.3
     1     1    17     8     3     7     0     0   -51.0   45.956 -118.497    745.6    926.4
     1     1    17     8     3     6     0     0   -52.0   45.951 -118.501    749.3    925.7
     1     1    17     8     3     5     0     0   -53.0   45.946 -118.512    750.7    925.6
     1     1    17     8     3     4     0     0   -54.0   45.958 -118.476    741.9    925.2
     1     1    17     8     3     3     0     0   -55.0   46.015 -118.424    720.7    929.7
     1     1    17     8     3     2     0     0   -56.0   46.081 -118.393    704.0    930.7
     1     1    17     8     3     1     0     0   -57.0   46.109 -118.331    691.4    932.7
     1     1    17     8     3     0     0     0   -58.0   46.088 -118.297    689.5    932.6
     1     1    17     8     2    23     0     0   -59.0   46.065 -118.270    693.9    932.0
     1     1    17     8     2    22     0     0   -60.0   46.033 -118.228    705.6    931.4
     1     1    17     8     2    21     0     0   -61.0   46.033 -118.243    710.4    930.0
     1     1    17     8     2    20     0     0   -62.0   46.048 -118.219    719.8    929.9
     1     1    17     8     2    19     0     0   -63.0   46.076 -118.192    731.8    925.9
     1     1    17     8     2    18     0     0   -64.0   46.172 -118.193    722.8    926.6
     1     1    17     8     2    17     0     0   -65.0   46.308 -118.148    709.8    930.1
     1     1    17     8     2    16     0     0   -66.0   46.456 -118.060    721.0    928.5
     1     1    17     8     2    15     0     0   -67.0   46.588 -117.950    721.9    928.9
