     1     1
    SITE    10     3     1     0     0
     1 BACKWARD OMEGA   
    17     8    23    23   46.392 -119.412   700.0
     1 PRESSURE
     1     1    17     8    23    23     0     0     0.0   46.392 -119.412    700.0    931.4
     1     1    17     8    23    22     0     0    -1.0   46.360 -119.436    696.2    931.9
     1     1    17     8    23    21     0     0    -2.0   46.321 -119.505    689.3    932.3
     1     1    17     8    23    20     0     0    -3.0   46.252 -119.536    683.4    933.0
     1     1    17     8    23    19     0     0    -4.0   46.186 -119.477    672.5    934.7
     1     1    17     8    23    18     0     0    -5.0   46.126 -119.408    648.8    937.1
     1     1    17     8    23    17     0     0    -6.0   46.052 -119.329    644.9    938.7
     1     1    17     8    23    16     0     0    -7.0   45.982 -119.206    655.8    936.3
     1     1    17     8    23    15     0     0    -8.0   45.880 -119.088    632.0    937.5
     1     1    17     8    23    14     0     0    -9.0   45.765 -118.966    596.2    943.3
     1     1    17     8    23    13     0     0   -10.0   45.636 -118.843    573.8    945.8
     1     1    17     8    23    12     0     0   -11.0   45.474 -118.730    587.5    944.1
