     1     1
    SITE    10     3     1     0     0
     1 BACKWARD OMEGA   
    17     8    12    22   46.392 -119.412   700.0
     1 PRESSURE
     1     1    17     8    12    22     0     0     0.0   46.392 -119.412    700.0    931.4
     1     1    17     8    12    21     0     0    -1.0   46.479 -119.629    697.6    931.8
     1     1    17     8    12    20     0     0    -2.0   46.516 -119.836    724.8    927.1
     1     1    17     8    12    19     0     0    -3.0   46.433 -119.870    691.6    933.3
     1     1    17     8    12    18     0     0    -4.0   46.320 -119.774    708.0    929.8
     1     1    17     8    12    17     0     0    -5.0   46.175 -119.728    712.4    929.7
     1     1    17     8    12    16     0     0    -6.0   46.020 -119.669    667.4    935.9
     1     1    17     8    12    15     0     0    -7.0   45.889 -119.505    698.0    931.5
     1     1    17     8    12    14     0     0    -8.0   45.757 -119.378    694.1    931.4
     1     1    17     8    12    13     0     0    -9.0   45.615 -119.348    649.4    938.0
     1     1    17     8    12    12     0     0   -10.0   45.483 -119.327    652.3    936.5
