     1     1
    SITE    10     3     1     0     0
     1 BACKWARD OMEGA   
    17     8    14    11   46.392 -119.412   700.0
     1 PRESSURE
     1     1    17     8    14    11     0     0     0.0   46.392 -119.412    700.0    931.4
     1     1    17     8    14    10     0     0    -1.0   46.276 -119.405    691.1    932.5
     1     1    17     8    14     9     0     0    -2.0   46.184 -119.396    681.4    932.8
     1     1    17     8    14     8     0     0    -3.0   46.102 -119.383    646.3    937.8
     1     1    17     8    14     7     0     0    -4.0   46.021 -119.355    631.4    940.8
     1     1    17     8    14     6     0     0    -5.0   45.933 -119.341    652.9    937.0
     1     1    17     8    14     5     0     0    -6.0   45.843 -119.331    665.9    934.8
     1     1    17     8    14     4     0     0    -7.0   45.761 -119.328    659.4    936.3
     1     1    17     8    14     3     0     0    -8.0   45.670 -119.323    661.3    936.0
     1     1    17     8    14     2     0     0    -9.0   45.561 -119.328    652.3    936.6
     1     1    17     8    14     1     0     0   -10.0   45.453 -119.344    619.0    940.8
