     1     1
    SITE    10     3     1     0     0
     1 BACKWARD OMEGA   
    17     8    20     7   46.392 -119.412   700.0
     1 PRESSURE
     1     1    17     8    20     7     0     0     0.0   46.392 -119.412    700.0    931.4
     1     1    17     8    20     6     0     0    -1.0   46.316 -119.379    712.3    930.0
     1     1    17     8    20     5     0     0    -2.0   46.236 -119.372    737.0    927.0
     1     1    17     8    20     4     0     0    -3.0   46.146 -119.381    748.6    926.0
     1     1    17     8    20     3     0     0    -4.0   46.053 -119.367    740.8    926.9
     1     1    17     8    20     2     0     0    -5.0   45.989 -119.366    733.2    927.2
     1     1    17     8    20     1     0     0    -6.0   45.961 -119.389    723.7    928.9
     1     1    17     8    20     0     0     0    -7.0   45.925 -119.409    719.9    928.9
     1     1    17     8    19    23     0     0    -8.0   45.845 -119.407    714.3    929.3
     1     1    17     8    19    22     0     0    -9.0   45.832 -119.390    715.6    928.6
     1     1    17     8    19    21     0     0   -10.0   45.927 -119.420    727.0    928.0
     1     1    17     8    19    20     0     0   -11.0   45.972 -119.512    716.8    929.7
     1     1    17     8    19    19     0     0   -12.0   45.919 -119.548    715.7    929.3
     1     1    17     8    19    18     0     0   -13.0   45.820 -119.474    717.1    931.0
     1     1    17     8    19    17     0     0   -14.0   45.717 -119.370    720.7    926.1
     1     1    17     8    19    16     0     0   -15.0   45.611 -119.244    685.7    932.7
     1     1    17     8    19    15     0     0   -16.0   45.497 -119.135    653.7    935.7
     1     1    17     8    19    14     0     0   -17.0   45.403 -119.000    644.7    938.6
