     1     1
    SITE    10     3     1     0     0
     1 BACKWARD OMEGA   
    17     8    21    12   46.392 -119.412   700.0
     1 PRESSURE
     1     1    17     8    21    12     0     0     0.0   46.392 -119.412    700.0    931.4
     1     1    17     8    21    11     0     0    -1.0   46.369 -119.320    690.5    932.5
     1     1    17     8    21    10     0     0    -2.0   46.384 -119.242    682.8    933.9
     1     1    17     8    21     9     0     0    -3.0   46.401 -119.204    688.0    932.8
     1     1    17     8    21     8     0     0    -4.0   46.398 -119.152    699.5    932.5
     1     1    17     8    21     7     0     0    -5.0   46.394 -119.083    705.8    929.2
     1     1    17     8    21     6     0     0    -6.0   46.402 -119.028    702.9    931.4
     1     1    17     8    21     5     0     0    -7.0   46.407 -118.997    704.1    931.3
     1     1    17     8    21     4     0     0    -8.0   46.393 -118.989    709.6    930.5
     1     1    17     8    21     3     0     0    -9.0   46.363 -118.959    713.9    929.7
     1     1    17     8    21     2     0     0   -10.0   46.334 -118.938    718.1    928.7
     1     1    17     8    21     1     0     0   -11.0   46.318 -118.911    720.6    928.9
     1     1    17     8    21     0     0     0   -12.0   46.284 -118.872    705.7    929.8
     1     1    17     8    20    23     0     0   -13.0   46.235 -118.877    689.2    933.2
     1     1    17     8    20    22     0     0   -14.0   46.241 -118.907    682.7    934.5
     1     1    17     8    20    21     0     0   -15.0   46.282 -118.922    691.9    932.4
     1     1    17     8    20    20     0     0   -16.0   46.281 -118.917    692.2    931.6
     1     1    17     8    20    19     0     0   -17.0   46.243 -118.890    679.1    933.5
     1     1    17     8    20    18     0     0   -18.0   46.208 -118.783    659.4    935.3
     1     1    17     8    20    17     0     0   -19.0   46.175 -118.621    660.4    935.5
     1     1    17     8    20    16     0     0   -20.0   46.154 -118.452    657.9    938.3
     1     1    17     8    20    15     0     0   -21.0   46.126 -118.291    642.3    937.7
     1     1    17     8    20    14     0     0   -22.0   46.060 -118.239    631.9    940.3
     1     1    17     8    20    13     0     0   -23.0   45.979 -118.286    637.1    938.8
     1     1    17     8    20    12     0     0   -24.0   45.915 -118.296    635.5    939.0
     1     1    17     8    20    11     0     0   -25.0   45.861 -118.295    626.1    940.5
     1     1    17     8    20    10     0     0   -26.0   45.806 -118.322    624.3    940.7
     1     1    17     8    20     9     0     0   -27.0   45.760 -118.352    618.8    940.1
     1     1    17     8    20     8     0     0   -28.0   45.709 -118.354    607.2    942.4
     1     1    17     8    20     7     0     0   -29.0   45.637 -118.321    599.5    943.0
     1     1    17     8    20     6     0     0   -30.0   45.563 -118.285    599.9    943.0
     1     1    17     8    20     5     0     0   -31.0   45.481 -118.282    605.1    942.6
     1     1    17     8    20     4     0     0   -32.0   45.391 -118.290    598.8    943.2
