     1     1
    SITE    10     3     1     0     0
     1 BACKWARD OMEGA   
    17     8    13     4   46.392 -119.412   700.0
     1 PRESSURE
     1     1    17     8    13     4     0     0     0.0   46.392 -119.412    700.0    931.4
     1     1    17     8    13     3     0     0    -1.0   46.432 -119.542    700.5    931.4
     1     1    17     8    13     2     0     0    -2.0   46.422 -119.618    696.7    931.7
     1     1    17     8    13     1     0     0    -3.0   46.371 -119.654    700.0    932.6
     1     1    17     8    13     0     0     0    -4.0   46.299 -119.657    705.1    930.6
     1     1    17     8    12    23     0     0    -5.0   46.245 -119.731    720.0    929.7
     1     1    17     8    12    22     0     0    -6.0   46.239 -119.922    703.7    927.4
     1     1    17     8    12    21     0     0    -7.0   46.324 -120.139    673.8    935.1
     1     1    17     8    12    20     0     0    -8.0   46.360 -120.345    694.2    932.2
     1     1    17     8    12    19     0     0    -9.0   46.279 -120.374    685.6    933.1
     1     1    17     8    12    18     0     0   -10.0   46.166 -120.276    656.6    937.0
     1     1    17     8    12    17     0     0   -11.0   46.018 -120.227    672.8    934.4
     1     1    17     8    12    16     0     0   -12.0   45.858 -120.164    676.4    933.5
     1     1    17     8    12    15     0     0   -13.0   45.722 -120.002    678.3    934.8
     1     1    17     8    12    14     0     0   -14.0   45.587 -119.878    692.7    932.3
     1     1    17     8    12    13     0     0   -15.0   45.443 -119.849    705.4    930.6
