     1     1
    SITE    10     3     1     0     0
     1 BACKWARD OMEGA   
    17     8    10    17   46.392 -119.412   700.0
     1 PRESSURE
     1     1    17     8    10    17     0     0     0.0   46.392 -119.412    700.0    931.4
     1     1    17     8    10    16     0     0    -1.0   46.436 -119.277    697.6    931.7
     1     1    17     8    10    15     0     0    -2.0   46.475 -119.146    695.2    931.6
     1     1    17     8    10    14     0     0    -3.0   46.513 -119.022    699.2    931.5
     1     1    17     8    10    13     0     0    -4.0   46.547 -118.913    700.5    931.4
     1     1    17     8    10    12     0     0    -5.0   46.564 -118.814    702.8    930.9
     1     1    17     8    10    11     0     0    -6.0   46.591 -118.736    696.9    931.5
     1     1    17     8    10    10     0     0    -7.0   46.605 -118.677    684.6    933.5
     1     1    17     8    10     9     0     0    -8.0   46.569 -118.599    679.1    934.1
     1     1    17     8    10     8     0     0    -9.0   46.501 -118.525    684.1    934.2
     1     1    17     8    10     7     0     0   -10.0   46.442 -118.479    689.8    932.6
     1     1    17     8    10     6     0     0   -11.0   46.429 -118.432    696.0    932.6
     1     1    17     8    10     5     0     0   -12.0   46.446 -118.388    693.4    931.0
     1     1    17     8    10     4     0     0   -13.0   46.448 -118.383    684.1    933.6
     1     1    17     8    10     3     0     0   -14.0   46.424 -118.376    680.5    933.7
     1     1    17     8    10     2     0     0   -15.0   46.413 -118.333    677.1    935.2
     1     1    17     8    10     1     0     0   -16.0   46.440 -118.289    682.4    933.5
     1     1    17     8    10     0     0     0   -17.0   46.452 -118.298    692.9    932.4
     1     1    17     8     9    23     0     0   -18.0   46.425 -118.291    696.6    931.1
     1     1    17     8     9    22     0     0   -19.0   46.388 -118.250    703.5    931.9
     1     1    17     8     9    21     0     0   -20.0   46.349 -118.238    715.7    929.6
     1     1    17     8     9    20     0     0   -21.0   46.318 -118.283    721.3    928.3
     1     1    17     8     9    19     0     0   -22.0   46.320 -118.258    700.5    931.6
     1     1    17     8     9    18     0     0   -23.0   46.361 -118.137    710.3    930.7
     1     1    17     8     9    17     0     0   -24.0   46.412 -118.020    716.1    929.1
     1     1    17     8     9    16     0     0   -25.0   46.464 -117.877    707.5    930.8
