     1     1
    SITE    10     3     1     0     0
     1 BACKWARD OMEGA   
    17     8     8    11   46.392 -119.412   700.0
     1 PRESSURE
     1     1    17     8     8    11     0     0     0.0   46.392 -119.412    700.0    931.4
     1     1    17     8     8    10     0     0    -1.0   46.419 -119.324    702.2    931.2
     1     1    17     8     8     9     0     0    -2.0   46.426 -119.251    704.1    930.1
     1     1    17     8     8     8     0     0    -3.0   46.421 -119.199    697.8    932.1
     1     1    17     8     8     7     0     0    -4.0   46.420 -119.161    694.2    932.1
     1     1    17     8     8     6     0     0    -5.0   46.405 -119.139    695.0    932.6
     1     1    17     8     8     5     0     0    -6.0   46.379 -119.131    692.6    931.4
     1     1    17     8     8     4     0     0    -7.0   46.376 -119.101    683.4    933.3
     1     1    17     8     8     3     0     0    -8.0   46.391 -119.055    674.9    935.8
     1     1    17     8     8     2     0     0    -9.0   46.381 -119.047    675.2    933.9
     1     1    17     8     8     1     0     0   -10.0   46.355 -119.060    673.7    934.7
     1     1    17     8     8     0     0     0   -11.0   46.307 -119.067    669.3    934.6
     1     1    17     8     7    23     0     0   -12.0   46.255 -119.090    658.6    936.3
     1     1    17     8     7    22     0     0   -13.0   46.225 -119.142    663.4    937.4
     1     1    17     8     7    21     0     0   -14.0   46.197 -119.168    670.9    933.4
     1     1    17     8     7    20     0     0   -15.0   46.154 -119.163    674.7    935.2
     1     1    17     8     7    19     0     0   -16.0   46.089 -119.159    686.1    933.1
     1     1    17     8     7    18     0     0   -17.0   46.006 -119.133    693.3    931.6
     1     1    17     8     7    17     0     0   -18.0   45.917 -119.095    694.3    932.6
     1     1    17     8     7    16     0     0   -19.0   45.825 -119.041    681.5    934.0
     1     1    17     8     7    15     0     0   -20.0   45.746 -118.954    674.5    934.5
     1     1    17     8     7    14     0     0   -21.0   45.673 -118.884    665.6    935.3
     1     1    17     8     7    13     0     0   -22.0   45.605 -118.830    639.1    938.5
     1     1    17     8     7    12     0     0   -23.0   45.548 -118.799    624.2    941.0
     1     1    17     8     7    11     0     0   -24.0   45.535 -118.764    617.9    939.9
     1     1    17     8     7    10     0     0   -25.0   45.566 -118.692    606.7    942.2
     1     1    17     8     7     9     0     0   -26.0   45.604 -118.612    601.8    943.3
     1     1    17     8     7     8     0     0   -27.0   45.627 -118.522    601.8    942.7
     1     1    17     8     7     7     0     0   -28.0   45.625 -118.453    601.7    943.4
     1     1    17     8     7     6     0     0   -29.0   45.612 -118.436    606.7    941.9
     1     1    17     8     7     5     0     0   -30.0   45.607 -118.399    606.5    942.0
     1     1    17     8     7     4     0     0   -31.0   45.585 -118.342    618.0    942.1
     1     1    17     8     7     3     0     0   -32.0   45.558 -118.296    629.4    939.0
     1     1    17     8     7     2     0     0   -33.0   45.541 -118.263    636.2    939.8
     1     1    17     8     7     1     0     0   -34.0   45.500 -118.230    644.9    937.7
     1     1    17     8     7     0     0     0   -35.0   45.455 -118.164    656.7    937.8
     1     1    17     8     6    23     0     0   -36.0   45.422 -118.089    679.2    934.1
