     1     1
    SITE    10     3     1     0     0
     1 BACKWARD OMEGA   
    17     8    21    22   46.392 -119.412   700.0
     1 PRESSURE
     1     1    17     8    21    22     0     0     0.0   46.392 -119.412    700.0    931.4
     1     1    17     8    21    21     0     0    -1.0   46.387 -119.482    696.4    931.8
     1     1    17     8    21    20     0     0    -2.0   46.355 -119.515    698.8    932.0
     1     1    17     8    21    19     0     0    -3.0   46.355 -119.536    696.8    932.0
     1     1    17     8    21    18     0     0    -4.0   46.421 -119.577    708.4    931.4
     1     1    17     8    21    17     0     0    -5.0   46.453 -119.654    710.9    929.8
     1     1    17     8    21    16     0     0    -6.0   46.479 -119.729    715.3    930.1
     1     1    17     8    21    15     0     0    -7.0   46.482 -119.761    721.4    927.4
     1     1    17     8    21    14     0     0    -8.0   46.419 -119.765    721.6    930.4
     1     1    17     8    21    13     0     0    -9.0   46.401 -119.708    736.8    926.9
     1     1    17     8    21    12     0     0   -10.0   46.392 -119.629    733.2    926.6
     1     1    17     8    21    11     0     0   -11.0   46.371 -119.539    733.7    928.3
     1     1    17     8    21    10     0     0   -12.0   46.385 -119.461    737.7    926.8
     1     1    17     8    21     9     0     0   -13.0   46.403 -119.423    734.9    927.7
     1     1    17     8    21     8     0     0   -14.0   46.400 -119.371    731.3    927.5
     1     1    17     8    21     7     0     0   -15.0   46.397 -119.301    731.0    928.8
     1     1    17     8    21     6     0     0   -16.0   46.403 -119.246    729.3    926.9
     1     1    17     8    21     5     0     0   -17.0   46.408 -119.215    721.7    929.4
     1     1    17     8    21     4     0     0   -18.0   46.394 -119.207    721.2    929.3
     1     1    17     8    21     3     0     0   -19.0   46.363 -119.179    715.9    929.0
     1     1    17     8    21     2     0     0   -20.0   46.332 -119.159    712.0    931.4
     1     1    17     8    21     1     0     0   -21.0   46.316 -119.134    713.2    928.9
     1     1    17     8    21     0     0     0   -22.0   46.284 -119.097    702.6    932.4
     1     1    17     8    20    23     0     0   -23.0   46.237 -119.100    714.0    930.3
     1     1    17     8    20    22     0     0   -24.0   46.243 -119.129    724.0    927.5
     1     1    17     8    20    21     0     0   -25.0   46.284 -119.145    721.7    928.9
     1     1    17     8    20    20     0     0   -26.0   46.283 -119.139    732.0    928.3
     1     1    17     8    20    19     0     0   -27.0   46.244 -119.114    742.3    926.8
     1     1    17     8    20    18     0     0   -28.0   46.207 -119.009    766.5    924.6
     1     1    17     8    20    17     0     0   -29.0   46.175 -118.846    761.2    924.6
     1     1    17     8    20    16     0     0   -30.0   46.154 -118.676    752.1    923.7
     1     1    17     8    20    15     0     0   -31.0   46.125 -118.522    742.9    926.9
     1     1    17     8    20    14     0     0   -32.0   46.053 -118.468    745.5    927.1
     1     1    17     8    20    13     0     0   -33.0   45.970 -118.511    769.7    923.6
     1     1    17     8    20    12     0     0   -34.0   45.906 -118.518    771.5    923.1
     1     1    17     8    20    11     0     0   -35.0   45.852 -118.517    764.0    924.0
     1     1    17     8    20    10     0     0   -36.0   45.799 -118.543    760.0    925.2
     1     1    17     8    20     9     0     0   -37.0   45.754 -118.572    766.7    924.4
     1     1    17     8    20     8     0     0   -38.0   45.703 -118.574    780.8    922.6
     1     1    17     8    20     7     0     0   -39.0   45.633 -118.544    764.5    924.1
     1     1    17     8    20     6     0     0   -40.0   45.557 -118.511    760.7    925.0
     1     1    17     8    20     5     0     0   -41.0   45.475 -118.505    779.5    922.3
     1     1    17     8    20     4     0     0   -42.0   45.387 -118.513    795.1    920.3
