     1     1
    SITE    10     3     1     0     0
     1 BACKWARD OMEGA   
    17     8    12     1   46.392 -119.412   700.0
     1 PRESSURE
     1     1    17     8    12     1     0     0     0.0   46.392 -119.412    700.0    931.4
     1     1    17     8    12     0     0     0    -1.0   46.332 -119.390    682.2    933.5
     1     1    17     8    11    23     0     0    -2.0   46.286 -119.352    662.2    936.1
     1     1    17     8    11    22     0     0    -3.0   46.239 -119.320    649.1    937.1
     1     1    17     8    11    21     0     0    -4.0   46.149 -119.291    619.7    940.0
     1     1    17     8    11    20     0     0    -5.0   46.036 -119.325    597.2    943.9
     1     1    17     8    11    19     0     0    -6.0   45.924 -119.414    605.7    942.2
     1     1    17     8    11    18     0     0    -7.0   45.824 -119.453    612.6    941.3
     1     1    17     8    11    17     0     0    -8.0   45.751 -119.436    614.8    941.3
     1     1    17     8    11    16     0     0    -9.0   45.725 -119.366    609.3    941.6
     1     1    17     8    11    15     0     0   -10.0   45.734 -119.269    606.8    942.2
     1     1    17     8    11    14     0     0   -11.0   45.734 -119.174    605.0    942.1
     1     1    17     8    11    13     0     0   -12.0   45.700 -119.075    621.8    940.9
     1     1    17     8    11    12     0     0   -13.0   45.648 -118.999    628.2    939.9
     1     1    17     8    11    11     0     0   -14.0   45.604 -118.938    622.4    940.6
     1     1    17     8    11    10     0     0   -15.0   45.598 -118.866    613.2    941.5
     1     1    17     8    11     9     0     0   -16.0   45.625 -118.778    611.6    942.3
     1     1    17     8    11     8     0     0   -17.0   45.671 -118.685    612.8    941.2
     1     1    17     8    11     7     0     0   -18.0   45.729 -118.610    620.2    942.1
     1     1    17     8    11     6     0     0   -19.0   45.782 -118.551    629.0    939.0
     1     1    17     8    11     5     0     0   -20.0   45.769 -118.524    638.8    939.5
     1     1    17     8    11     4     0     0   -21.0   45.726 -118.558    654.1    935.1
     1     1    17     8    11     3     0     0   -22.0   45.688 -118.586    651.1    937.1
     1     1    17     8    11     2     0     0   -23.0   45.650 -118.546    652.5    937.3
     1     1    17     8    11     1     0     0   -24.0   45.627 -118.496    657.5    938.2
     1     1    17     8    11     0     0     0   -25.0   45.603 -118.467    666.4    934.7
     1     1    17     8    10    23     0     0   -26.0   45.562 -118.455    664.3    934.9
     1     1    17     8    10    22     0     0   -27.0   45.523 -118.499    660.5    937.7
     1     1    17     8    10    21     0     0   -28.0   45.511 -118.519    666.8    935.0
     1     1    17     8    10    20     0     0   -29.0   45.520 -118.525    665.1    935.3
     1     1    17     8    10    19     0     0   -30.0   45.512 -118.587    662.5    935.0
     1     1    17     8    10    18     0     0   -31.0   45.502 -118.563    658.0    936.4
     1     1    17     8    10    17     0     0   -32.0   45.537 -118.437    636.8    939.1
     1     1    17     8    10    16     0     0   -33.0   45.581 -118.307    632.3    939.7
     1     1    17     8    10    15     0     0   -34.0   45.620 -118.177    639.3    938.9
     1     1    17     8    10    14     0     0   -35.0   45.655 -118.053    665.0    935.9
     1     1    17     8    10    13     0     0   -36.0   45.687 -117.948    681.6    932.9
