     1     1
    SITE    10     3     1     0     0
     1 BACKWARD OMEGA   
    17     8     1    12   46.392 -119.412   700.0
     1 PRESSURE
     1     1    17     8     1    12     0     0     0.0   46.392 -119.412    700.0    931.4
     1     1    17     8     1    11     0     0    -1.0   46.341 -119.473    701.0    931.3
     1     1    17     8     1    10     0     0    -2.0   46.257 -119.473    683.8    933.3
     1     1    17     8     1     9     0     0    -3.0   46.192 -119.457    664.4    935.7
     1     1    17     8     1     8     0     0    -4.0   46.148 -119.451    661.0    936.3
     1     1    17     8     1     7     0     0    -5.0   46.113 -119.438    666.3    935.1
     1     1    17     8     1     6     0     0    -6.0   46.097 -119.441    665.9    935.0
     1     1    17     8     1     5     0     0    -7.0   46.086 -119.446    661.5    935.9
     1     1    17     8     1     4     0     0    -8.0   46.087 -119.416    659.2    936.7
     1     1    17     8     1     3     0     0    -9.0   46.089 -119.389    656.1    936.2
     1     1    17     8     1     2     0     0   -10.0   46.076 -119.361    653.9    937.5
     1     1    17     8     1     1     0     0   -11.0   46.049 -119.322    650.5    936.7
     1     1    17     8     1     0     0     0   -12.0   46.038 -119.273    654.2    938.2
     1     1    17     7    31    23     0     0   -13.0   46.047 -119.263    653.1    935.8
     1     1    17     7    31    22     0     0   -14.0   46.020 -119.279    646.7    937.8
     1     1    17     7    31    21     0     0   -15.0   46.007 -119.277    639.4    939.4
     1     1    17     7    31    20     0     0   -16.0   46.010 -119.301    642.9    938.4
     1     1    17     7    31    19     0     0   -17.0   45.949 -119.327    640.6    937.6
     1     1    17     7    31    18     0     0   -18.0   45.863 -119.286    622.8    941.0
     1     1    17     7    31    17     0     0   -19.0   45.841 -119.191    627.1    940.0
     1     1    17     7    31    16     0     0   -20.0   45.868 -119.095    623.6    940.4
     1     1    17     7    31    15     0     0   -21.0   45.873 -118.975    622.4    940.5
     1     1    17     7    31    14     0     0   -22.0   45.843 -118.869    622.3    940.3
     1     1    17     7    31    13     0     0   -23.0   45.832 -118.783    618.8    941.2
     1     1    17     7    31    12     0     0   -24.0   45.823 -118.680    620.0    940.6
     1     1    17     7    31    11     0     0   -25.0   45.817 -118.575    626.5    940.2
     1     1    17     7    31    10     0     0   -26.0   45.835 -118.471    638.9    939.3
     1     1    17     7    31     9     0     0   -27.0   45.819 -118.386    651.6    936.5
     1     1    17     7    31     8     0     0   -28.0   45.815 -118.376    656.8    938.1
     1     1    17     7    31     7     0     0   -29.0   45.815 -118.382    658.4    936.0
     1     1    17     7    31     6     0     0   -30.0   45.805 -118.347    651.1    937.2
     1     1    17     7    31     5     0     0   -31.0   45.802 -118.302    646.3    938.0
     1     1    17     7    31     4     0     0   -32.0   45.775 -118.274    648.0    938.3
     1     1    17     7    31     3     0     0   -33.0   45.730 -118.265    654.7    937.0
     1     1    17     7    31     2     0     0   -34.0   45.699 -118.282    659.5    935.9
     1     1    17     7    31     1     0     0   -35.0   45.721 -118.324    660.7    935.9
     1     1    17     7    31     0     0     0   -36.0   45.743 -118.271    652.3    936.5
     1     1    17     7    30    23     0     0   -37.0   45.728 -118.275    662.4    936.3
     1     1    17     7    30    22     0     0   -38.0   45.776 -118.417    678.5    933.8
     1     1    17     7    30    21     0     0   -39.0   45.880 -118.567    696.4    933.8
     1     1    17     7    30    20     0     0   -40.0   45.923 -118.747    712.6    930.6
     1     1    17     7    30    19     0     0   -41.0   45.877 -118.796    694.4    932.0
     1     1    17     7    30    18     0     0   -42.0   45.779 -118.657    662.2    935.7
     1     1    17     7    30    17     0     0   -43.0   45.666 -118.424    651.5    936.5
     1     1    17     7    30    16     0     0   -44.0   45.530 -118.259    607.6    942.3
     1     1    17     7    30    15     0     0   -45.0   45.401 -118.172    585.1    944.9
