     1     1
    SITE    10     3     1     0     0
     1 BACKWARD OMEGA   
    17     8    18    11   46.392 -119.412   700.0
     1 PRESSURE
     1     1    17     8    18    11     0     0     0.0   46.392 -119.412    700.0    931.4
     1     1    17     8    18    10     0     0    -1.0   46.269 -119.367    705.1    930.9
     1     1    17     8    18     9     0     0    -2.0   46.159 -119.353    718.7    930.1
     1     1    17     8    18     8     0     0    -3.0   46.054 -119.355    748.5    926.4
     1     1    17     8    18     7     0     0    -4.0   45.959 -119.357    754.6    923.6
     1     1    17     8    18     6     0     0    -5.0   45.908 -119.368    734.2    928.2
     1     1    17     8    18     5     0     0    -6.0   45.883 -119.401    727.7    927.9
     1     1    17     8    18     4     0     0    -7.0   45.839 -119.400    718.4    930.4
     1     1    17     8    18     3     0     0    -8.0   45.788 -119.387    711.8    930.7
     1     1    17     8    18     2     0     0    -9.0   45.737 -119.376    721.0    929.6
     1     1    17     8    18     1     0     0   -10.0   45.696 -119.377    732.4    927.3
     1     1    17     8    18     0     0     0   -11.0   45.675 -119.412    732.7    926.5
     1     1    17     8    17    23     0     0   -12.0   45.648 -119.471    722.5    928.7
     1     1    17     8    17    22     0     0   -13.0   45.640 -119.556    724.1    931.1
     1     1    17     8    17    21     0     0   -14.0   45.600 -119.623    736.2    926.6
     1     1    17     8    17    20     0     0   -15.0   45.494 -119.641    728.2    927.3
     1     1    17     8    17    19     0     0   -16.0   45.384 -119.606    699.5    931.4
