     1     1
    SITE    10     3     1     0     0
     1 BACKWARD OMEGA   
    17     8    23    10   46.392 -119.412   700.0
     1 PRESSURE
     1     1    17     8    23    10     0     0     0.0   46.392 -119.412    700.0    931.4
     1     1    17     8    23     9     0     0    -1.0   46.265 -119.401    717.9    929.4
     1     1    17     8    23     8     0     0    -2.0   46.151 -119.392    721.8    928.9
     1     1    17     8    23     7     0     0    -3.0   46.042 -119.380    728.0    929.0
     1     1    17     8    23     6     0     0    -4.0   45.957 -119.362    723.8    928.8
     1     1    17     8    23     5     0     0    -5.0   45.908 -119.350    718.5    929.3
     1     1    17     8    23     4     0     0    -6.0   45.846 -119.333    726.9    929.5
     1     1    17     8    23     3     0     0    -7.0   45.775 -119.309    723.7    928.9
     1     1    17     8    23     2     0     0    -8.0   45.737 -119.270    721.7    929.0
     1     1    17     8    23     1     0     0    -9.0   45.684 -119.255    744.0    929.2
     1     1    17     8    23     0     0     0   -10.0   45.601 -119.338    748.8    925.0
     1     1    17     8    22    23     0     0   -11.0   45.518 -119.416    729.3    927.9
     1     1    17     8    22    22     0     0   -12.0   45.429 -119.452    720.8    928.9
