     1     1
    SITE    10     3     1     0     0
     1 BACKWARD OMEGA   
    17     8    26     3   46.392 -119.412   700.0
     1 PRESSURE
     1     1    17     8    26     3     0     0     0.0   46.392 -119.412    700.0    931.4
     1     1    17     8    26     2     0     0    -1.0   46.397 -119.349    684.4    933.3
     1     1    17     8    26     1     0     0    -2.0   46.374 -119.316    676.2    935.5
     1     1    17     8    26     0     0     0    -3.0   46.371 -119.324    682.0    933.7
     1     1    17     8    25    23     0     0    -4.0   46.374 -119.342    685.6    933.0
     1     1    17     8    25    22     0     0    -5.0   46.370 -119.335    682.8    933.0
     1     1    17     8    25    21     0     0    -6.0   46.367 -119.300    681.2    934.0
     1     1    17     8    25    20     0     0    -7.0   46.349 -119.251    686.3    933.2
     1     1    17     8    25    19     0     0    -8.0   46.317 -119.175    689.3    932.3
     1     1    17     8    25    18     0     0    -9.0   46.269 -119.072    684.1    933.7
     1     1    17     8    25    17     0     0   -10.0   46.221 -118.970    694.4    932.0
     1     1    17     8    25    16     0     0   -11.0   46.170 -118.860    698.4    932.3
     1     1    17     8    25    15     0     0   -12.0   46.118 -118.738    712.9    930.9
     1     1    17     8    25    14     0     0   -13.0   46.077 -118.620    720.1    928.8
     1     1    17     8    25    13     0     0   -14.0   46.052 -118.507    710.8    930.0
     1     1    17     8    25    12     0     0   -15.0   46.040 -118.389    691.4    932.2
     1     1    17     8    25    11     0     0   -16.0   46.004 -118.335    677.3    934.4
     1     1    17     8    25    10     0     0   -17.0   45.958 -118.374    666.8    935.2
     1     1    17     8    25     9     0     0   -18.0   45.923 -118.393    671.4    936.2
     1     1    17     8    25     8     0     0   -19.0   45.883 -118.383    687.4    932.9
     1     1    17     8    25     7     0     0   -20.0   45.850 -118.360    693.6    931.0
     1     1    17     8    25     6     0     0   -21.0   45.817 -118.319    691.0    932.9
     1     1    17     8    25     5     0     0   -22.0   45.769 -118.306    686.8    932.6
     1     1    17     8    25     4     0     0   -23.0   45.721 -118.316    694.2    933.7
     1     1    17     8    25     3     0     0   -24.0   45.682 -118.337    702.9    929.9
     1     1    17     8    25     2     0     0   -25.0   45.643 -118.371    703.4    931.2
     1     1    17     8    25     1     0     0   -26.0   45.622 -118.421    708.8    930.9
     1     1    17     8    25     0     0     0   -27.0   45.592 -118.460    695.9    929.5
     1     1    17     8    24    23     0     0   -28.0   45.557 -118.502    687.5    935.2
     1     1    17     8    24    22     0     0   -29.0   45.588 -118.629    674.4    932.4
     1     1    17     8    24    21     0     0   -30.0   45.697 -118.832    711.6    930.3
     1     1    17     8    24    20     0     0   -31.0   45.846 -119.054    742.4    926.7
     1     1    17     8    24    19     0     0   -32.0   46.017 -119.299    806.0    918.8
     1     1    17     8    24    18     0     0   -33.0   46.234 -119.570    832.8    916.8
     1     1    17     8    24    17     0     0   -34.0   46.467 -119.876    862.3    912.4
     1     1    17     8    24    16     0     0   -35.0   46.694 -120.166    850.4    912.9
     1     1    17     8    24    15     0     0   -36.0   46.906 -120.419    935.9    906.3
     1     1    17     8    24    14     0     0   -37.0   47.059 -120.623    978.7    900.9
