     1     1
    SITE    10     3     1     0     0
     1 BACKWARD OMEGA   
    17     8    23     3   46.392 -119.412   700.0
     1 PRESSURE
     1     1    17     8    23     3     0     0     0.0   46.392 -119.412    700.0    931.4
     1     1    17     8    23     2     0     0    -1.0   46.352 -119.371    700.0    931.4
     1     1    17     8    23     1     0     0    -2.0   46.299 -119.359    702.1    931.2
     1     1    17     8    23     0     0     0    -3.0   46.215 -119.444    689.2    932.8
     1     1    17     8    22    23     0     0    -4.0   46.129 -119.522    681.2    933.5
     1     1    17     8    22    22     0     0    -5.0   46.039 -119.558    665.5    935.4
     1     1    17     8    22    21     0     0    -6.0   45.937 -119.568    647.1    938.0
     1     1    17     8    22    20     0     0    -7.0   45.832 -119.543    663.8    935.1
     1     1    17     8    22    19     0     0    -8.0   45.731 -119.526    654.4    936.7
     1     1    17     8    22    18     0     0    -9.0   45.635 -119.510    640.8    938.1
     1     1    17     8    22    17     0     0   -10.0   45.555 -119.464    625.8    940.4
     1     1    17     8    22    16     0     0   -11.0   45.492 -119.407    627.0    940.3
     1     1    17     8    22    15     0     0   -12.0   45.458 -119.334    638.1    939.4
     1     1    17     8    22    14     0     0   -13.0   45.449 -119.246    638.9    937.0
     1     1    17     8    22    13     0     0   -14.0   45.422 -119.191    634.5    940.2
