     1     1
    SITE    10     3     1     0     0
     1 BACKWARD OMEGA   
    17     8    17     8   46.392 -119.412   700.0
     1 PRESSURE
     1     1    17     8    17     8     0     0     0.0   46.392 -119.412    700.0    931.4
     1     1    17     8    17     7     0     0    -1.0   46.264 -119.392    695.6    932.0
     1     1    17     8    17     6     0     0    -2.0   46.149 -119.376    695.6    931.5
     1     1    17     8    17     5     0     0    -3.0   46.081 -119.406    687.5    932.8
     1     1    17     8    17     4     0     0    -4.0   46.032 -119.486    693.1    932.5
     1     1    17     8    17     3     0     0    -5.0   45.983 -119.584    676.2    930.6
     1     1    17     8    17     2     0     0    -6.0   45.966 -119.714    673.4    935.4
     1     1    17     8    17     1     0     0    -7.0   45.960 -119.864    703.5    930.7
     1     1    17     8    17     0     0     0    -8.0   45.981 -120.043    733.1    928.5
     1     1    17     8    16    23     0     0    -9.0   46.055 -120.216    738.6    927.7
     1     1    17     8    16    22     0     0   -10.0   46.191 -120.423    738.5    926.8
     1     1    17     8    16    21     0     0   -11.0   46.365 -120.682    752.4    925.9
