     1     1
    SITE    10     3     1     0     0
     1 BACKWARD OMEGA   
    17     8     8    16   46.392 -119.412   700.0
     1 PRESSURE
     1     1    17     8     8    16     0     0     0.0   46.392 -119.412    700.0    931.4
     1     1    17     8     8    15     0     0    -1.0   46.414 -119.299    709.6    930.2
     1     1    17     8     8    14     0     0    -2.0   46.396 -119.184    681.7    934.3
     1     1    17     8     8    13     0     0    -3.0   46.354 -119.097    675.5    934.3
     1     1    17     8     8    12     0     0    -4.0   46.333 -119.015    675.6    934.8
     1     1    17     8     8    11     0     0    -5.0   46.350 -118.924    677.0    932.9
     1     1    17     8     8    10     0     0    -6.0   46.376 -118.836    666.0    935.2
     1     1    17     8     8     9     0     0    -7.0   46.383 -118.761    652.5    937.1
     1     1    17     8     8     8     0     0    -8.0   46.379 -118.708    646.6    938.0
     1     1    17     8     8     7     0     0    -9.0   46.378 -118.671    643.6    938.0
     1     1    17     8     8     6     0     0   -10.0   46.363 -118.649    641.1    938.8
     1     1    17     8     8     5     0     0   -11.0   46.337 -118.641    637.5    938.4
     1     1    17     8     8     4     0     0   -12.0   46.335 -118.612    636.0    939.8
     1     1    17     8     8     3     0     0   -13.0   46.349 -118.568    634.2    938.7
     1     1    17     8     8     2     0     0   -14.0   46.339 -118.559    629.7    940.3
     1     1    17     8     8     1     0     0   -15.0   46.312 -118.573    624.1    940.2
     1     1    17     8     8     0     0     0   -16.0   46.264 -118.582    621.0    941.1
     1     1    17     8     7    23     0     0   -17.0   46.214 -118.606    612.7    940.7
     1     1    17     8     7    22     0     0   -18.0   46.185 -118.659    604.3    942.8
     1     1    17     8     7    21     0     0   -19.0   46.158 -118.685    599.8    943.1
     1     1    17     8     7    20     0     0   -20.0   46.116 -118.681    598.6    943.5
     1     1    17     8     7    19     0     0   -21.0   46.049 -118.675    598.4    942.8
     1     1    17     8     7    18     0     0   -22.0   45.964 -118.650    601.2    943.3
     1     1    17     8     7    17     0     0   -23.0   45.872 -118.617    626.5    941.0
     1     1    17     8     7    16     0     0   -24.0   45.781 -118.566    652.7    936.3
     1     1    17     8     7    15     0     0   -25.0   45.703 -118.482    652.3    937.2
     1     1    17     8     7    14     0     0   -26.0   45.629 -118.410    650.3    936.6
     1     1    17     8     7    13     0     0   -27.0   45.563 -118.355    631.6    939.8
     1     1    17     8     7    12     0     0   -28.0   45.509 -118.327    631.2    939.9
     1     1    17     8     7    11     0     0   -29.0   45.498 -118.294    637.9    938.2
     1     1    17     8     7    10     0     0   -30.0   45.528 -118.224    644.5    938.2
     1     1    17     8     7     9     0     0   -31.0   45.567 -118.145    647.0    937.0
     1     1    17     8     7     8     0     0   -32.0   45.590 -118.054    647.0    937.8
     1     1    17     8     7     7     0     0   -33.0   45.588 -117.982    657.5    936.3
     1     1    17     8     7     6     0     0   -34.0   45.574 -117.966    659.8    935.3
     1     1    17     8     7     5     0     0   -35.0   45.570 -117.932    655.5    936.8
