     1     1
    SITE    10     3     1     0     0
     1 BACKWARD OMEGA   
    17     8    22    17   46.392 -119.412   700.0
     1 PRESSURE
     1     1    17     8    22    17     0     0     0.0   46.392 -119.412    700.0    931.4
     1     1    17     8    22    16     0     0    -1.0   46.329 -119.356    710.7    930.2
     1     1    17     8    22    15     0     0    -2.0   46.295 -119.283    712.5    929.7
     1     1    17     8    22    14     0     0    -3.0   46.284 -119.194    712.9    931.0
     1     1    17     8    22    13     0     0    -4.0   46.258 -119.140    726.7    928.6
     1     1    17     8    22    12     0     0    -5.0   46.217 -119.100    727.4    926.6
     1     1    17     8    22    11     0     0    -6.0   46.179 -119.039    730.4    929.9
     1     1    17     8    22    10     0     0    -7.0   46.134 -118.972    739.5    925.7
     1     1    17     8    22     9     0     0    -8.0   46.078 -118.920    731.6    926.6
     1     1    17     8    22     8     0     0    -9.0   46.019 -118.885    733.0    930.6
     1     1    17     8    22     7     0     0   -10.0   45.982 -118.873    745.2    924.5
     1     1    17     8    22     6     0     0   -11.0   45.962 -118.847    736.6    926.6
     1     1    17     8    22     5     0     0   -12.0   45.959 -118.782    730.6    929.7
     1     1    17     8    22     4     0     0   -13.0   45.987 -118.718    721.0    926.4
     1     1    17     8    22     3     0     0   -14.0   46.032 -118.673    711.1    931.4
     1     1    17     8    22     2     0     0   -15.0   46.053 -118.632    710.2    929.9
     1     1    17     8    22     1     0     0   -16.0   46.038 -118.612    706.9    930.4
     1     1    17     8    22     0     0     0   -17.0   46.019 -118.573    703.5    931.3
     1     1    17     8    21    23     0     0   -18.0   46.029 -118.514    717.5    931.2
     1     1    17     8    21    22     0     0   -19.0   46.046 -118.533    720.4    926.8
     1     1    17     8    21    21     0     0   -20.0   46.042 -118.604    720.9    930.2
     1     1    17     8    21    20     0     0   -21.0   46.010 -118.636    726.2    927.6
     1     1    17     8    21    19     0     0   -22.0   46.009 -118.656    726.6    928.5
     1     1    17     8    21    18     0     0   -23.0   46.077 -118.698    727.6    927.9
     1     1    17     8    21    17     0     0   -24.0   46.110 -118.772    731.7    927.7
     1     1    17     8    21    16     0     0   -25.0   46.138 -118.844    733.9    927.3
     1     1    17     8    21    15     0     0   -26.0   46.142 -118.873    738.0    927.7
     1     1    17     8    21    14     0     0   -27.0   46.080 -118.879    722.8    929.0
     1     1    17     8    21    13     0     0   -28.0   46.062 -118.824    712.2    929.8
     1     1    17     8    21    12     0     0   -29.0   46.053 -118.742    709.2    930.7
     1     1    17     8    21    11     0     0   -30.0   46.032 -118.650    713.9    929.5
     1     1    17     8    21    10     0     0   -31.0   46.048 -118.573    718.0    929.2
     1     1    17     8    21     9     0     0   -32.0   46.065 -118.535    721.3    928.4
     1     1    17     8    21     8     0     0   -33.0   46.062 -118.482    721.0    929.0
     1     1    17     8    21     7     0     0   -34.0   46.056 -118.412    724.1    928.9
     1     1    17     8    21     6     0     0   -35.0   46.062 -118.357    734.5    926.7
     1     1    17     8    21     5     0     0   -36.0   46.067 -118.327    736.1    927.2
     1     1    17     8    21     4     0     0   -37.0   46.052 -118.319    736.9    927.1
     1     1    17     8    21     3     0     0   -38.0   46.021 -118.293    748.3    926.9
     1     1    17     8    21     2     0     0   -39.0   45.991 -118.273    759.0    923.9
     1     1    17     8    21     1     0     0   -40.0   45.974 -118.247    756.2    924.2
     1     1    17     8    21     0     0     0   -41.0   45.940 -118.210    753.8    927.1
     1     1    17     8    20    23     0     0   -42.0   45.891 -118.214    766.5    924.1
     1     1    17     8    20    22     0     0   -43.0   45.898 -118.243    765.6    922.0
     1     1    17     8    20    21     0     0   -44.0   45.940 -118.261    765.9    924.7
     1     1    17     8    20    20     0     0   -45.0   45.940 -118.255    769.0    922.6
     1     1    17     8    20    19     0     0   -46.0   45.902 -118.229    772.1    924.7
     1     1    17     8    20    18     0     0   -47.0   45.867 -118.125    773.1    921.2
     1     1    17     8    20    17     0     0   -48.0   45.834 -117.962    791.1    921.4
