     1     1
    SITE    10     3     1     0     0
     1 BACKWARD OMEGA   
    17     8    25    23   46.392 -119.412   700.0
     1 PRESSURE
     1     1    17     8    25    23     0     0     0.0   46.392 -119.412    700.0    931.4
     1     1    17     8    25    22     0     0    -1.0   46.388 -119.405    698.4    931.6
     1     1    17     8    25    21     0     0    -2.0   46.385 -119.370    696.9    932.2
     1     1    17     8    25    20     0     0    -3.0   46.369 -119.322    698.0    931.6
     1     1    17     8    25    19     0     0    -4.0   46.336 -119.245    702.6    931.5
     1     1    17     8    25    18     0     0    -5.0   46.289 -119.139    703.0    931.2
     1     1    17     8    25    17     0     0    -6.0   46.242 -119.036    711.3    930.5
     1     1    17     8    25    16     0     0    -7.0   46.192 -118.924    719.9    928.9
     1     1    17     8    25    15     0     0    -8.0   46.141 -118.802    720.0    929.1
     1     1    17     8    25    14     0     0    -9.0   46.100 -118.683    715.4    928.8
     1     1    17     8    25    13     0     0   -10.0   46.076 -118.569    705.1    930.6
     1     1    17     8    25    12     0     0   -11.0   46.066 -118.450    689.3    932.5
     1     1    17     8    25    11     0     0   -12.0   46.030 -118.396    683.3    933.7
     1     1    17     8    25    10     0     0   -13.0   45.984 -118.436    685.5    932.8
     1     1    17     8    25     9     0     0   -14.0   45.950 -118.453    693.4    932.7
     1     1    17     8    25     8     0     0   -15.0   45.909 -118.442    708.4    930.0
     1     1    17     8    25     7     0     0   -16.0   45.875 -118.419    720.2    929.3
     1     1    17     8    25     6     0     0   -17.0   45.842 -118.378    730.9    927.9
     1     1    17     8    25     5     0     0   -18.0   45.792 -118.365    736.7    926.8
     1     1    17     8    25     4     0     0   -19.0   45.744 -118.374    741.2    928.1
     1     1    17     8    25     3     0     0   -20.0   45.705 -118.395    742.2    925.5
     1     1    17     8    25     2     0     0   -21.0   45.666 -118.429    732.4    927.6
     1     1    17     8    25     1     0     0   -22.0   45.645 -118.480    729.0    928.9
     1     1    17     8    25     0     0     0   -23.0   45.615 -118.520    721.2    927.7
     1     1    17     8    24    23     0     0   -24.0   45.580 -118.563    706.3    932.1
     1     1    17     8    24    22     0     0   -25.0   45.611 -118.689    691.7    931.3
     1     1    17     8    24    21     0     0   -26.0   45.722 -118.890    719.1    929.4
     1     1    17     8    24    20     0     0   -27.0   45.871 -119.117    756.7    925.7
     1     1    17     8    24    19     0     0   -28.0   46.044 -119.360    828.1    917.3
     1     1    17     8    24    18     0     0   -29.0   46.261 -119.634    836.7    916.6
     1     1    17     8    24    17     0     0   -30.0   46.494 -119.938    860.2    910.6
     1     1    17     8    24    16     0     0   -31.0   46.722 -120.229    849.2    914.6
     1     1    17     8    24    15     0     0   -32.0   46.935 -120.482    947.2    903.0
     1     1    17     8    24    14     0     0   -33.0   47.087 -120.686    991.4    899.2
