     1     1
    SITE    10     3     1     0     0
     1 BACKWARD OMEGA   
    17     8     2     4   46.392 -119.412   700.0
     1 PRESSURE
     1     1    17     8     2     4     0     0     0.0   46.392 -119.412    700.0    931.4
     1     1    17     8     2     3     0     0    -1.0   46.438 -119.398    704.7    930.9
     1     1    17     8     2     2     0     0    -2.0   46.484 -119.493    694.8    931.9
     1     1    17     8     2     1     0     0    -3.0   46.462 -119.599    703.2    931.0
     1     1    17     8     2     0     0     0    -4.0   46.446 -119.675    714.4    929.4
     1     1    17     8     1    23     0     0    -5.0   46.448 -119.741    714.1    929.2
     1     1    17     8     1    22     0     0    -6.0   46.481 -119.747    721.2    930.3
     1     1    17     8     1    21     0     0    -7.0   46.543 -119.760    713.0    929.6
     1     1    17     8     1    20     0     0    -8.0   46.591 -119.815    703.5    932.0
     1     1    17     8     1    19     0     0    -9.0   46.599 -119.783    701.1    931.0
     1     1    17     8     1    18     0     0   -10.0   46.618 -119.681    677.0    933.8
     1     1    17     8     1    17     0     0   -11.0   46.693 -119.529    648.5    937.3
     1     1    17     8     1    16     0     0   -12.0   46.764 -119.338    642.9    938.7
     1     1    17     8     1    15     0     0   -13.0   46.822 -119.132    635.8    939.6
     1     1    17     8     1    14     0     0   -14.0   46.894 -118.998    638.0    938.0
     1     1    17     8     1    13     0     0   -15.0   46.936 -118.900    608.3    941.7
     1     1    17     8     1    12     0     0   -16.0   46.925 -118.886    572.7    946.2
     1     1    17     8     1    11     0     0   -17.0   46.875 -118.946    558.1    947.7
     1     1    17     8     1    10     0     0   -18.0   46.794 -118.947    548.5    948.3
     1     1    17     8     1     9     0     0   -19.0   46.729 -118.937    537.2    949.6
     1     1    17     8     1     8     0     0   -20.0   46.685 -118.932    531.0    950.6
     1     1    17     8     1     7     0     0   -21.0   46.650 -118.920    533.6    950.1
     1     1    17     8     1     6     0     0   -22.0   46.635 -118.924    533.7    949.8
     1     1    17     8     1     5     0     0   -23.0   46.624 -118.929    532.5    950.3
     1     1    17     8     1     4     0     0   -24.0   46.627 -118.898    535.3    950.2
     1     1    17     8     1     3     0     0   -25.0   46.630 -118.872    538.8    949.1
     1     1    17     8     1     2     0     0   -26.0   46.617 -118.844    536.2    949.5
     1     1    17     8     1     1     0     0   -27.0   46.588 -118.805    530.8    950.3
     1     1    17     8     1     0     0     0   -28.0   46.577 -118.751    532.9    950.9
     1     1    17     7    31    23     0     0   -29.0   46.587 -118.740    537.3    949.2
     1     1    17     7    31    22     0     0   -30.0   46.559 -118.754    538.4    949.6
     1     1    17     7    31    21     0     0   -31.0   46.548 -118.750    530.6    950.0
     1     1    17     7    31    20     0     0   -32.0   46.551 -118.774    530.7    950.6
     1     1    17     7    31    19     0     0   -33.0   46.489 -118.799    533.3    950.1
     1     1    17     7    31    18     0     0   -34.0   46.404 -118.756    522.1    951.0
     1     1    17     7    31    17     0     0   -35.0   46.379 -118.662    510.2    953.3
     1     1    17     7    31    16     0     0   -36.0   46.404 -118.566    525.4    951.9
     1     1    17     7    31    15     0     0   -37.0   46.410 -118.446    523.5    950.0
     1     1    17     7    31    14     0     0   -38.0   46.383 -118.340    508.2    953.4
     1     1    17     7    31    13     0     0   -39.0   46.374 -118.254    510.0    952.7
     1     1    17     7    31    12     0     0   -40.0   46.364 -118.151    516.6    953.0
     1     1    17     7    31    11     0     0   -41.0   46.358 -118.047    515.5    952.2
     1     1    17     7    31    10     0     0   -42.0   46.375 -117.944    516.1    951.9
