     1     1
    SITE    10     3     1     0     0
     1 BACKWARD OMEGA   
    17     8    29    23   46.392 -119.412   700.0
     1 PRESSURE
     1     1    17     8    29    23     0     0     0.0   46.392 -119.412    700.0    931.4
     1     1    17     8    29    22     0     0    -1.0   46.386 -119.458    713.2    929.9
     1     1    17     8    29    21     0     0    -2.0   46.342 -119.495    730.9    928.1
     1     1    17     8    29    20     0     0    -3.0   46.265 -119.450    747.3    926.2
     1     1    17     8    29    19     0     0    -4.0   46.194 -119.411    759.3    924.2
     1     1    17     8    29    18     0     0    -5.0   46.108 -119.376    742.9    926.6
     1     1    17     8    29    17     0     0    -6.0   46.037 -119.309    748.9    926.2
     1     1    17     8    29    16     0     0    -7.0   45.988 -119.217    750.9    925.2
     1     1    17     8    29    15     0     0    -8.0   45.963 -119.124    739.8    926.6
     1     1    17     8    29    14     0     0    -9.0   45.947 -119.038    735.5    928.5
     1     1    17     8    29    13     0     0   -10.0   45.927 -118.949    748.1    926.7
     1     1    17     8    29    12     0     0   -11.0   45.917 -118.850    742.0    923.7
     1     1    17     8    29    11     0     0   -12.0   45.919 -118.760    728.2    928.5
     1     1    17     8    29    10     0     0   -13.0   45.893 -118.717    729.8    928.2
     1     1    17     8    29     9     0     0   -14.0   45.844 -118.718    724.6    928.1
     1     1    17     8    29     8     0     0   -15.0   45.798 -118.735    731.5    929.7
     1     1    17     8    29     7     0     0   -16.0   45.773 -118.733    743.5    925.1
     1     1    17     8    29     6     0     0   -17.0   45.768 -118.711    741.9    926.5
     1     1    17     8    29     5     0     0   -18.0   45.752 -118.696    737.3    926.9
     1     1    17     8    29     4     0     0   -19.0   45.744 -118.635    712.5    927.9
     1     1    17     8    29     3     0     0   -20.0   45.770 -118.525    698.7    932.3
     1     1    17     8    29     2     0     0   -21.0   45.816 -118.415    709.3    930.1
     1     1    17     8    29     1     0     0   -22.0   45.859 -118.337    706.2    929.9
     1     1    17     8    29     0     0     0   -23.0   45.857 -118.318    693.2    933.4
     1     1    17     8    28    23     0     0   -24.0   45.819 -118.328    690.9    933.0
     1     1    17     8    28    22     0     0   -25.0   45.790 -118.312    697.6    932.2
     1     1    17     8    28    21     0     0   -26.0   45.765 -118.278    697.8    930.8
     1     1    17     8    28    20     0     0   -27.0   45.739 -118.305    685.8    932.4
     1     1    17     8    28    19     0     0   -28.0   45.701 -118.346    676.9    935.6
     1     1    17     8    28    18     0     0   -29.0   45.715 -118.397    686.7    933.8
     1     1    17     8    28    17     0     0   -30.0   45.797 -118.487    675.5    934.7
     1     1    17     8    28    16     0     0   -31.0   45.884 -118.535    679.6    933.9
     1     1    17     8    28    15     0     0   -32.0   45.973 -118.553    684.9    932.5
     1     1    17     8    28    14     0     0   -33.0   45.975 -118.561    694.2    932.4
     1     1    17     8    28    13     0     0   -34.0   45.884 -118.572    706.9    930.7
     1     1    17     8    28    12     0     0   -35.0   45.877 -118.535    694.4    931.8
     1     1    17     8    28    11     0     0   -36.0   45.963 -118.489    699.1    932.7
     1     1    17     8    28    10     0     0   -37.0   45.965 -118.494    711.6    929.7
     1     1    17     8    28     9     0     0   -38.0   45.972 -118.516    709.2    930.7
     1     1    17     8    28     8     0     0   -39.0   45.980 -118.547    694.6    931.2
     1     1    17     8    28     7     0     0   -40.0   45.922 -118.521    684.5    933.4
     1     1    17     8    28     6     0     0   -41.0   45.879 -118.522    680.1    932.7
     1     1    17     8    28     5     0     0   -42.0   45.837 -118.495    671.4    934.6
     1     1    17     8    28     4     0     0   -43.0   45.797 -118.428    665.2    936.1
     1     1    17     8    28     3     0     0   -44.0   45.749 -118.468    678.0    933.8
     1     1    17     8    28     2     0     0   -45.0   45.742 -118.496    683.2    933.0
     1     1    17     8    28     1     0     0   -46.0   45.748 -118.450    684.8    933.6
     1     1    17     8    28     0     0     0   -47.0   45.726 -118.392    680.6    932.8
     1     1    17     8    27    23     0     0   -48.0   45.695 -118.331    660.5    935.2
     1     1    17     8    27    22     0     0   -49.0   45.676 -118.262    648.8    939.4
     1     1    17     8    27    21     0     0   -50.0   45.663 -118.203    645.9    936.9
     1     1    17     8    27    20     0     0   -51.0   45.637 -118.176    643.0    939.6
     1     1    17     8    27    19     0     0   -52.0   45.610 -118.177    646.9    937.3
     1     1    17     8    27    18     0     0   -53.0   45.598 -118.169    650.2    937.8
     1     1    17     8    27    17     0     0   -54.0   45.592 -118.148    653.2    936.7
     1     1    17     8    27    16     0     0   -55.0   45.578 -118.110    658.0    936.9
     1     1    17     8    27    15     0     0   -56.0   45.551 -118.045    675.7    934.7
     1     1    17     8    27    14     0     0   -57.0   45.511 -117.970    711.7    932.1
     1     1    17     8    27    13     0     0   -58.0   45.469 -117.894    750.8    923.8
