     1     1
    SITE    10     3     1     0     0
     1 BACKWARD OMEGA   
    17     8    19    15   46.392 -119.412   700.0
     1 PRESSURE
     1     1    17     8    19    15     0     0     0.0   46.392 -119.412    700.0    931.4
     1     1    17     8    19    14     0     0    -1.0   46.299 -119.279    742.4    926.5
     1     1    17     8    19    13     0     0    -2.0   46.266 -119.251    743.1    926.3
     1     1    17     8    19    12     0     0    -3.0   46.265 -119.377    771.8    924.5
     1     1    17     8    19    11     0     0    -4.0   46.230 -119.444    795.5    920.0
     1     1    17     8    19    10     0     0    -5.0   46.178 -119.505    787.7    920.8
     1     1    17     8    19     9     0     0    -6.0   46.198 -119.592    774.6    923.3
     1     1    17     8    19     8     0     0    -7.0   46.283 -119.684    799.0    920.3
     1     1    17     8    19     7     0     0    -8.0   46.292 -119.787    810.7    917.9
     1     1    17     8    19     6     0     0    -9.0   46.240 -119.853    805.7    919.6
     1     1    17     8    19     5     0     0   -10.0   46.193 -119.892    804.5    919.4
     1     1    17     8    19     4     0     0   -11.0   46.114 -119.920    816.1    920.8
     1     1    17     8    19     3     0     0   -12.0   46.038 -119.979    815.3    918.1
     1     1    17     8    19     2     0     0   -13.0   46.050 -120.104    793.1    920.4
     1     1    17     8    19     1     0     0   -14.0   46.133 -120.232    787.4    921.3
     1     1    17     8    19     0     0     0   -15.0   46.214 -120.347    767.1    923.0
     1     1    17     8    18    23     0     0   -16.0   46.339 -120.547    707.7    929.7
