     1     1
    SITE    10     3     1     0     0
     1 BACKWARD OMEGA   
    17     8     6     4   46.392 -119.412   700.0
     1 PRESSURE
     1     1    17     8     6     4     0     0     0.0   46.392 -119.412    700.0    931.4
     1     1    17     8     6     3     0     0    -1.0   46.359 -119.416    697.9    931.7
     1     1    17     8     6     2     0     0    -2.0   46.333 -119.388    696.8    931.9
     1     1    17     8     6     1     0     0    -3.0   46.294 -119.363    698.5    932.0
     1     1    17     8     6     0     0     0    -4.0   46.242 -119.368    694.8    931.6
     1     1    17     8     5    23     0     0    -5.0   46.254 -119.341    691.5    934.0
     1     1    17     8     5    22     0     0    -6.0   46.285 -119.283    699.4    930.5
     1     1    17     8     5    21     0     0    -7.0   46.268 -119.254    696.0    931.6
     1     1    17     8     5    20     0     0    -8.0   46.214 -119.271    718.2    931.9
     1     1    17     8     5    19     0     0    -9.0   46.141 -119.316    731.2    927.7
     1     1    17     8     5    18     0     0   -10.0   46.074 -119.316    734.0    927.8
     1     1    17     8     5    17     0     0   -11.0   46.063 -119.245    758.7    924.7
     1     1    17     8     5    16     0     0   -12.0   46.104 -119.132    774.1    923.4
     1     1    17     8     5    15     0     0   -13.0   46.149 -119.008    780.6    922.3
     1     1    17     8     5    14     0     0   -14.0   46.195 -118.888    784.6    921.5
     1     1    17     8     5    13     0     0   -15.0   46.233 -118.770    782.5    922.2
     1     1    17     8     5    12     0     0   -16.0   46.291 -118.681    797.9    920.5
     1     1    17     8     5    11     0     0   -17.0   46.377 -118.601    817.2    917.1
     1     1    17     8     5    10     0     0   -18.0   46.467 -118.561    789.1    921.8
     1     1    17     8     5     9     0     0   -19.0   46.483 -118.567    769.4    923.8
     1     1    17     8     5     8     0     0   -20.0   46.434 -118.546    766.7    924.9
     1     1    17     8     5     7     0     0   -21.0   46.392 -118.523    762.9    923.0
     1     1    17     8     5     6     0     0   -22.0   46.350 -118.508    754.7    925.8
     1     1    17     8     5     5     0     0   -23.0   46.353 -118.465    742.2    925.5
     1     1    17     8     5     4     0     0   -24.0   46.388 -118.393    727.2    929.0
     1     1    17     8     5     3     0     0   -25.0   46.387 -118.340    722.4    928.4
     1     1    17     8     5     2     0     0   -26.0   46.348 -118.314    717.2    929.5
     1     1    17     8     5     1     0     0   -27.0   46.315 -118.280    716.8    930.1
     1     1    17     8     5     0     0     0   -28.0   46.329 -118.232    721.0    929.0
     1     1    17     8     4    23     0     0   -29.0   46.384 -118.185    730.5    928.2
     1     1    17     8     4    22     0     0   -30.0   46.412 -118.124    742.9    926.4
     1     1    17     8     4    21     0     0   -31.0   46.407 -118.122    734.8    925.7
     1     1    17     8     4    20     0     0   -32.0   46.425 -118.184    716.2    929.9
     1     1    17     8     4    19     0     0   -33.0   46.433 -118.174    715.6    930.8
     1     1    17     8     4    18     0     0   -34.0   46.455 -118.092    734.3    929.2
     1     1    17     8     4    17     0     0   -35.0   46.523 -117.983    731.0    928.5
