     1     1
    SITE    10     3     1     0     0
     1 BACKWARD OMEGA   
    17     8    27    14   46.392 -119.412   700.0
     1 PRESSURE
     1     1    17     8    27    14     0     0     0.0   46.392 -119.412    700.0    931.4
     1     1    17     8    27    13     0     0    -1.0   46.351 -119.332    687.9    932.8
     1     1    17     8    27    12     0     0    -2.0   46.354 -119.266    684.6    936.7
     1     1    17     8    27    11     0     0    -3.0   46.348 -119.217    694.0    930.6
     1     1    17     8    27    10     0     0    -4.0   46.312 -119.170    683.7    934.0
     1     1    17     8    27     9     0     0    -5.0   46.301 -119.113    679.2    934.4
     1     1    17     8    27     8     0     0    -6.0   46.298 -119.048    686.3    933.9
     1     1    17     8    27     7     0     0    -7.0   46.312 -118.984    694.5    931.1
     1     1    17     8    27     6     0     0    -8.0   46.330 -118.973    695.4    931.9
     1     1    17     8    27     5     0     0    -9.0   46.323 -118.981    692.9    931.7
     1     1    17     8    27     4     0     0   -10.0   46.335 -118.941    684.1    933.1
     1     1    17     8    27     3     0     0   -11.0   46.360 -118.870    683.0    934.5
     1     1    17     8    27     2     0     0   -12.0   46.371 -118.791    689.4    931.3
     1     1    17     8    27     1     0     0   -13.0   46.381 -118.726    687.6    933.1
     1     1    17     8    27     0     0     0   -14.0   46.374 -118.675    682.5    932.8
     1     1    17     8    26    23     0     0   -15.0   46.384 -118.627    677.1    934.6
     1     1    17     8    26    22     0     0   -16.0   46.420 -118.571    685.1    933.1
     1     1    17     8    26    21     0     0   -17.0   46.429 -118.561    690.4    932.2
     1     1    17     8    26    20     0     0   -18.0   46.414 -118.593    690.3    931.8
     1     1    17     8    26    19     0     0   -19.0   46.403 -118.568    683.0    933.3
     1     1    17     8    26    18     0     0   -20.0   46.432 -118.509    690.6    934.6
     1     1    17     8    26    17     0     0   -21.0   46.499 -118.458    703.9    930.4
     1     1    17     8    26    16     0     0   -22.0   46.572 -118.397    701.0    930.9
     1     1    17     8    26    15     0     0   -23.0   46.646 -118.334    696.1    932.0
     1     1    17     8    26    14     0     0   -24.0   46.676 -118.257    712.7    930.1
     1     1    17     8    26    13     0     0   -25.0   46.680 -118.156    721.0    927.7
     1     1    17     8    26    12     0     0   -26.0   46.698 -118.052    740.4    927.1
     1     1    17     8    26    11     0     0   -27.0   46.700 -117.959    760.3    924.0
     1     1    17     8    26    10     0     0   -28.0   46.709 -117.879    768.3    924.1
