     1     1
    SITE    10     3     1     0     0
     1 BACKWARD OMEGA   
    17     8    29    22   46.392 -119.412   700.0
     1 PRESSURE
     1     1    17     8    29    22     0     0     0.0   46.392 -119.412    700.0    931.4
     1     1    17     8    29    21     0     0    -1.0   46.348 -119.448    710.9    930.2
     1     1    17     8    29    20     0     0    -2.0   46.271 -119.404    723.8    929.1
     1     1    17     8    29    19     0     0    -3.0   46.200 -119.365    748.3    925.4
     1     1    17     8    29    18     0     0    -4.0   46.114 -119.330    736.2    927.4
     1     1    17     8    29    17     0     0    -5.0   46.044 -119.263    740.1    927.1
     1     1    17     8    29    16     0     0    -6.0   45.994 -119.171    739.7    926.5
     1     1    17     8    29    15     0     0    -7.0   45.970 -119.078    726.0    928.4
     1     1    17     8    29    14     0     0    -8.0   45.953 -118.992    711.4    930.0
     1     1    17     8    29    13     0     0    -9.0   45.932 -118.903    710.9    931.7
     1     1    17     8    29    12     0     0   -10.0   45.922 -118.804    708.1    928.7
     1     1    17     8    29    11     0     0   -11.0   45.924 -118.714    704.7    931.0
     1     1    17     8    29    10     0     0   -12.0   45.898 -118.671    707.1    930.7
     1     1    17     8    29     9     0     0   -13.0   45.849 -118.673    703.9    930.2
     1     1    17     8    29     8     0     0   -14.0   45.802 -118.690    705.6    932.2
     1     1    17     8    29     7     0     0   -15.0   45.777 -118.689    713.0    929.1
     1     1    17     8    29     6     0     0   -16.0   45.772 -118.666    710.2    930.1
     1     1    17     8    29     5     0     0   -17.0   45.756 -118.651    706.7    930.7
     1     1    17     8    29     4     0     0   -18.0   45.747 -118.591    687.9    931.2
     1     1    17     8    29     3     0     0   -19.0   45.774 -118.480    670.8    935.6
     1     1    17     8    29     2     0     0   -20.0   45.820 -118.372    678.0    934.2
     1     1    17     8    29     1     0     0   -21.0   45.864 -118.295    675.8    933.7
     1     1    17     8    29     0     0     0   -22.0   45.862 -118.275    665.4    936.7
     1     1    17     8    28    23     0     0   -23.0   45.824 -118.285    665.0    935.7
     1     1    17     8    28    22     0     0   -24.0   45.794 -118.269    668.3    935.5
     1     1    17     8    28    21     0     0   -25.0   45.769 -118.234    664.6    935.1
     1     1    17     8    28    20     0     0   -26.0   45.743 -118.261    653.6    936.5
     1     1    17     8    28    19     0     0   -27.0   45.705 -118.302    645.5    939.1
     1     1    17     8    28    18     0     0   -28.0   45.720 -118.353    653.3    938.5
     1     1    17     8    28    17     0     0   -29.0   45.803 -118.442    650.1    937.0
     1     1    17     8    28    16     0     0   -30.0   45.890 -118.493    647.4    938.5
     1     1    17     8    28    15     0     0   -31.0   45.979 -118.512    655.1    936.1
     1     1    17     8    28    14     0     0   -32.0   45.982 -118.519    662.1    936.4
     1     1    17     8    28    13     0     0   -33.0   45.891 -118.531    682.6    933.8
     1     1    17     8    28    12     0     0   -34.0   45.886 -118.497    683.6    932.9
     1     1    17     8    28    11     0     0   -35.0   45.971 -118.453    691.8    933.5
     1     1    17     8    28    10     0     0   -36.0   45.973 -118.458    707.0    930.1
     1     1    17     8    28     9     0     0   -37.0   45.980 -118.480    706.8    931.0
     1     1    17     8    28     8     0     0   -38.0   45.986 -118.511    695.3    931.3
     1     1    17     8    28     7     0     0   -39.0   45.928 -118.485    694.7    932.3
     1     1    17     8    28     6     0     0   -40.0   45.885 -118.487    701.3    930.0
     1     1    17     8    28     5     0     0   -41.0   45.843 -118.459    687.3    932.8
     1     1    17     8    28     4     0     0   -42.0   45.803 -118.393    681.9    933.7
     1     1    17     8    28     3     0     0   -43.0   45.756 -118.433    689.8    932.8
     1     1    17     8    28     2     0     0   -44.0   45.749 -118.461    694.0    931.8
     1     1    17     8    28     1     0     0   -45.0   45.755 -118.415    693.8    932.2
     1     1    17     8    28     0     0     0   -46.0   45.733 -118.357    686.4    932.4
     1     1    17     8    27    23     0     0   -47.0   45.702 -118.297    666.9    934.7
     1     1    17     8    27    22     0     0   -48.0   45.682 -118.228    656.3    938.4
     1     1    17     8    27    21     0     0   -49.0   45.669 -118.169    658.5    936.0
     1     1    17     8    27    20     0     0   -50.0   45.644 -118.143    661.7    936.9
     1     1    17     8    27    19     0     0   -51.0   45.617 -118.145    665.6    934.8
     1     1    17     8    27    18     0     0   -52.0   45.605 -118.137    666.8    935.7
     1     1    17     8    27    17     0     0   -53.0   45.599 -118.115    667.7    935.1
     1     1    17     8    27    16     0     0   -54.0   45.584 -118.077    674.1    935.2
     1     1    17     8    27    15     0     0   -55.0   45.556 -118.011    693.6    932.4
     1     1    17     8    27    14     0     0   -56.0   45.517 -117.936    730.0    929.9
