     1     1
    SITE    10     3     1     0     0
     1 BACKWARD OMEGA   
    17     8    23     6   46.392 -119.412   700.0
     1 PRESSURE
     1     1    17     8    23     6     0     0     0.0   46.392 -119.412    700.0    931.4
     1     1    17     8    23     5     0     0    -1.0   46.343 -119.400    693.0    932.2
     1     1    17     8    23     4     0     0    -2.0   46.279 -119.384    683.2    933.8
     1     1    17     8    23     3     0     0    -3.0   46.207 -119.362    684.8    933.7
     1     1    17     8    23     2     0     0    -4.0   46.168 -119.323    691.6    931.9
     1     1    17     8    23     1     0     0    -5.0   46.114 -119.312    679.7    933.1
     1     1    17     8    23     0     0     0    -6.0   46.031 -119.395    704.0    930.6
     1     1    17     8    22    23     0     0    -7.0   45.947 -119.474    704.1    931.1
     1     1    17     8    22    22     0     0    -8.0   45.857 -119.512    688.2    932.4
     1     1    17     8    22    21     0     0    -9.0   45.757 -119.525    684.3    932.2
     1     1    17     8    22    20     0     0   -10.0   45.650 -119.502    631.5    940.0
     1     1    17     8    22    19     0     0   -11.0   45.545 -119.482    617.0    941.9
     1     1    17     8    22    18     0     0   -12.0   45.449 -119.461    629.1    940.7
