     1     1
    SITE    10     3     1     0     0
     1 BACKWARD OMEGA   
    17     8    19     6   46.392 -119.412   700.0
     1 PRESSURE
     1     1    17     8    19     6     0     0     0.0   46.392 -119.412    700.0    931.4
     1     1    17     8    19     5     0     0    -1.0   46.344 -119.452    703.7    931.0
     1     1    17     8    19     4     0     0    -2.0   46.264 -119.481    702.6    929.0
     1     1    17     8    19     3     0     0    -3.0   46.186 -119.542    718.0    930.3
     1     1    17     8    19     2     0     0    -4.0   46.198 -119.672    697.3    930.9
     1     1    17     8    19     1     0     0    -5.0   46.283 -119.805    733.2    926.6
     1     1    17     8    19     0     0     0    -6.0   46.366 -119.919    770.1    923.4
     1     1    17     8    18    23     0     0    -7.0   46.490 -120.123    756.3    925.0
     1     1    17     8    18    22     0     0    -8.0   46.668 -120.385    768.4    922.0
     1     1    17     8    18    21     0     0    -9.0   46.819 -120.597    732.8    928.7
