     1     1
    SITE    10     3     1     0     0
     1 BACKWARD OMEGA   
    17     8     2     2   46.392 -119.412   700.0
     1 PRESSURE
     1     1    17     8     2     2     0     0     0.0   46.392 -119.412    700.0    931.4
     1     1    17     8     2     1     0     0    -1.0   46.369 -119.517    694.9    932.0
     1     1    17     8     2     0     0     0    -2.0   46.352 -119.594    691.0    932.7
     1     1    17     8     1    23     0     0    -3.0   46.353 -119.662    694.1    932.0
     1     1    17     8     1    22     0     0    -4.0   46.385 -119.671    689.3    931.8
     1     1    17     8     1    21     0     0    -5.0   46.448 -119.685    682.8    933.7
     1     1    17     8     1    20     0     0    -6.0   46.498 -119.740    702.2    932.6
     1     1    17     8     1    19     0     0    -7.0   46.507 -119.710    712.8    928.2
     1     1    17     8     1    18     0     0    -8.0   46.524 -119.607    704.3    929.6
     1     1    17     8     1    17     0     0    -9.0   46.599 -119.459    744.7    927.4
     1     1    17     8     1    16     0     0   -10.0   46.670 -119.270    752.7    926.1
     1     1    17     8     1    15     0     0   -11.0   46.727 -119.066    776.3    922.6
     1     1    17     8     1    14     0     0   -12.0   46.797 -118.929    790.6    920.5
     1     1    17     8     1    13     0     0   -13.0   46.838 -118.828    762.8    924.1
     1     1    17     8     1    12     0     0   -14.0   46.826 -118.814    763.0    924.6
     1     1    17     8     1    11     0     0   -15.0   46.774 -118.873    745.6    925.7
     1     1    17     8     1    10     0     0   -16.0   46.691 -118.872    739.2    928.0
     1     1    17     8     1     9     0     0   -17.0   46.626 -118.861    740.7    926.5
     1     1    17     8     1     8     0     0   -18.0   46.583 -118.855    735.0    927.5
     1     1    17     8     1     7     0     0   -19.0   46.548 -118.841    735.3    927.2
     1     1    17     8     1     6     0     0   -20.0   46.533 -118.844    728.7    927.5
     1     1    17     8     1     5     0     0   -21.0   46.522 -118.849    719.5    929.7
     1     1    17     8     1     4     0     0   -22.0   46.524 -118.819    719.3    929.6
     1     1    17     8     1     3     0     0   -23.0   46.527 -118.792    719.8    928.7
     1     1    17     8     1     2     0     0   -24.0   46.513 -118.765    718.9    929.5
     1     1    17     8     1     1     0     0   -25.0   46.486 -118.729    728.7    929.0
     1     1    17     8     1     0     0     0   -26.0   46.477 -118.679    731.6    926.6
     1     1    17     7    31    23     0     0   -27.0   46.488 -118.668    738.8    927.5
     1     1    17     7    31    22     0     0   -28.0   46.461 -118.684    740.0    926.4
     1     1    17     7    31    21     0     0   -29.0   46.449 -118.680    739.3    927.0
     1     1    17     7    31    20     0     0   -30.0   46.453 -118.704    736.8    927.6
     1     1    17     7    31    19     0     0   -31.0   46.393 -118.728    728.6    927.6
     1     1    17     7    31    18     0     0   -32.0   46.307 -118.685    710.5    931.3
     1     1    17     7    31    17     0     0   -33.0   46.283 -118.589    728.4    928.4
     1     1    17     7    31    16     0     0   -34.0   46.310 -118.492    751.1    925.9
     1     1    17     7    31    15     0     0   -35.0   46.318 -118.374    751.1    925.1
     1     1    17     7    31    14     0     0   -36.0   46.289 -118.267    747.8    925.7
     1     1    17     7    31    13     0     0   -37.0   46.279 -118.181    748.3    926.2
     1     1    17     7    31    12     0     0   -38.0   46.268 -118.080    739.7    924.5
     1     1    17     7    31    11     0     0   -39.0   46.262 -117.977    749.0    926.6
