     1     1
    SITE    10     3     1     0     0
     1 BACKWARD OMEGA   
    17     8    10    11   46.392 -119.412   700.0
     1 PRESSURE
     1     1    17     8    10    11     0     0     0.0   46.392 -119.412    700.0    931.4
     1     1    17     8    10    10     0     0    -1.0   46.406 -119.351    711.6    930.0
     1     1    17     8    10     9     0     0    -2.0   46.368 -119.275    701.4    930.3
     1     1    17     8    10     8     0     0    -3.0   46.301 -119.202    701.8    934.1
     1     1    17     8    10     7     0     0    -4.0   46.245 -119.155    706.2    930.6
     1     1    17     8    10     6     0     0    -5.0   46.233 -119.106    694.8    931.1
     1     1    17     8    10     5     0     0    -6.0   46.252 -119.062    681.6    934.4
     1     1    17     8    10     4     0     0    -7.0   46.255 -119.056    676.7    934.3
     1     1    17     8    10     3     0     0    -8.0   46.231 -119.049    671.8    934.8
     1     1    17     8    10     2     0     0    -9.0   46.220 -119.005    671.8    935.1
     1     1    17     8    10     1     0     0   -10.0   46.246 -118.959    673.1    934.4
     1     1    17     8    10     0     0     0   -11.0   46.258 -118.966    670.8    934.5
     1     1    17     8     9    23     0     0   -12.0   46.232 -118.958    650.6    936.3
     1     1    17     8     9    22     0     0   -13.0   46.197 -118.918    640.5    940.0
     1     1    17     8     9    21     0     0   -14.0   46.157 -118.905    640.1    938.5
     1     1    17     8     9    20     0     0   -15.0   46.127 -118.951    649.6    938.6
     1     1    17     8     9    19     0     0   -16.0   46.129 -118.927    646.5    937.6
     1     1    17     8     9    18     0     0   -17.0   46.170 -118.809    634.6    940.2
     1     1    17     8     9    17     0     0   -18.0   46.218 -118.696    645.3    938.6
     1     1    17     8     9    16     0     0   -19.0   46.270 -118.558    648.3    936.6
     1     1    17     8     9    15     0     0   -20.0   46.328 -118.427    636.3    939.4
     1     1    17     8     9    14     0     0   -21.0   46.374 -118.309    629.4    939.6
     1     1    17     8     9    13     0     0   -22.0   46.400 -118.195    626.2    940.8
     1     1    17     8     9    12     0     0   -23.0   46.377 -118.145    637.7    938.7
     1     1    17     8     9    11     0     0   -24.0   46.313 -118.152    645.4    938.2
     1     1    17     8     9    10     0     0   -25.0   46.287 -118.125    655.2    936.7
     1     1    17     8     9     9     0     0   -26.0   46.302 -118.056    668.4    935.4
     1     1    17     8     9     8     0     0   -27.0   46.322 -117.991    681.1    933.7
     1     1    17     8     9     7     0     0   -28.0   46.321 -117.948    681.0    932.7
     1     1    17     8     9     6     0     0   -29.0   46.300 -117.890    667.3    933.9
