     1     1
    SITE    10     3     1     0     0
     1 BACKWARD OMEGA   
    17     8    17    23   46.392 -119.412   700.0
     1 PRESSURE
     1     1    17     8    17    23     0     0     0.0   46.392 -119.412    700.0    931.4
     1     1    17     8    17    22     0     0    -1.0   46.385 -119.502    683.0    933.4
     1     1    17     8    17    21     0     0    -2.0   46.345 -119.574    668.5    937.6
     1     1    17     8    17    20     0     0    -3.0   46.235 -119.594    675.2    934.5
     1     1    17     8    17    19     0     0    -4.0   46.124 -119.562    683.8    933.6
     1     1    17     8    17    18     0     0    -5.0   46.027 -119.469    671.8    934.3
     1     1    17     8    17    17     0     0    -6.0   45.958 -119.325    662.4    936.1
     1     1    17     8    17    16     0     0    -7.0   45.969 -119.157    644.7    937.9
     1     1    17     8    17    15     0     0    -8.0   46.003 -119.007    636.5    937.8
     1     1    17     8    17    14     0     0    -9.0   45.995 -118.998    630.6    940.3
     1     1    17     8    17    13     0     0   -10.0   45.957 -119.083    619.8    940.1
     1     1    17     8    17    12     0     0   -11.0   45.883 -119.087    605.6    942.4
     1     1    17     8    17    11     0     0   -12.0   45.794 -119.037    606.0    942.7
     1     1    17     8    17    10     0     0   -13.0   45.695 -118.967    613.5    942.3
     1     1    17     8    17     9     0     0   -14.0   45.597 -118.894    620.5    940.8
     1     1    17     8    17     8     0     0   -15.0   45.483 -118.848    616.5    941.2
