     1     1
    SITE    10     3     1     0     0
     1 BACKWARD OMEGA   
    17     8     5    19   46.392 -119.412   700.0
     1 PRESSURE
     1     1    17     8     5    19     0     0     0.0   46.392 -119.412    700.0    931.4
     1     1    17     8     5    18     0     0    -1.0   46.326 -119.417    690.2    932.6
     1     1    17     8     5    17     0     0    -2.0   46.319 -119.345    686.4    933.6
     1     1    17     8     5    16     0     0    -3.0   46.359 -119.228    705.5    930.5
     1     1    17     8     5    15     0     0    -4.0   46.403 -119.104    706.5    930.3
     1     1    17     8     5    14     0     0    -5.0   46.450 -118.987    713.4    930.3
     1     1    17     8     5    13     0     0    -6.0   46.485 -118.870    715.7    929.1
     1     1    17     8     5    12     0     0    -7.0   46.542 -118.777    721.8    929.1
     1     1    17     8     5    11     0     0    -8.0   46.628 -118.697    742.4    927.5
     1     1    17     8     5    10     0     0    -9.0   46.719 -118.658    761.5    924.3
     1     1    17     8     5     9     0     0   -10.0   46.734 -118.665    770.0    923.2
     1     1    17     8     5     8     0     0   -11.0   46.686 -118.643    774.2    922.1
     1     1    17     8     5     7     0     0   -12.0   46.644 -118.620    773.2    923.6
     1     1    17     8     5     6     0     0   -13.0   46.602 -118.604    766.8    922.5
     1     1    17     8     5     5     0     0   -14.0   46.605 -118.560    753.4    925.9
     1     1    17     8     5     4     0     0   -15.0   46.640 -118.489    754.0    925.9
     1     1    17     8     5     3     0     0   -16.0   46.640 -118.437    759.7    924.6
     1     1    17     8     5     2     0     0   -17.0   46.600 -118.410    754.5    924.3
     1     1    17     8     5     1     0     0   -18.0   46.566 -118.376    746.4    926.6
     1     1    17     8     5     0     0     0   -19.0   46.580 -118.330    753.3    926.6
     1     1    17     8     4    23     0     0   -20.0   46.636 -118.283    762.2    923.7
     1     1    17     8     4    22     0     0   -21.0   46.665 -118.223    767.2    924.1
     1     1    17     8     4    21     0     0   -22.0   46.660 -118.222    776.8    922.3
     1     1    17     8     4    20     0     0   -23.0   46.679 -118.287    790.9    920.6
     1     1    17     8     4    19     0     0   -24.0   46.686 -118.277    802.1    919.5
     1     1    17     8     4    18     0     0   -25.0   46.709 -118.195    819.2    916.9
     1     1    17     8     4    17     0     0   -26.0   46.779 -118.086    827.0    917.3
     1     1    17     8     4    16     0     0   -27.0   46.845 -117.964    825.8    916.3
