     1     1
    SITE    10     3     1     0     0
     1 BACKWARD OMEGA   
    17     8    22    22   46.392 -119.412   700.0
     1 PRESSURE
     1     1    17     8    22    22     0     0     0.0   46.392 -119.412    700.0    931.4
     1     1    17     8    22    21     0     0    -1.0   46.290 -119.423    682.1    933.6
     1     1    17     8    22    20     0     0    -2.0   46.183 -119.402    701.5    930.8
     1     1    17     8    22    19     0     0    -3.0   46.080 -119.384    694.9    932.1
     1     1    17     8    22    18     0     0    -4.0   45.986 -119.361    699.5    932.1
     1     1    17     8    22    17     0     0    -5.0   45.907 -119.313    716.0    929.4
     1     1    17     8    22    16     0     0    -6.0   45.842 -119.256    715.2    929.6
     1     1    17     8    22    15     0     0    -7.0   45.806 -119.183    717.9    929.4
     1     1    17     8    22    14     0     0    -8.0   45.796 -119.095    713.6    928.9
     1     1    17     8    22    13     0     0    -9.0   45.769 -119.044    709.8    931.7
     1     1    17     8    22    12     0     0   -10.0   45.726 -119.006    714.0    928.8
     1     1    17     8    22    11     0     0   -11.0   45.688 -118.948    707.6    930.6
     1     1    17     8    22    10     0     0   -12.0   45.645 -118.882    700.5    931.2
     1     1    17     8    22     9     0     0   -13.0   45.589 -118.830    678.6    932.3
     1     1    17     8    22     8     0     0   -14.0   45.531 -118.798    657.5    938.3
     1     1    17     8    22     7     0     0   -15.0   45.494 -118.787    653.2    937.3
     1     1    17     8    22     6     0     0   -16.0   45.475 -118.762    652.5    936.9
     1     1    17     8    22     5     0     0   -17.0   45.472 -118.700    654.2    937.8
     1     1    17     8    22     4     0     0   -18.0   45.502 -118.639    670.6    935.2
     1     1    17     8    22     3     0     0   -19.0   45.549 -118.594    683.1    933.0
     1     1    17     8    22     2     0     0   -20.0   45.572 -118.553    686.7    932.3
     1     1    17     8    22     1     0     0   -21.0   45.557 -118.534    685.4    933.7
     1     1    17     8    22     0     0     0   -22.0   45.538 -118.498    688.5    932.8
     1     1    17     8    21    23     0     0   -23.0   45.547 -118.440    687.7    933.2
     1     1    17     8    21    22     0     0   -24.0   45.563 -118.457    687.1    932.8
     1     1    17     8    21    21     0     0   -25.0   45.558 -118.528    688.9    932.4
     1     1    17     8    21    20     0     0   -26.0   45.527 -118.559    692.1    932.7
     1     1    17     8    21    19     0     0   -27.0   45.527 -118.577    688.1    933.2
     1     1    17     8    21    18     0     0   -28.0   45.595 -118.616    679.0    935.2
     1     1    17     8    21    17     0     0   -29.0   45.628 -118.691    681.4    933.5
     1     1    17     8    21    16     0     0   -30.0   45.653 -118.764    660.5    935.7
     1     1    17     8    21    15     0     0   -31.0   45.655 -118.794    639.5    940.4
     1     1    17     8    21    14     0     0   -32.0   45.593 -118.799    631.1    939.0
     1     1    17     8    21    13     0     0   -33.0   45.576 -118.742    631.2    941.0
     1     1    17     8    21    12     0     0   -34.0   45.565 -118.661    633.1    939.5
     1     1    17     8    21    11     0     0   -35.0   45.546 -118.574    616.8    938.5
     1     1    17     8    21    10     0     0   -36.0   45.561 -118.498    609.2    942.1
     1     1    17     8    21     9     0     0   -37.0   45.579 -118.460    613.5    941.8
     1     1    17     8    21     8     0     0   -38.0   45.578 -118.406    619.6    940.9
     1     1    17     8    21     7     0     0   -39.0   45.573 -118.338    617.8    940.1
     1     1    17     8    21     6     0     0   -40.0   45.579 -118.285    613.2    942.5
     1     1    17     8    21     5     0     0   -41.0   45.584 -118.255    614.9    941.1
     1     1    17     8    21     4     0     0   -42.0   45.570 -118.247    612.8    941.4
     1     1    17     8    21     3     0     0   -43.0   45.539 -118.221    608.8    942.0
     1     1    17     8    21     2     0     0   -44.0   45.508 -118.203    603.9    943.1
     1     1    17     8    21     1     0     0   -45.0   45.490 -118.177    607.7    943.2
     1     1    17     8    21     0     0     0   -46.0   45.456 -118.140    613.5    940.4
     1     1    17     8    20    23     0     0   -47.0   45.407 -118.145    601.5    941.9
