     1     1
    SITE    10     3     1     0     0
     1 BACKWARD OMEGA   
    17     8    18     0   46.392 -119.412   700.0
     1 PRESSURE
     1     1    17     8    18     0     0     0     0.0   46.392 -119.412    700.0    931.4
     1     1    17     8    17    23     0     0    -1.0   46.364 -119.471    694.8    932.0
     1     1    17     8    17    22     0     0    -2.0   46.355 -119.560    687.7    932.9
     1     1    17     8    17    21     0     0    -3.0   46.315 -119.631    681.1    934.8
     1     1    17     8    17    20     0     0    -4.0   46.206 -119.652    687.7    932.8
     1     1    17     8    17    19     0     0    -5.0   46.095 -119.619    692.5    932.3
     1     1    17     8    17    18     0     0    -6.0   45.999 -119.525    673.7    934.2
     1     1    17     8    17    17     0     0    -7.0   45.930 -119.377    661.5    935.8
     1     1    17     8    17    16     0     0    -8.0   45.936 -119.210    651.1    936.2
     1     1    17     8    17    15     0     0    -9.0   45.970 -119.062    640.8    938.3
     1     1    17     8    17    14     0     0   -10.0   45.963 -119.056    639.2    938.8
     1     1    17     8    17    13     0     0   -11.0   45.924 -119.141    628.9    940.3
     1     1    17     8    17    12     0     0   -12.0   45.849 -119.145    625.5    940.0
     1     1    17     8    17    11     0     0   -13.0   45.760 -119.094    625.5    940.4
     1     1    17     8    17    10     0     0   -14.0   45.665 -119.021    650.2    938.1
     1     1    17     8    17     9     0     0   -15.0   45.568 -118.946    676.6    932.8
     1     1    17     8    17     8     0     0   -16.0   45.454 -118.898    662.7    935.7
