     1     1
    SITE    10     3     1     0     0
     1 BACKWARD OMEGA   
    17     8    10     9   46.392 -119.412   700.0
     1 PRESSURE
     1     1    17     8    10     9     0     0     0.0   46.392 -119.412    700.0    931.4
     1     1    17     8    10     8     0     0    -1.0   46.326 -119.339    703.0    931.1
     1     1    17     8    10     7     0     0    -2.0   46.269 -119.292    705.9    930.5
     1     1    17     8    10     6     0     0    -3.0   46.257 -119.241    708.8    931.3
     1     1    17     8    10     5     0     0    -4.0   46.275 -119.195    715.2    929.0
     1     1    17     8    10     4     0     0    -5.0   46.277 -119.190    715.8    929.5
     1     1    17     8    10     3     0     0    -6.0   46.253 -119.182    721.0    929.4
     1     1    17     8    10     2     0     0    -7.0   46.241 -119.138    728.3    928.4
     1     1    17     8    10     1     0     0    -8.0   46.269 -119.094    717.5    926.9
     1     1    17     8    10     0     0     0    -9.0   46.280 -119.103    717.3    931.9
     1     1    17     8     9    23     0     0   -10.0   46.253 -119.095    721.1    927.1
     1     1    17     8     9    22     0     0   -11.0   46.219 -119.054    705.6    933.4
     1     1    17     8     9    21     0     0   -12.0   46.180 -119.041    711.0    929.7
     1     1    17     8     9    20     0     0   -13.0   46.148 -119.085    716.4    929.9
     1     1    17     8     9    19     0     0   -14.0   46.150 -119.063    730.6    927.5
     1     1    17     8     9    18     0     0   -15.0   46.192 -118.945    741.1    926.7
     1     1    17     8     9    17     0     0   -16.0   46.243 -118.832    745.7    926.2
     1     1    17     8     9    16     0     0   -17.0   46.295 -118.693    747.2    925.1
     1     1    17     8     9    15     0     0   -18.0   46.351 -118.563    742.0    927.1
     1     1    17     8     9    14     0     0   -19.0   46.397 -118.444    765.3    924.5
     1     1    17     8     9    13     0     0   -20.0   46.424 -118.330    782.5    921.9
     1     1    17     8     9    12     0     0   -21.0   46.403 -118.279    780.9    922.0
     1     1    17     8     9    11     0     0   -22.0   46.340 -118.286    759.4    924.0
     1     1    17     8     9    10     0     0   -23.0   46.315 -118.258    753.6    927.5
     1     1    17     8     9     9     0     0   -24.0   46.330 -118.188    774.6    924.1
     1     1    17     8     9     8     0     0   -25.0   46.351 -118.123    784.6    919.5
     1     1    17     8     9     7     0     0   -26.0   46.348 -118.079    790.7    922.7
     1     1    17     8     9     6     0     0   -27.0   46.328 -118.022    813.6    919.1
     1     1    17     8     9     5     0     0   -28.0   46.313 -117.996    811.5    917.1
     1     1    17     8     9     4     0     0   -29.0   46.297 -117.979    805.8    920.1
     1     1    17     8     9     3     0     0   -30.0   46.272 -117.954    805.2    919.1
     1     1    17     8     9     2     0     0   -31.0   46.232 -117.958    805.6    920.1
     1     1    17     8     9     1     0     0   -32.0   46.241 -117.906    820.9    918.7
