     1     1
    SITE    10     3     1     0     0
     1 BACKWARD OMEGA   
    17     8     8     6   46.392 -119.412   700.0
     1 PRESSURE
     1     1    17     8     8     6     0     0     0.0   46.392 -119.412    700.0    931.4
     1     1    17     8     8     5     0     0    -1.0   46.365 -119.404    697.7    931.7
     1     1    17     8     8     4     0     0    -2.0   46.361 -119.374    698.0    932.2
     1     1    17     8     8     3     0     0    -3.0   46.376 -119.329    700.4    931.1
     1     1    17     8     8     2     0     0    -4.0   46.366 -119.320    698.2    931.4
     1     1    17     8     8     1     0     0    -5.0   46.339 -119.332    695.6    931.9
     1     1    17     8     8     0     0     0    -6.0   46.293 -119.338    704.7    932.3
     1     1    17     8     7    23     0     0    -7.0   46.241 -119.361    718.0    929.3
     1     1    17     8     7    22     0     0    -8.0   46.212 -119.412    728.3    928.1
     1     1    17     8     7    21     0     0    -9.0   46.184 -119.436    734.5    927.1
     1     1    17     8     7    20     0     0   -10.0   46.142 -119.430    730.7    927.5
     1     1    17     8     7    19     0     0   -11.0   46.077 -119.422    741.3    928.7
     1     1    17     8     7    18     0     0   -12.0   45.994 -119.395    754.5    924.4
     1     1    17     8     7    17     0     0   -13.0   45.904 -119.359    742.0    926.1
     1     1    17     8     7    16     0     0   -14.0   45.813 -119.306    743.9    925.7
     1     1    17     8     7    15     0     0   -15.0   45.735 -119.222    719.2    929.0
     1     1    17     8     7    14     0     0   -16.0   45.661 -119.150    700.9    931.8
     1     1    17     8     7    13     0     0   -17.0   45.596 -119.093    714.9    929.3
     1     1    17     8     7    12     0     0   -18.0   45.540 -119.061    711.5    929.8
     1     1    17     8     7    11     0     0   -19.0   45.527 -119.026    707.6    931.7
     1     1    17     8     7    10     0     0   -20.0   45.556 -118.952    702.7    930.7
     1     1    17     8     7     9     0     0   -21.0   45.592 -118.874    693.0    932.0
     1     1    17     8     7     8     0     0   -22.0   45.614 -118.784    677.1    933.9
     1     1    17     8     7     7     0     0   -23.0   45.612 -118.713    670.7    935.2
     1     1    17     8     7     6     0     0   -24.0   45.599 -118.697    672.5    933.9
     1     1    17     8     7     5     0     0   -25.0   45.594 -118.661    666.8    934.9
     1     1    17     8     7     4     0     0   -26.0   45.575 -118.605    663.3    936.2
     1     1    17     8     7     3     0     0   -27.0   45.550 -118.559    653.5    935.8
     1     1    17     8     7     2     0     0   -28.0   45.534 -118.525    647.9    938.0
     1     1    17     8     7     1     0     0   -29.0   45.494 -118.491    655.4    937.8
     1     1    17     8     7     0     0     0   -30.0   45.449 -118.424    672.7    934.1
     1     1    17     8     6    23     0     0   -31.0   45.418 -118.347    677.9    933.3
