     1     1
    SITE    10     3     1     0     0
     1 BACKWARD OMEGA   
    17     8    22    21   46.392 -119.412   700.0
     1 PRESSURE
     1     1    17     8    22    21     0     0     0.0   46.392 -119.412    700.0    931.4
     1     1    17     8    22    20     0     0    -1.0   46.283 -119.389    682.6    933.5
     1     1    17     8    22    19     0     0    -2.0   46.178 -119.373    689.1    931.5
     1     1    17     8    22    18     0     0    -3.0   46.083 -119.350    675.0    934.6
     1     1    17     8    22    17     0     0    -4.0   46.005 -119.305    662.4    936.2
     1     1    17     8    22    16     0     0    -5.0   45.942 -119.245    648.1    937.1
     1     1    17     8    22    15     0     0    -6.0   45.907 -119.171    631.8    940.8
     1     1    17     8    22    14     0     0    -7.0   45.896 -119.084    624.5    941.0
     1     1    17     8    22    13     0     0    -8.0   45.870 -119.028    622.4    940.6
     1     1    17     8    22    12     0     0    -9.0   45.828 -118.988    625.7    940.6
     1     1    17     8    22    11     0     0   -10.0   45.791 -118.928    633.8    939.4
     1     1    17     8    22    10     0     0   -11.0   45.746 -118.860    634.9    938.2
     1     1    17     8    22     9     0     0   -12.0   45.690 -118.806    622.0    940.2
     1     1    17     8    22     8     0     0   -13.0   45.632 -118.773    601.2    943.0
     1     1    17     8    22     7     0     0   -14.0   45.594 -118.761    590.6    944.8
     1     1    17     8    22     6     0     0   -15.0   45.575 -118.736    580.6    944.1
     1     1    17     8    22     5     0     0   -16.0   45.572 -118.673    574.9    947.5
     1     1    17     8    22     4     0     0   -17.0   45.600 -118.611    569.9    944.8
     1     1    17     8    22     3     0     0   -18.0   45.645 -118.565    560.7    948.1
     1     1    17     8    22     2     0     0   -19.0   45.666 -118.525    560.3    947.2
     1     1    17     8    22     1     0     0   -20.0   45.651 -118.506    561.0    947.2
     1     1    17     8    22     0     0     0   -21.0   45.631 -118.470    562.7    946.8
     1     1    17     8    21    23     0     0   -22.0   45.642 -118.415    557.0    947.6
     1     1    17     8    21    22     0     0   -23.0   45.657 -118.432    551.5    947.6
     1     1    17     8    21    21     0     0   -24.0   45.652 -118.502    552.7    948.2
     1     1    17     8    21    20     0     0   -25.0   45.620 -118.534    548.8    947.6
     1     1    17     8    21    19     0     0   -26.0   45.621 -118.551    544.0    948.9
     1     1    17     8    21    18     0     0   -27.0   45.687 -118.595    554.9    948.4
     1     1    17     8    21    17     0     0   -28.0   45.719 -118.674    566.2    946.2
     1     1    17     8    21    16     0     0   -29.0   45.745 -118.749    548.1    948.4
     1     1    17     8    21    15     0     0   -30.0   45.747 -118.780    535.9    950.6
     1     1    17     8    21    14     0     0   -31.0   45.686 -118.785    531.5    950.3
     1     1    17     8    21    13     0     0   -32.0   45.667 -118.728    519.2    951.1
     1     1    17     8    21    12     0     0   -33.0   45.658 -118.647    519.5    951.9
     1     1    17     8    21    11     0     0   -34.0   45.637 -118.556    525.0    950.3
     1     1    17     8    21    10     0     0   -35.0   45.652 -118.479    530.1    950.1
     1     1    17     8    21     9     0     0   -36.0   45.670 -118.441    530.6    950.8
     1     1    17     8    21     8     0     0   -37.0   45.667 -118.390    534.8    949.9
     1     1    17     8    21     7     0     0   -38.0   45.661 -118.321    536.3    949.5
     1     1    17     8    21     6     0     0   -39.0   45.667 -118.267    538.0    949.4
     1     1    17     8    21     5     0     0   -40.0   45.672 -118.236    537.8    949.5
     1     1    17     8    21     4     0     0   -41.0   45.658 -118.228    539.4    949.8
     1     1    17     8    21     3     0     0   -42.0   45.628 -118.201    535.3    949.4
     1     1    17     8    21     2     0     0   -43.0   45.598 -118.182    528.0    950.6
     1     1    17     8    21     1     0     0   -44.0   45.581 -118.156    523.9    951.5
     1     1    17     8    21     0     0     0   -45.0   45.547 -118.119    526.3    951.8
     1     1    17     8    20    23     0     0   -46.0   45.500 -118.124    527.1    950.8
     1     1    17     8    20    22     0     0   -47.0   45.507 -118.153    526.7    950.3
     1     1    17     8    20    21     0     0   -48.0   45.550 -118.169    526.0    951.3
     1     1    17     8    20    20     0     0   -49.0   45.549 -118.163    532.0    950.3
     1     1    17     8    20    19     0     0   -50.0   45.512 -118.136    530.0    950.7
     1     1    17     8    20    18     0     0   -51.0   45.476 -118.031    544.3    950.1
