     1     1
    SITE    10     3     1     0     0
     1 BACKWARD OMEGA   
    17     8    23    19   46.392 -119.412   700.0
     1 PRESSURE
     1     1    17     8    23    19     0     0     0.0   46.392 -119.412    700.0    931.4
     1     1    17     8    23    18     0     0    -1.0   46.330 -119.341    704.4    930.9
     1     1    17     8    23    17     0     0    -2.0   46.258 -119.259    703.0    931.2
     1     1    17     8    23    16     0     0    -3.0   46.190 -119.137    697.6    931.5
     1     1    17     8    23    15     0     0    -4.0   46.084 -119.017    676.2    934.5
     1     1    17     8    23    14     0     0    -5.0   45.967 -118.892    689.2    933.7
     1     1    17     8    23    13     0     0    -6.0   45.838 -118.772    709.0    930.7
     1     1    17     8    23    12     0     0    -7.0   45.677 -118.658    708.7    930.8
     1     1    17     8    23    11     0     0    -8.0   45.526 -118.577    721.5    928.9
     1     1    17     8    23    10     0     0    -9.0   45.384 -118.558    725.3    928.6
