     1     1
    SITE    10     3     1     0     0
     1 BACKWARD OMEGA   
    17     8     5    23   46.392 -119.412   700.0
     1 PRESSURE
     1     1    17     8     5    23     0     0     0.0   46.392 -119.412    700.0    931.4
     1     1    17     8     5    22     0     0    -1.0   46.424 -119.357    704.2    930.9
     1     1    17     8     5    21     0     0    -2.0   46.408 -119.327    703.8    930.7
     1     1    17     8     5    20     0     0    -3.0   46.354 -119.340    691.2    931.2
     1     1    17     8     5    19     0     0    -4.0   46.280 -119.388    669.2    935.3
     1     1    17     8     5    18     0     0    -5.0   46.212 -119.388    657.5    936.4
     1     1    17     8     5    17     0     0    -6.0   46.202 -119.314    639.9    938.5
     1     1    17     8     5    16     0     0    -7.0   46.244 -119.199    642.0    939.0
     1     1    17     8     5    15     0     0    -8.0   46.291 -119.074    646.6    937.7
     1     1    17     8     5    14     0     0    -9.0   46.338 -118.955    652.2    937.6
     1     1    17     8     5    13     0     0   -10.0   46.375 -118.840    677.3    934.7
     1     1    17     8     5    12     0     0   -11.0   46.434 -118.749    694.7    931.5
     1     1    17     8     5    11     0     0   -12.0   46.521 -118.666    687.3    932.5
     1     1    17     8     5    10     0     0   -13.0   46.612 -118.625    691.4    933.6
     1     1    17     8     5     9     0     0   -14.0   46.625 -118.633    709.5    930.2
     1     1    17     8     5     8     0     0   -15.0   46.576 -118.612    714.7    929.3
     1     1    17     8     5     7     0     0   -16.0   46.535 -118.590    722.6    929.6
     1     1    17     8     5     6     0     0   -17.0   46.493 -118.576    729.0    927.3
     1     1    17     8     5     5     0     0   -18.0   46.495 -118.531    724.0    928.3
     1     1    17     8     5     4     0     0   -19.0   46.531 -118.459    738.1    928.4
     1     1    17     8     5     3     0     0   -20.0   46.532 -118.406    750.5    923.9
     1     1    17     8     5     2     0     0   -21.0   46.493 -118.380    757.0    925.1
     1     1    17     8     5     1     0     0   -22.0   46.459 -118.347    764.1    923.9
     1     1    17     8     5     0     0     0   -23.0   46.473 -118.301    763.6    923.6
     1     1    17     8     4    23     0     0   -24.0   46.531 -118.256    768.5    923.5
     1     1    17     8     4    22     0     0   -25.0   46.559 -118.196    782.3    923.1
     1     1    17     8     4    21     0     0   -26.0   46.554 -118.195    792.1    918.9
     1     1    17     8     4    20     0     0   -27.0   46.572 -118.260    784.6    924.1
     1     1    17     8     4    19     0     0   -28.0   46.579 -118.252    800.3    921.3
     1     1    17     8     4    18     0     0   -29.0   46.600 -118.170    820.3    918.9
     1     1    17     8     4    17     0     0   -30.0   46.671 -118.058    817.2    917.9
     1     1    17     8     4    16     0     0   -31.0   46.738 -117.933    820.1    917.9
