     1     1
    SITE    10     3     1     0     0
     1 BACKWARD OMEGA   
    17     8    11    21   46.392 -119.412   700.0
     1 PRESSURE
     1     1    17     8    11    21     0     0     0.0   46.392 -119.412    700.0    931.4
     1     1    17     8    11    20     0     0    -1.0   46.279 -119.446    705.8    930.7
     1     1    17     8    11    19     0     0    -2.0   46.166 -119.532    707.9    930.3
     1     1    17     8    11    18     0     0    -3.0   46.069 -119.570    694.8    931.7
     1     1    17     8    11    17     0     0    -4.0   45.999 -119.554    679.9    934.2
     1     1    17     8    11    16     0     0    -5.0   45.972 -119.484    669.2    935.0
     1     1    17     8    11    15     0     0    -6.0   45.983 -119.386    668.4    935.9
     1     1    17     8    11    14     0     0    -7.0   45.983 -119.289    681.9    932.9
     1     1    17     8    11    13     0     0    -8.0   45.951 -119.193    680.6    934.4
     1     1    17     8    11    12     0     0    -9.0   45.899 -119.118    684.1    931.9
     1     1    17     8    11    11     0     0   -10.0   45.855 -119.057    680.1    934.8
     1     1    17     8    11    10     0     0   -11.0   45.849 -118.984    689.4    933.5
     1     1    17     8    11     9     0     0   -12.0   45.875 -118.901    704.6    928.7
     1     1    17     8    11     8     0     0   -13.0   45.919 -118.810    692.4    931.8
     1     1    17     8    11     7     0     0   -14.0   45.975 -118.735    679.1    934.3
     1     1    17     8    11     6     0     0   -15.0   46.026 -118.675    679.2    935.4
     1     1    17     8    11     5     0     0   -16.0   46.015 -118.647    687.8    932.5
     1     1    17     8    11     4     0     0   -17.0   45.973 -118.680    690.1    932.4
     1     1    17     8    11     3     0     0   -18.0   45.934 -118.706    689.3    932.5
     1     1    17     8    11     2     0     0   -19.0   45.898 -118.663    693.2    932.4
     1     1    17     8    11     1     0     0   -20.0   45.876 -118.612    690.8    933.0
     1     1    17     8    11     0     0     0   -21.0   45.852 -118.584    690.4    931.9
     1     1    17     8    10    23     0     0   -22.0   45.812 -118.572    688.8    933.2
     1     1    17     8    10    22     0     0   -23.0   45.774 -118.618    695.0    931.9
     1     1    17     8    10    21     0     0   -24.0   45.763 -118.642    696.5    930.9
     1     1    17     8    10    20     0     0   -25.0   45.771 -118.647    704.2    931.5
     1     1    17     8    10    19     0     0   -26.0   45.763 -118.707    699.9    929.9
     1     1    17     8    10    18     0     0   -27.0   45.754 -118.678    702.5    933.1
     1     1    17     8    10    17     0     0   -28.0   45.785 -118.551    722.6    927.5
     1     1    17     8    10    16     0     0   -29.0   45.828 -118.422    739.4    927.5
     1     1    17     8    10    15     0     0   -30.0   45.867 -118.294    763.1    925.0
     1     1    17     8    10    14     0     0   -31.0   45.903 -118.169    771.5    923.1
     1     1    17     8    10    13     0     0   -32.0   45.936 -118.060    798.9    920.8
     1     1    17     8    10    12     0     0   -33.0   45.952 -117.962    829.9    916.6
     1     1    17     8    10    11     0     0   -34.0   45.979 -117.884    841.1    914.9
