     1     1
    SITE    10     3     1     0     0
     1 BACKWARD OMEGA   
    17     8    28    18   46.392 -119.412   700.0
     1 PRESSURE
     1     1    17     8    28    18     0     0     0.0   46.392 -119.412    700.0    931.4
     1     1    17     8    28    17     0     0    -1.0   46.475 -119.501    689.6    932.6
     1     1    17     8    28    16     0     0    -2.0   46.562 -119.551    677.5    934.4
     1     1    17     8    28    15     0     0    -3.0   46.648 -119.570    669.0    935.0
     1     1    17     8    28    14     0     0    -4.0   46.648 -119.575    686.7    933.6
     1     1    17     8    28    13     0     0    -5.0   46.556 -119.588    693.3    932.1
     1     1    17     8    28    12     0     0    -6.0   46.548 -119.552    719.4    930.1
     1     1    17     8    28    11     0     0    -7.0   46.632 -119.501    746.8    925.7
     1     1    17     8    28    10     0     0    -8.0   46.632 -119.501    760.4    924.8
     1     1    17     8    28     9     0     0    -9.0   46.641 -119.518    785.0    921.8
     1     1    17     8    28     8     0     0   -10.0   46.648 -119.547    806.9    919.1
     1     1    17     8    28     7     0     0   -11.0   46.589 -119.525    812.3    918.5
     1     1    17     8    28     6     0     0   -12.0   46.546 -119.529    802.5    919.0
     1     1    17     8    28     5     0     0   -13.0   46.502 -119.504    780.9    921.3
     1     1    17     8    28     4     0     0   -14.0   46.462 -119.436    775.1    922.9
     1     1    17     8    28     3     0     0   -15.0   46.414 -119.476    769.5    923.3
     1     1    17     8    28     2     0     0   -16.0   46.406 -119.506    767.7    923.3
     1     1    17     8    28     1     0     0   -17.0   46.412 -119.459    760.5    923.6
     1     1    17     8    28     0     0     0   -18.0   46.391 -119.400    751.6    926.5
     1     1    17     8    27    23     0     0   -19.0   46.360 -119.341    746.7    925.5
     1     1    17     8    27    22     0     0   -20.0   46.340 -119.272    749.1    927.1
     1     1    17     8    27    21     0     0   -21.0   46.327 -119.211    750.8    924.3
     1     1    17     8    27    20     0     0   -22.0   46.301 -119.186    737.9    926.9
     1     1    17     8    27    19     0     0   -23.0   46.274 -119.187    729.4    928.6
     1     1    17     8    27    18     0     0   -24.0   46.262 -119.178    730.3    928.3
     1     1    17     8    27    17     0     0   -25.0   46.256 -119.156    731.5    927.6
     1     1    17     8    27    16     0     0   -26.0   46.241 -119.120    730.3    927.8
     1     1    17     8    27    15     0     0   -27.0   46.213 -119.054    722.9    928.9
     1     1    17     8    27    14     0     0   -28.0   46.175 -118.976    709.4    929.6
     1     1    17     8    27    13     0     0   -29.0   46.134 -118.899    696.7    932.7
     1     1    17     8    27    12     0     0   -30.0   46.135 -118.833    695.5    932.4
     1     1    17     8    27    11     0     0   -31.0   46.129 -118.785    696.6    931.0
     1     1    17     8    27    10     0     0   -32.0   46.095 -118.738    697.9    931.5
     1     1    17     8    27     9     0     0   -33.0   46.086 -118.681    695.9    931.4
     1     1    17     8    27     8     0     0   -34.0   46.083 -118.618    691.6    932.4
     1     1    17     8    27     7     0     0   -35.0   46.097 -118.557    685.1    932.9
     1     1    17     8    27     6     0     0   -36.0   46.115 -118.547    681.4    933.8
     1     1    17     8    27     5     0     0   -37.0   46.108 -118.555    678.0    933.4
     1     1    17     8    27     4     0     0   -38.0   46.120 -118.517    673.5    934.8
     1     1    17     8    27     3     0     0   -39.0   46.145 -118.446    671.8    934.5
     1     1    17     8    27     2     0     0   -40.0   46.155 -118.367    662.1    935.5
     1     1    17     8    27     1     0     0   -41.0   46.164 -118.302    657.9    937.4
     1     1    17     8    27     0     0     0   -42.0   46.156 -118.253    663.5    935.7
     1     1    17     8    26    23     0     0   -43.0   46.166 -118.204    660.8    935.0
     1     1    17     8    26    22     0     0   -44.0   46.202 -118.148    661.4    936.4
     1     1    17     8    26    21     0     0   -45.0   46.212 -118.139    659.0    935.4
     1     1    17     8    26    20     0     0   -46.0   46.197 -118.170    654.3    937.4
     1     1    17     8    26    19     0     0   -47.0   46.186 -118.143    646.7    936.8
     1     1    17     8    26    18     0     0   -48.0   46.216 -118.081    629.5    938.6
     1     1    17     8    26    17     0     0   -49.0   46.282 -118.028    612.4    942.1
     1     1    17     8    26    16     0     0   -50.0   46.351 -117.966    623.2    940.8
