     1     1
    SITE    10     3     1     0     0
     1 BACKWARD OMEGA   
    17     8    27     2   46.392 -119.412   700.0
     1 PRESSURE
     1     1    17     8    27     2     0     0     0.0   46.392 -119.412    700.0    931.4
     1     1    17     8    27     1     0     0    -1.0   46.401 -119.347    710.2    930.2
     1     1    17     8    27     0     0     0    -2.0   46.394 -119.297    711.8    930.5
     1     1    17     8    26    23     0     0    -3.0   46.404 -119.249    713.2    929.3
     1     1    17     8    26    22     0     0    -4.0   46.440 -119.194    716.0    930.3
     1     1    17     8    26    21     0     0    -5.0   46.450 -119.186    720.3    928.4
     1     1    17     8    26    20     0     0    -6.0   46.434 -119.217    721.2    929.2
     1     1    17     8    26    19     0     0    -7.0   46.424 -119.191    722.0    928.6
     1     1    17     8    26    18     0     0    -8.0   46.451 -119.130    728.8    929.0
     1     1    17     8    26    17     0     0    -9.0   46.516 -119.078    752.7    928.7
     1     1    17     8    26    16     0     0   -10.0   46.587 -119.016    778.5    921.9
     1     1    17     8    26    15     0     0   -11.0   46.661 -118.951    783.9    922.3
     1     1    17     8    26    14     0     0   -12.0   46.691 -118.872    789.2    921.0
     1     1    17     8    26    13     0     0   -13.0   46.696 -118.771    777.6    922.2
     1     1    17     8    26    12     0     0   -14.0   46.712 -118.666    773.8    923.3
     1     1    17     8    26    11     0     0   -15.0   46.714 -118.571    765.7    923.3
     1     1    17     8    26    10     0     0   -16.0   46.723 -118.491    744.7    927.2
     1     1    17     8    26     9     0     0   -17.0   46.748 -118.425    741.5    927.5
     1     1    17     8    26     8     0     0   -18.0   46.763 -118.374    749.3    926.5
     1     1    17     8    26     7     0     0   -19.0   46.779 -118.314    761.4    924.2
     1     1    17     8    26     6     0     0   -20.0   46.784 -118.254    762.9    923.3
     1     1    17     8    26     5     0     0   -21.0   46.777 -118.229    759.1    925.1
     1     1    17     8    26     4     0     0   -22.0   46.789 -118.179    761.1    924.6
     1     1    17     8    26     3     0     0   -23.0   46.816 -118.095    762.5    926.4
     1     1    17     8    26     2     0     0   -24.0   46.822 -118.030    776.7    922.3
     1     1    17     8    26     1     0     0   -25.0   46.799 -117.998    783.4    921.9
     1     1    17     8    26     0     0     0   -26.0   46.796 -118.006    785.9    921.4
     1     1    17     8    25    23     0     0   -27.0   46.798 -118.025    784.7    921.9
     1     1    17     8    25    22     0     0   -28.0   46.794 -118.017    788.8    921.3
     1     1    17     8    25    21     0     0   -29.0   46.791 -117.982    795.4    921.1
     1     1    17     8    25    20     0     0   -30.0   46.775 -117.935    796.7    919.2
     1     1    17     8    25    19     0     0   -31.0   46.743 -117.858    778.7    921.6
