     1     1
    SITE    10     3     1     0     0
     1 BACKWARD OMEGA   
    17     8    20     3   46.392 -119.412   700.0
     1 PRESSURE
     1     1    17     8    20     3     0     0     0.0   46.392 -119.412    700.0    931.4
     1     1    17     8    20     2     0     0    -1.0   46.328 -119.413    708.9    930.4
     1     1    17     8    20     1     0     0    -2.0   46.300 -119.434    704.2    930.8
     1     1    17     8    20     0     0     0    -3.0   46.265 -119.456    700.1    931.9
     1     1    17     8    19    23     0     0    -4.0   46.184 -119.459    705.1    931.2
     1     1    17     8    19    22     0     0    -5.0   46.171 -119.443    706.4    930.8
     1     1    17     8    19    21     0     0    -6.0   46.271 -119.472    704.4    931.2
     1     1    17     8    19    20     0     0    -7.0   46.318 -119.565    707.0    929.6
     1     1    17     8    19    19     0     0    -8.0   46.267 -119.597    701.4    931.7
     1     1    17     8    19    18     0     0    -9.0   46.167 -119.520    718.2    929.7
     1     1    17     8    19    17     0     0   -10.0   46.061 -119.415    730.7    927.6
     1     1    17     8    19    16     0     0   -11.0   45.956 -119.292    743.2    928.3
     1     1    17     8    19    15     0     0   -12.0   45.843 -119.179    753.1    924.9
     1     1    17     8    19    14     0     0   -13.0   45.749 -119.044    768.0    923.7
     1     1    17     8    19    13     0     0   -14.0   45.716 -119.016    773.7    922.1
     1     1    17     8    19    12     0     0   -15.0   45.716 -119.139    765.3    925.1
     1     1    17     8    19    11     0     0   -16.0   45.681 -119.206    774.7    922.3
     1     1    17     8    19    10     0     0   -17.0   45.629 -119.266    772.9    922.9
     1     1    17     8    19     9     0     0   -18.0   45.652 -119.351    771.7    923.1
     1     1    17     8    19     8     0     0   -19.0   45.736 -119.442    746.1    926.4
     1     1    17     8    19     7     0     0   -20.0   45.746 -119.546    776.8    922.9
     1     1    17     8    19     6     0     0   -21.0   45.695 -119.613    790.4    920.8
     1     1    17     8    19     5     0     0   -22.0   45.646 -119.654    789.5    921.5
     1     1    17     8    19     4     0     0   -23.0   45.568 -119.682    798.6    919.7
     1     1    17     8    19     3     0     0   -24.0   45.493 -119.740    801.1    920.1
     1     1    17     8    19     2     0     0   -25.0   45.505 -119.864    807.0    918.8
     1     1    17     8    19     1     0     0   -26.0   45.587 -119.992    811.2    918.3
     1     1    17     8    19     0     0     0   -27.0   45.668 -120.107    819.7    918.1
     1     1    17     8    18    23     0     0   -28.0   45.794 -120.307    850.5    913.8
     1     1    17     8    18    22     0     0   -29.0   45.970 -120.568    913.0    908.4
