     1     1
    SITE    10     3     1     0     0
     1 BACKWARD OMEGA   
    17     8    19     9   46.392 -119.412   700.0
     1 PRESSURE
     1     1    17     8    19     9     0     0     0.0   46.392 -119.412    700.0    931.4
     1     1    17     8    19     8     0     0    -1.0   46.476 -119.501    723.3    928.7
     1     1    17     8    19     7     0     0    -2.0   46.486 -119.604    738.9    927.3
     1     1    17     8    19     6     0     0    -3.0   46.435 -119.672    735.8    927.1
     1     1    17     8    19     5     0     0    -4.0   46.387 -119.710    729.2    928.8
     1     1    17     8    19     4     0     0    -5.0   46.308 -119.737    728.7    927.5
     1     1    17     8    19     3     0     0    -6.0   46.229 -119.795    754.4    925.1
     1     1    17     8    19     2     0     0    -7.0   46.238 -119.919    781.4    922.5
     1     1    17     8    19     1     0     0    -8.0   46.320 -120.045    771.4    922.8
     1     1    17     8    19     0     0     0    -9.0   46.402 -120.159    755.9    925.0
     1     1    17     8    18    23     0     0   -10.0   46.527 -120.360    750.0    925.8
     1     1    17     8    18    22     0     0   -11.0   46.703 -120.616    758.4    924.8
