     1     1
    SITE    10     3     1     0     0
     1 BACKWARD OMEGA   
    17     8     5     8   46.392 -119.412   700.0
     1 PRESSURE
     1     1    17     8     5     8     0     0     0.0   46.392 -119.412    700.0    931.4
     1     1    17     8     5     7     0     0    -1.0   46.349 -119.388    692.1    932.3
     1     1    17     8     5     6     0     0    -2.0   46.306 -119.373    686.4    933.2
     1     1    17     8     5     5     0     0    -3.0   46.308 -119.327    674.3    933.9
     1     1    17     8     5     4     0     0    -4.0   46.344 -119.253    662.1    937.2
     1     1    17     8     5     3     0     0    -5.0   46.344 -119.198    661.1    936.2
     1     1    17     8     5     2     0     0    -6.0   46.305 -119.172    655.0    936.4
     1     1    17     8     5     1     0     0    -7.0   46.272 -119.139    649.6    937.8
     1     1    17     8     5     0     0     0    -8.0   46.285 -119.091    650.7    937.5
     1     1    17     8     4    23     0     0    -9.0   46.341 -119.045    650.0    938.8
     1     1    17     8     4    22     0     0   -10.0   46.370 -118.986    650.6    936.0
     1     1    17     8     4    21     0     0   -11.0   46.365 -118.987    643.1    937.8
     1     1    17     8     4    20     0     0   -12.0   46.383 -119.054    634.8    940.3
     1     1    17     8     4    19     0     0   -13.0   46.391 -119.049    635.1    939.1
     1     1    17     8     4    18     0     0   -14.0   46.416 -118.969    622.4    940.6
     1     1    17     8     4    17     0     0   -15.0   46.486 -118.858    631.6    939.8
     1     1    17     8     4    16     0     0   -16.0   46.554 -118.733    615.9    941.0
     1     1    17     8     4    15     0     0   -17.0   46.587 -118.622    616.3    941.4
     1     1    17     8     4    14     0     0   -18.0   46.608 -118.613    623.2    940.3
     1     1    17     8     4    13     0     0   -19.0   46.603 -118.685    627.1    939.8
     1     1    17     8     4    12     0     0   -20.0   46.561 -118.766    633.2    939.2
     1     1    17     8     4    11     0     0   -21.0   46.586 -118.828    642.7    938.9
     1     1    17     8     4    10     0     0   -22.0   46.702 -118.856    654.5    938.4
     1     1    17     8     4     9     0     0   -23.0   46.813 -118.889    671.5    933.8
     1     1    17     8     4     8     0     0   -24.0   46.844 -118.933    666.7    935.7
     1     1    17     8     4     7     0     0   -25.0   46.832 -118.970    672.8    934.1
     1     1    17     8     4     6     0     0   -26.0   46.812 -118.978    674.5    934.4
     1     1    17     8     4     5     0     0   -27.0   46.798 -119.005    673.3    934.3
     1     1    17     8     4     4     0     0   -28.0   46.762 -119.036    666.4    934.9
     1     1    17     8     4     3     0     0   -29.0   46.699 -119.010    670.8    934.6
     1     1    17     8     4     2     0     0   -30.0   46.644 -118.991    670.9    934.5
     1     1    17     8     4     1     0     0   -31.0   46.587 -118.994    663.2    935.1
     1     1    17     8     4     0     0     0   -32.0   46.533 -118.986    657.9    937.5
     1     1    17     8     3    23     0     0   -33.0   46.474 -118.993    663.6    935.9
     1     1    17     8     3    22     0     0   -34.0   46.404 -119.001    665.2    935.7
     1     1    17     8     3    21     0     0   -35.0   46.329 -118.967    691.4    933.6
     1     1    17     8     3    20     0     0   -36.0   46.235 -118.950    723.1    928.5
     1     1    17     8     3    19     0     0   -37.0   46.130 -118.969    731.5    928.5
     1     1    17     8     3    18     0     0   -38.0   46.034 -118.946    721.0    928.8
     1     1    17     8     3    17     0     0   -39.0   45.994 -118.842    718.0    929.1
     1     1    17     8     3    16     0     0   -40.0   46.031 -118.714    727.7    928.2
     1     1    17     8     3    15     0     0   -41.0   46.076 -118.609    736.5    927.0
     1     1    17     8     3    14     0     0   -42.0   46.050 -118.552    730.3    927.4
     1     1    17     8     3    13     0     0   -43.0   46.042 -118.513    715.6    929.8
     1     1    17     8     3    12     0     0   -44.0   46.104 -118.440    720.3    930.6
     1     1    17     8     3    11     0     0   -45.0   46.140 -118.481    747.3    927.2
     1     1    17     8     3    10     0     0   -46.0   46.108 -118.567    740.6    927.1
     1     1    17     8     3     9     0     0   -47.0   46.047 -118.569    742.7    926.7
     1     1    17     8     3     8     0     0   -48.0   46.011 -118.539    748.8    925.5
     1     1    17     8     3     7     0     0   -49.0   45.985 -118.510    750.9    925.7
     1     1    17     8     3     6     0     0   -50.0   45.980 -118.514    752.2    925.4
     1     1    17     8     3     5     0     0   -51.0   45.975 -118.525    752.5    925.4
     1     1    17     8     3     4     0     0   -52.0   45.987 -118.488    739.6    925.2
     1     1    17     8     3     3     0     0   -53.0   46.045 -118.436    718.2    929.2
     1     1    17     8     3     2     0     0   -54.0   46.111 -118.405    698.0    931.3
     1     1    17     8     3     1     0     0   -55.0   46.139 -118.343    681.1    934.0
     1     1    17     8     3     0     0     0   -56.0   46.118 -118.308    679.8    934.2
     1     1    17     8     2    23     0     0   -57.0   46.095 -118.281    684.1    932.9
     1     1    17     8     2    22     0     0   -58.0   46.063 -118.239    690.1    933.1
     1     1    17     8     2    21     0     0   -59.0   46.062 -118.254    697.9    931.0
     1     1    17     8     2    20     0     0   -60.0   46.077 -118.230    708.0    930.7
     1     1    17     8     2    19     0     0   -61.0   46.104 -118.204    717.7    928.8
     1     1    17     8     2    18     0     0   -62.0   46.200 -118.205    712.7    928.1
     1     1    17     8     2    17     0     0   -63.0   46.336 -118.160    697.3    931.4
     1     1    17     8     2    16     0     0   -64.0   46.484 -118.071    702.9    930.3
     1     1    17     8     2    15     0     0   -65.0   46.616 -117.959    697.6    931.9
