     1     1
    SITE    10     3     1     0     0
     1 BACKWARD OMEGA   
    17     8    27    18   46.392 -119.412   700.0
     1 PRESSURE
     1     1    17     8    27    18     0     0     0.0   46.392 -119.412    700.0    931.4
     1     1    17     8    27    17     0     0    -1.0   46.386 -119.390    702.5    931.1
     1     1    17     8    27    16     0     0    -2.0   46.372 -119.351    699.1    931.0
     1     1    17     8    27    15     0     0    -3.0   46.345 -119.283    697.3    932.5
     1     1    17     8    27    14     0     0    -4.0   46.307 -119.204    708.3    931.1
     1     1    17     8    27    13     0     0    -5.0   46.266 -119.124    719.4    928.5
     1     1    17     8    27    12     0     0    -6.0   46.269 -119.058    735.1    928.5
     1     1    17     8    27    11     0     0    -7.0   46.263 -119.009    748.1    925.6
     1     1    17     8    27    10     0     0    -8.0   46.229 -118.959    772.4    923.3
     1     1    17     8    27     9     0     0    -9.0   46.220 -118.902    788.3    919.9
     1     1    17     8    27     8     0     0   -10.0   46.217 -118.838    778.6    921.2
     1     1    17     8    27     7     0     0   -11.0   46.231 -118.776    760.4    924.8
     1     1    17     8    27     6     0     0   -12.0   46.248 -118.765    752.0    926.6
     1     1    17     8    27     5     0     0   -13.0   46.241 -118.772    758.2    924.9
     1     1    17     8    27     4     0     0   -14.0   46.252 -118.733    775.6    924.3
     1     1    17     8    27     3     0     0   -15.0   46.278 -118.662    794.9    918.7
     1     1    17     8    27     2     0     0   -16.0   46.290 -118.584    802.9    920.1
     1     1    17     8    27     1     0     0   -17.0   46.300 -118.518    817.5    918.5
     1     1    17     8    27     0     0     0   -18.0   46.292 -118.469    821.9    916.5
     1     1    17     8    26    23     0     0   -19.0   46.302 -118.421    808.9    918.4
     1     1    17     8    26    22     0     0   -20.0   46.338 -118.366    798.1    920.8
     1     1    17     8    26    21     0     0   -21.0   46.349 -118.357    795.7    921.1
     1     1    17     8    26    20     0     0   -22.0   46.334 -118.389    793.3    920.2
     1     1    17     8    26    19     0     0   -23.0   46.324 -118.363    776.0    921.7
     1     1    17     8    26    18     0     0   -24.0   46.353 -118.302    781.7    923.2
     1     1    17     8    26    17     0     0   -25.0   46.418 -118.251    781.1    919.6
     1     1    17     8    26    16     0     0   -26.0   46.492 -118.190    751.6    923.9
     1     1    17     8    26    15     0     0   -27.0   46.566 -118.127    717.4    930.0
     1     1    17     8    26    14     0     0   -28.0   46.597 -118.050    741.7    927.8
     1     1    17     8    26    13     0     0   -29.0   46.601 -117.954    775.6    918.8
     1     1    17     8    26    12     0     0   -30.0   46.619 -117.851    770.0    923.4
