     1     1
    SITE    10     3     1     0     0
     1 BACKWARD OMEGA   
    17     8     7    17   46.392 -119.412   700.0
     1 PRESSURE
     1     1    17     8     7    17     0     0     0.0   46.392 -119.412    700.0    931.4
     1     1    17     8     7    16     0     0    -1.0   46.302 -119.362    704.7    930.8
     1     1    17     8     7    15     0     0    -2.0   46.224 -119.279    701.1    931.2
     1     1    17     8     7    14     0     0    -3.0   46.150 -119.205    693.1    932.4
     1     1    17     8     7    13     0     0    -4.0   46.082 -119.146    699.1    931.4
     1     1    17     8     7    12     0     0    -5.0   46.027 -119.116    712.6    930.0
     1     1    17     8     7    11     0     0    -6.0   46.015 -119.081    727.7    927.9
     1     1    17     8     7    10     0     0    -7.0   46.047 -119.005    741.7    927.3
     1     1    17     8     7     9     0     0    -8.0   46.086 -118.925    756.1    924.2
     1     1    17     8     7     8     0     0    -9.0   46.107 -118.837    746.5    924.3
     1     1    17     8     7     7     0     0   -10.0   46.104 -118.766    735.5    929.1
     1     1    17     8     7     6     0     0   -11.0   46.090 -118.749    735.9    926.9
     1     1    17     8     7     5     0     0   -12.0   46.085 -118.714    747.0    927.4
     1     1    17     8     7     4     0     0   -13.0   46.065 -118.660    750.9    923.4
     1     1    17     8     7     3     0     0   -14.0   46.040 -118.616    736.7    927.8
     1     1    17     8     7     2     0     0   -15.0   46.024 -118.582    736.3    927.7
     1     1    17     8     7     1     0     0   -16.0   45.982 -118.549    739.6    926.2
     1     1    17     8     7     0     0     0   -17.0   45.935 -118.482    745.8    927.0
     1     1    17     8     6    23     0     0   -18.0   45.902 -118.404    750.0    924.7
     1     1    17     8     6    22     0     0   -19.0   45.914 -118.333    758.2    926.3
     1     1    17     8     6    21     0     0   -20.0   45.921 -118.337    769.4    923.3
     1     1    17     8     6    20     0     0   -21.0   45.885 -118.364    765.0    923.1
     1     1    17     8     6    19     0     0   -22.0   45.890 -118.333    769.5    925.7
     1     1    17     8     6    18     0     0   -23.0   45.908 -118.352    791.3    920.1
     1     1    17     8     6    17     0     0   -24.0   45.903 -118.441    788.1    923.0
     1     1    17     8     6    16     0     0   -25.0   45.929 -118.455    805.6    920.0
     1     1    17     8     6    15     0     0   -26.0   45.941 -118.381    807.4    919.2
     1     1    17     8     6    14     0     0   -27.0   45.956 -118.300    817.6    919.5
     1     1    17     8     6    13     0     0   -28.0   45.960 -118.227    815.4    918.9
     1     1    17     8     6    12     0     0   -29.0   45.920 -118.155    827.1    917.6
     1     1    17     8     6    11     0     0   -30.0   45.876 -118.098    826.2    915.8
     1     1    17     8     6    10     0     0   -31.0   45.860 -118.039    826.5    919.0
     1     1    17     8     6     9     0     0   -32.0   45.875 -117.965    859.5    914.3
     1     1    17     8     6     8     0     0   -33.0   45.868 -117.891    884.2    910.0
