     1     1
    SITE    10     3     1     0     0
     1 BACKWARD OMEGA   
    17     8     5    17   46.392 -119.412   700.0
     1 PRESSURE
     1     1    17     8     5    17     0     0     0.0   46.392 -119.412    700.0    931.4
     1     1    17     8     5    16     0     0    -1.0   46.434 -119.299    713.9    929.8
     1     1    17     8     5    15     0     0    -2.0   46.479 -119.177    697.5    931.1
     1     1    17     8     5    14     0     0    -3.0   46.524 -119.055    676.5    934.8
     1     1    17     8     5    13     0     0    -4.0   46.557 -118.938    663.7    935.5
     1     1    17     8     5    12     0     0    -5.0   46.613 -118.850    667.2    935.9
     1     1    17     8     5    11     0     0    -6.0   46.696 -118.769    697.6    932.1
     1     1    17     8     5    10     0     0    -7.0   46.788 -118.728    727.0    929.4
     1     1    17     8     5     9     0     0    -8.0   46.804 -118.734    741.0    926.4
     1     1    17     8     5     8     0     0    -9.0   46.757 -118.711    735.9    927.8
     1     1    17     8     5     7     0     0   -10.0   46.715 -118.688    732.1    927.2
     1     1    17     8     5     6     0     0   -11.0   46.674 -118.672    728.5    928.4
     1     1    17     8     5     5     0     0   -12.0   46.676 -118.628    729.7    928.2
     1     1    17     8     5     4     0     0   -13.0   46.710 -118.557    746.8    926.6
     1     1    17     8     5     3     0     0   -14.0   46.710 -118.502    766.5    923.6
     1     1    17     8     5     2     0     0   -15.0   46.671 -118.475    758.9    921.9
     1     1    17     8     5     1     0     0   -16.0   46.638 -118.440    744.8    928.1
     1     1    17     8     5     0     0     0   -17.0   46.651 -118.392    742.0    926.1
     1     1    17     8     4    23     0     0   -18.0   46.708 -118.345    727.4    927.5
     1     1    17     8     4    22     0     0   -19.0   46.736 -118.284    716.7    930.6
     1     1    17     8     4    21     0     0   -20.0   46.731 -118.284    727.2    929.2
     1     1    17     8     4    20     0     0   -21.0   46.750 -118.350    732.0    927.0
     1     1    17     8     4    19     0     0   -22.0   46.757 -118.341    714.0    929.0
     1     1    17     8     4    18     0     0   -23.0   46.781 -118.257    718.7    931.1
     1     1    17     8     4    17     0     0   -24.0   46.850 -118.146    726.6    928.7
     1     1    17     8     4    16     0     0   -25.0   46.916 -118.022    729.1    927.0
     1     1    17     8     4    15     0     0   -26.0   46.950 -117.912    704.5    931.4
