     1     1
    SITE    10     3     1     0     0
     1 BACKWARD OMEGA   
    17     8     5     9   46.392 -119.412   700.0
     1 PRESSURE
     1     1    17     8     5     9     0     0     0.0   46.392 -119.412    700.0    931.4
     1     1    17     8     5     8     0     0    -1.0   46.343 -119.390    691.8    932.4
     1     1    17     8     5     7     0     0    -2.0   46.300 -119.367    685.4    933.1
     1     1    17     8     5     6     0     0    -3.0   46.257 -119.351    689.2    933.9
     1     1    17     8     5     5     0     0    -4.0   46.259 -119.306    697.0    931.5
     1     1    17     8     5     4     0     0    -5.0   46.294 -119.233    696.3    931.2
     1     1    17     8     5     3     0     0    -6.0   46.294 -119.177    690.7    932.5
     1     1    17     8     5     2     0     0    -7.0   46.255 -119.151    685.2    932.9
     1     1    17     8     5     1     0     0    -8.0   46.222 -119.118    681.5    934.0
     1     1    17     8     5     0     0     0    -9.0   46.236 -119.071    692.7    933.9
     1     1    17     8     4    23     0     0   -10.0   46.292 -119.026    697.0    931.2
     1     1    17     8     4    22     0     0   -11.0   46.321 -118.966    696.8    931.6
     1     1    17     8     4    21     0     0   -12.0   46.317 -118.965    696.7    931.4
     1     1    17     8     4    20     0     0   -13.0   46.335 -119.031    687.7    934.1
     1     1    17     8     4    19     0     0   -14.0   46.342 -119.024    680.9    933.0
     1     1    17     8     4    18     0     0   -15.0   46.364 -118.945    665.1    935.2
     1     1    17     8     4    17     0     0   -16.0   46.436 -118.837    660.7    936.3
     1     1    17     8     4    16     0     0   -17.0   46.504 -118.714    648.9    936.4
     1     1    17     8     4    15     0     0   -18.0   46.539 -118.602    648.7    937.6
     1     1    17     8     4    14     0     0   -19.0   46.562 -118.593    654.5    936.6
     1     1    17     8     4    13     0     0   -20.0   46.558 -118.663    656.8    937.2
     1     1    17     8     4    12     0     0   -21.0   46.516 -118.742    660.6    936.3
     1     1    17     8     4    11     0     0   -22.0   46.543 -118.804    666.8    935.3
     1     1    17     8     4    10     0     0   -23.0   46.658 -118.836    662.3    936.6
     1     1    17     8     4     9     0     0   -24.0   46.769 -118.869    674.8    933.2
     1     1    17     8     4     8     0     0   -25.0   46.801 -118.913    673.1    935.1
     1     1    17     8     4     7     0     0   -26.0   46.789 -118.950    683.1    932.3
     1     1    17     8     4     6     0     0   -27.0   46.769 -118.958    684.3    933.3
     1     1    17     8     4     5     0     0   -28.0   46.755 -118.985    685.4    933.1
     1     1    17     8     4     4     0     0   -29.0   46.719 -119.015    683.7    933.2
     1     1    17     8     4     3     0     0   -30.0   46.657 -118.989    689.0    932.0
     1     1    17     8     4     2     0     0   -31.0   46.602 -118.970    684.6    934.3
     1     1    17     8     4     1     0     0   -32.0   46.545 -118.974    681.7    932.5
     1     1    17     8     4     0     0     0   -33.0   46.490 -118.964    676.9    935.0
     1     1    17     8     3    23     0     0   -34.0   46.432 -118.970    671.8    934.0
     1     1    17     8     3    22     0     0   -35.0   46.364 -118.978    672.9    936.1
     1     1    17     8     3    21     0     0   -36.0   46.289 -118.944    707.6    930.8
     1     1    17     8     3    20     0     0   -37.0   46.195 -118.926    725.9    927.8
     1     1    17     8     3    19     0     0   -38.0   46.091 -118.943    721.7    929.6
     1     1    17     8     3    18     0     0   -39.0   45.995 -118.919    726.3    928.5
     1     1    17     8     3    17     0     0   -40.0   45.955 -118.815    738.0    926.8
     1     1    17     8     3    16     0     0   -41.0   45.992 -118.686    752.2    925.5
     1     1    17     8     3    15     0     0   -42.0   46.036 -118.580    764.4    924.1
     1     1    17     8     3    14     0     0   -43.0   46.011 -118.523    758.0    924.0
     1     1    17     8     3    13     0     0   -44.0   46.002 -118.483    743.6    927.1
     1     1    17     8     3    12     0     0   -45.0   46.063 -118.410    764.6    926.0
     1     1    17     8     3    11     0     0   -46.0   46.098 -118.452    800.2    921.3
     1     1    17     8     3    10     0     0   -47.0   46.066 -118.536    784.3    922.3
     1     1    17     8     3     9     0     0   -48.0   46.006 -118.538    785.4    921.9
     1     1    17     8     3     8     0     0   -49.0   45.969 -118.509    789.9    920.9
     1     1    17     8     3     7     0     0   -50.0   45.944 -118.480    791.5    921.3
     1     1    17     8     3     6     0     0   -51.0   45.939 -118.484    795.0    920.7
     1     1    17     8     3     5     0     0   -52.0   45.934 -118.495    797.7    920.4
     1     1    17     8     3     4     0     0   -53.0   45.945 -118.459    787.3    919.8
     1     1    17     8     3     3     0     0   -54.0   46.003 -118.407    767.4    924.6
     1     1    17     8     3     2     0     0   -55.0   46.068 -118.377    752.0    925.2
     1     1    17     8     3     1     0     0   -56.0   46.096 -118.315    740.3    927.4
     1     1    17     8     3     0     0     0   -57.0   46.074 -118.281    737.5    926.7
     1     1    17     8     2    23     0     0   -58.0   46.051 -118.254    737.2    926.8
     1     1    17     8     2    22     0     0   -59.0   46.020 -118.212    745.8    926.4
     1     1    17     8     2    21     0     0   -60.0   46.020 -118.227    750.0    926.2
     1     1    17     8     2    20     0     0   -61.0   46.035 -118.202    761.8    925.3
     1     1    17     8     2    19     0     0   -62.0   46.063 -118.176    774.3    921.1
     1     1    17     8     2    18     0     0   -63.0   46.160 -118.177    766.9    922.0
     1     1    17     8     2    17     0     0   -64.0   46.297 -118.131    755.7    924.8
     1     1    17     8     2    16     0     0   -65.0   46.446 -118.045    766.4    923.5
     1     1    17     8     2    15     0     0   -66.0   46.577 -117.936    773.7    923.0
