     1     1
    SITE    10     3     1     0     0
     1 BACKWARD OMEGA   
    17     8     2    12   46.392 -119.412   700.0
     1 PRESSURE
     1     1    17     8     2    12     0     0     0.0   46.392 -119.412    700.0    931.4
     1     1    17     8     2    11     0     0    -1.0   46.471 -119.271    710.0    930.3
     1     1    17     8     2    10     0     0    -2.0   46.655 -119.228    727.0    928.1
     1     1    17     8     2     9     0     0    -3.0   46.643 -119.223    758.4    925.1
     1     1    17     8     2     8     0     0    -4.0   46.623 -119.240    827.1    917.4
     1     1    17     8     2     7     0     0    -5.0   46.736 -119.234    835.6    916.4
     1     1    17     8     2     6     0     0    -6.0   46.783 -119.204    845.7    915.3
     1     1    17     8     2     5     0     0    -7.0   46.774 -119.188    863.3    913.7
     1     1    17     8     2     4     0     0    -8.0   46.740 -119.134    864.7    911.7
     1     1    17     8     2     3     0     0    -9.0   46.785 -119.115    878.5    912.3
     1     1    17     8     2     2     0     0   -10.0   46.831 -119.211    887.1    911.2
     1     1    17     8     2     1     0     0   -11.0   46.809 -119.316    886.1    911.0
     1     1    17     8     2     0     0     0   -12.0   46.793 -119.391    884.0    911.2
     1     1    17     8     1    23     0     0   -13.0   46.794 -119.459    886.0    910.9
     1     1    17     8     1    22     0     0   -14.0   46.828 -119.467    885.2    911.0
     1     1    17     8     1    21     0     0   -15.0   46.891 -119.481    897.7    909.4
     1     1    17     8     1    20     0     0   -16.0   46.940 -119.536    896.3    909.7
     1     1    17     8     1    19     0     0   -17.0   46.949 -119.505    897.2    909.2
     1     1    17     8     1    18     0     0   -18.0   46.967 -119.401    891.5    909.1
     1     1    17     8     1    17     0     0   -19.0   47.042 -119.251    874.7    910.6
     1     1    17     8     1    16     0     0   -20.0   47.114 -119.060    864.1    914.1
     1     1    17     8     1    15     0     0   -21.0   47.171 -118.854    916.5    907.9
     1     1    17     8     1    14     0     0   -22.0   47.242 -118.714    956.3    902.7
     1     1    17     8     1    13     0     0   -23.0   47.284 -118.614    950.9    903.9
     1     1    17     8     1    12     0     0   -24.0   47.272 -118.601    952.0    904.4
     1     1    17     8     1    11     0     0   -25.0   47.223 -118.663    964.9    902.1
     1     1    17     8     1    10     0     0   -26.0   47.140 -118.662    975.8    901.8
     1     1    17     8     1     9     0     0   -27.0   47.075 -118.650    986.2    899.7
     1     1    17     8     1     8     0     0   -28.0   47.032 -118.643    980.9    900.4
     1     1    17     8     1     7     0     0   -29.0   46.997 -118.630    971.6    901.7
     1     1    17     8     1     6     0     0   -30.0   46.982 -118.633    968.9    902.3
     1     1    17     8     1     5     0     0   -31.0   46.971 -118.639    969.7    902.1
     1     1    17     8     1     4     0     0   -32.0   46.973 -118.609    970.5    901.7
     1     1    17     8     1     3     0     0   -33.0   46.975 -118.582    970.0    901.6
     1     1    17     8     1     2     0     0   -34.0   46.962 -118.555    968.6    902.1
     1     1    17     8     1     1     0     0   -35.0   46.933 -118.517    961.5    902.2
     1     1    17     8     1     0     0     0   -36.0   46.923 -118.466    952.3    903.7
     1     1    17     7    31    23     0     0   -37.0   46.934 -118.456    939.2    905.6
     1     1    17     7    31    22     0     0   -38.0   46.907 -118.472    942.2    906.0
     1     1    17     7    31    21     0     0   -39.0   46.895 -118.468    942.4    904.8
     1     1    17     7    31    20     0     0   -40.0   46.899 -118.493    940.2    905.0
     1     1    17     7    31    19     0     0   -41.0   46.838 -118.521    939.7    906.1
     1     1    17     7    31    18     0     0   -42.0   46.752 -118.481    935.9    905.8
     1     1    17     7    31    17     0     0   -43.0   46.727 -118.386    941.3    905.5
     1     1    17     7    31    16     0     0   -44.0   46.753 -118.288    956.4    904.0
     1     1    17     7    31    15     0     0   -45.0   46.759 -118.169    985.8    900.6
     1     1    17     7    31    14     0     0   -46.0   46.728 -118.062   1013.1    896.9
     1     1    17     7    31    13     0     0   -47.0   46.718 -117.973   1025.6    895.3
     1     1    17     7    31    12     0     0   -48.0   46.708 -117.869   1022.1    894.8
