     1     1
    SITE    10     3     1     0     0
     1 BACKWARD OMEGA   
    17     8     2    15   46.392 -119.412   700.0
     1 PRESSURE
     1     1    17     8     2    15     0     0     0.0   46.392 -119.412    700.0    931.4
     1     1    17     8     2    14     0     0    -1.0   46.513 -119.305    707.3    930.6
     1     1    17     8     2    13     0     0    -2.0   46.640 -119.217    693.9    933.0
     1     1    17     8     2    12     0     0    -3.0   46.703 -119.060    687.8    932.4
     1     1    17     8     2    11     0     0    -4.0   46.786 -118.918    710.9    932.2
     1     1    17     8     2    10     0     0    -5.0   46.970 -118.874    731.9    927.0
     1     1    17     8     2     9     0     0    -6.0   46.959 -118.869    690.1    931.6
     1     1    17     8     2     8     0     0    -7.0   46.938 -118.887    670.3    935.3
     1     1    17     8     2     7     0     0    -8.0   47.049 -118.878    675.6    934.7
     1     1    17     8     2     6     0     0    -9.0   47.096 -118.849    688.5    932.9
     1     1    17     8     2     5     0     0   -10.0   47.086 -118.836    690.3    930.8
     1     1    17     8     2     4     0     0   -11.0   47.053 -118.783    687.2    931.5
     1     1    17     8     2     3     0     0   -12.0   47.101 -118.767    678.1    933.8
     1     1    17     8     2     2     0     0   -13.0   47.148 -118.864    692.3    931.8
     1     1    17     8     2     1     0     0   -14.0   47.125 -118.969    692.3    931.6
     1     1    17     8     2     0     0     0   -15.0   47.108 -119.047    691.8    932.6
     1     1    17     8     1    23     0     0   -16.0   47.110 -119.116    700.2    931.0
     1     1    17     8     1    22     0     0   -17.0   47.143 -119.125    701.9    930.8
     1     1    17     8     1    21     0     0   -18.0   47.207 -119.140    697.4    931.6
     1     1    17     8     1    20     0     0   -19.0   47.256 -119.196    686.5    931.8
     1     1    17     8     1    19     0     0   -20.0   47.264 -119.167    667.1    936.2
     1     1    17     8     1    18     0     0   -21.0   47.280 -119.066    672.5    935.2
     1     1    17     8     1    17     0     0   -22.0   47.354 -118.912    670.1    935.1
