     1     1
    SITE    10     3     1     0     0
     1 BACKWARD OMEGA   
    17     8    17    16   46.392 -119.412   700.0
     1 PRESSURE
     1     1    17     8    17    16     0     0     0.0   46.392 -119.412    700.0    931.4
     1     1    17     8    17    15     0     0    -1.0   46.423 -119.259    671.3    934.8
     1     1    17     8    17    14     0     0    -2.0   46.415 -119.255    647.6    938.2
     1     1    17     8    17    13     0     0    -3.0   46.378 -119.341    639.2    937.9
     1     1    17     8    17    12     0     0    -4.0   46.304 -119.346    634.4    939.8
     1     1    17     8    17    11     0     0    -5.0   46.217 -119.300    628.3    940.0
     1     1    17     8    17    10     0     0    -6.0   46.121 -119.227    621.3    940.8
     1     1    17     8    17     9     0     0    -7.0   46.024 -119.147    610.4    942.2
     1     1    17     8    17     8     0     0    -8.0   45.907 -119.101    633.0    939.2
     1     1    17     8    17     7     0     0    -9.0   45.777 -119.083    624.5    939.1
     1     1    17     8    17     6     0     0   -10.0   45.663 -119.072    596.0    943.9
     1     1    17     8    17     5     0     0   -11.0   45.592 -119.105    594.4    943.7
     1     1    17     8    17     4     0     0   -12.0   45.540 -119.182    596.3    943.3
     1     1    17     8    17     3     0     0   -13.0   45.489 -119.274    597.9    943.1
     1     1    17     8    17     2     0     0   -14.0   45.478 -119.401    599.3    942.8
     1     1    17     8    17     1     0     0   -15.0   45.474 -119.552    581.8    944.3
     1     1    17     8    17     0     0     0   -16.0   45.500 -119.734    577.0    946.6
     1     1    17     8    16    23     0     0   -17.0   45.579 -119.901    606.6    941.7
     1     1    17     8    16    22     0     0   -18.0   45.714 -120.102    626.5    939.3
     1     1    17     8    16    21     0     0   -19.0   45.887 -120.355    608.6    942.2
     1     1    17     8    16    20     0     0   -20.0   46.026 -120.595    568.8    947.6
