     1     1
    SITE    10     3     1     0     0
     1 BACKWARD OMEGA   
    17     8    21     3   46.392 -119.412   700.0
     1 PRESSURE
     1     1    17     8    21     3     0     0     0.0   46.392 -119.412    700.0    931.4
     1     1    17     8    21     2     0     0    -1.0   46.362 -119.392    688.9    932.7
     1     1    17     8    21     1     0     0    -2.0   46.346 -119.366    695.0    932.4
     1     1    17     8    21     0     0     0    -3.0   46.311 -119.327    700.0    930.8
     1     1    17     8    20    23     0     0    -4.0   46.263 -119.332    706.6    931.1
     1     1    17     8    20    22     0     0    -5.0   46.270 -119.361    717.5    929.6
     1     1    17     8    20    21     0     0    -6.0   46.312 -119.377    729.3    927.6
     1     1    17     8    20    20     0     0    -7.0   46.310 -119.372    731.2    927.2
     1     1    17     8    20    19     0     0    -8.0   46.272 -119.346    731.7    927.3
     1     1    17     8    20    18     0     0    -9.0   46.235 -119.239    716.8    928.2
     1     1    17     8    20    17     0     0   -10.0   46.204 -119.075    723.1    928.7
     1     1    17     8    20    16     0     0   -11.0   46.185 -118.909    713.1    931.3
     1     1    17     8    20    15     0     0   -12.0   46.157 -118.753    733.4    928.1
     1     1    17     8    20    14     0     0   -13.0   46.086 -118.700    763.3    923.6
     1     1    17     8    20    13     0     0   -14.0   46.004 -118.745    775.3    922.3
     1     1    17     8    20    12     0     0   -15.0   45.938 -118.753    778.6    922.9
     1     1    17     8    20    11     0     0   -16.0   45.884 -118.751    786.3    921.2
     1     1    17     8    20    10     0     0   -17.0   45.831 -118.779    788.3    922.0
     1     1    17     8    20     9     0     0   -18.0   45.787 -118.810    795.6    920.7
     1     1    17     8    20     8     0     0   -19.0   45.735 -118.811    799.4    919.6
     1     1    17     8    20     7     0     0   -20.0   45.664 -118.779    803.8    919.8
     1     1    17     8    20     6     0     0   -21.0   45.589 -118.749    794.7    920.3
     1     1    17     8    20     5     0     0   -22.0   45.507 -118.744    786.6    922.3
     1     1    17     8    20     4     0     0   -23.0   45.418 -118.753    787.5    921.8
