     1     1
    SITE    10     3     1     0     0
     1 BACKWARD OMEGA   
    17     8    23     8   46.392 -119.412   700.0
     1 PRESSURE
     1     1    17     8    23     8     0     0     0.0   46.392 -119.412    700.0    931.4
     1     1    17     8    23     7     0     0    -1.0   46.284 -119.400    698.3    931.6
     1     1    17     8    23     6     0     0    -2.0   46.197 -119.382    681.7    934.2
     1     1    17     8    23     5     0     0    -3.0   46.149 -119.369    670.7    934.6
     1     1    17     8    23     4     0     0    -4.0   46.086 -119.353    648.9    937.2
     1     1    17     8    23     3     0     0    -5.0   46.014 -119.331    627.6    940.5
     1     1    17     8    23     2     0     0    -6.0   45.975 -119.292    627.8    940.2
     1     1    17     8    23     1     0     0    -7.0   45.922 -119.281    627.0    939.4
     1     1    17     8    23     0     0     0    -8.0   45.836 -119.363    611.0    941.4
     1     1    17     8    22    23     0     0    -9.0   45.750 -119.439    586.8    944.4
     1     1    17     8    22    22     0     0   -10.0   45.661 -119.475    568.3    946.6
     1     1    17     8    22    21     0     0   -11.0   45.559 -119.484    577.4    945.7
     1     1    17     8    22    20     0     0   -12.0   45.451 -119.461    585.3    944.0
