     1     1
    SITE    10     3     1     0     0
     1 BACKWARD OMEGA   
    17     8    27     5   46.392 -119.412   700.0
     1 PRESSURE
     1     1    17     8    27     5     0     0     0.0   46.392 -119.412    700.0    931.4
     1     1    17     8    27     4     0     0    -1.0   46.404 -119.374    702.0    931.2
     1     1    17     8    27     3     0     0    -2.0   46.429 -119.304    709.1    930.8
     1     1    17     8    27     2     0     0    -3.0   46.442 -119.227    723.2    928.5
     1     1    17     8    27     1     0     0    -4.0   46.451 -119.162    734.3    927.3
     1     1    17     8    27     0     0     0    -5.0   46.444 -119.112    741.2    926.3
     1     1    17     8    26    23     0     0    -6.0   46.454 -119.066    744.7    926.1
     1     1    17     8    26    22     0     0    -7.0   46.490 -119.012    740.9    925.9
     1     1    17     8    26    21     0     0    -8.0   46.500 -119.003    736.7    928.0
     1     1    17     8    26    20     0     0    -9.0   46.485 -119.035    742.7    926.8
     1     1    17     8    26    19     0     0   -10.0   46.474 -119.011    747.5    925.4
     1     1    17     8    26    18     0     0   -11.0   46.504 -118.950    751.5    926.1
     1     1    17     8    26    17     0     0   -12.0   46.570 -118.896    768.9    922.9
     1     1    17     8    26    16     0     0   -13.0   46.644 -118.834    780.2    922.1
     1     1    17     8    26    15     0     0   -14.0   46.717 -118.771    790.7    921.1
     1     1    17     8    26    14     0     0   -15.0   46.747 -118.693    804.0    919.9
     1     1    17     8    26    13     0     0   -16.0   46.752 -118.593    816.8    918.1
     1     1    17     8    26    12     0     0   -17.0   46.769 -118.490    845.8    915.3
     1     1    17     8    26    11     0     0   -18.0   46.771 -118.396    864.3    913.0
     1     1    17     8    26    10     0     0   -19.0   46.779 -118.314    857.1    912.5
     1     1    17     8    26     9     0     0   -20.0   46.803 -118.247    846.1    916.5
     1     1    17     8    26     8     0     0   -21.0   46.818 -118.195    844.4    915.1
     1     1    17     8    26     7     0     0   -22.0   46.835 -118.134    841.2    915.4
     1     1    17     8    26     6     0     0   -23.0   46.840 -118.072    847.6    916.1
     1     1    17     8    26     5     0     0   -24.0   46.833 -118.046    853.6    913.7
     1     1    17     8    26     4     0     0   -25.0   46.847 -117.995    853.4    914.3
     1     1    17     8    26     3     0     0   -26.0   46.874 -117.909    848.5    914.3
