     1     1
    SITE    10     3     1     0     0
     1 BACKWARD OMEGA   
    17     8     6     5   46.392 -119.412   700.0
     1 PRESSURE
     1     1    17     8     6     5     0     0     0.0   46.392 -119.412    700.0    931.4
     1     1    17     8     6     4     0     0    -1.0   46.368 -119.412    701.4    931.2
     1     1    17     8     6     3     0     0    -2.0   46.335 -119.416    698.9    931.4
     1     1    17     8     6     2     0     0    -3.0   46.309 -119.388    700.1    931.5
     1     1    17     8     6     1     0     0    -4.0   46.270 -119.362    702.6    931.4
     1     1    17     8     6     0     0     0    -5.0   46.218 -119.367    699.3    931.4
     1     1    17     8     5    23     0     0    -6.0   46.231 -119.342    697.7    932.7
     1     1    17     8     5    22     0     0    -7.0   46.261 -119.283    706.2    929.7
     1     1    17     8     5    21     0     0    -8.0   46.244 -119.254    706.6    930.7
     1     1    17     8     5    20     0     0    -9.0   46.190 -119.269    728.1    929.9
     1     1    17     8     5    19     0     0   -10.0   46.117 -119.313    732.1    927.6
     1     1    17     8     5    18     0     0   -11.0   46.050 -119.314    732.4    928.1
     1     1    17     8     5    17     0     0   -12.0   46.040 -119.243    756.2    925.3
     1     1    17     8     5    16     0     0   -13.0   46.080 -119.130    781.4    922.9
     1     1    17     8     5    15     0     0   -14.0   46.125 -119.007    798.9    920.0
     1     1    17     8     5    14     0     0   -15.0   46.171 -118.886    797.6    920.1
     1     1    17     8     5    13     0     0   -16.0   46.208 -118.769    791.6    921.1
     1     1    17     8     5    12     0     0   -17.0   46.267 -118.680    800.8    920.2
     1     1    17     8     5    11     0     0   -18.0   46.353 -118.600    824.8    916.8
     1     1    17     8     5    10     0     0   -19.0   46.444 -118.561    810.1    918.9
     1     1    17     8     5     9     0     0   -20.0   46.458 -118.567    786.7    921.8
     1     1    17     8     5     8     0     0   -21.0   46.410 -118.546    779.4    923.5
     1     1    17     8     5     7     0     0   -22.0   46.368 -118.524    777.0    921.7
     1     1    17     8     5     6     0     0   -23.0   46.326 -118.510    772.4    923.7
     1     1    17     8     5     5     0     0   -24.0   46.329 -118.467    758.6    923.4
     1     1    17     8     5     4     0     0   -25.0   46.363 -118.395    744.5    928.0
     1     1    17     8     5     3     0     0   -26.0   46.363 -118.342    741.8    926.1
     1     1    17     8     5     2     0     0   -27.0   46.324 -118.316    734.1    927.1
     1     1    17     8     5     1     0     0   -28.0   46.291 -118.282    730.6    928.9
     1     1    17     8     5     0     0     0   -29.0   46.305 -118.234    734.1    927.4
     1     1    17     8     4    23     0     0   -30.0   46.360 -118.188    741.6    926.8
     1     1    17     8     4    22     0     0   -31.0   46.389 -118.127    749.7    925.5
     1     1    17     8     4    21     0     0   -32.0   46.384 -118.125    742.9    925.4
     1     1    17     8     4    20     0     0   -33.0   46.401 -118.189    728.1    928.3
     1     1    17     8     4    19     0     0   -34.0   46.409 -118.178    725.6    929.8
     1     1    17     8     4    18     0     0   -35.0   46.432 -118.097    741.2    928.1
     1     1    17     8     4    17     0     0   -36.0   46.499 -117.988    748.0    926.3
