     1     1
    SITE    10     3     1     0     0
     1 BACKWARD OMEGA   
    17     8     5    14   46.392 -119.412   700.0
     1 PRESSURE
     1     1    17     8     5    14     0     0     0.0   46.392 -119.412    700.0    931.4
     1     1    17     8     5    13     0     0    -1.0   46.428 -119.297    708.9    930.4
     1     1    17     8     5    12     0     0    -2.0   46.485 -119.208    707.4    929.8
     1     1    17     8     5    11     0     0    -3.0   46.573 -119.129    688.8    933.1
     1     1    17     8     5    10     0     0    -4.0   46.665 -119.091    694.7    932.6
     1     1    17     8     5     9     0     0    -5.0   46.679 -119.101    702.0    930.9
     1     1    17     8     5     8     0     0    -6.0   46.631 -119.081    697.9    931.8
     1     1    17     8     5     7     0     0    -7.0   46.588 -119.058    703.8    931.8
     1     1    17     8     5     6     0     0    -8.0   46.546 -119.042    703.6    929.8
     1     1    17     8     5     5     0     0    -9.0   46.549 -118.996    702.1    932.0
     1     1    17     8     5     4     0     0   -10.0   46.583 -118.921    711.0    928.4
     1     1    17     8     5     3     0     0   -11.0   46.583 -118.865    708.3    930.9
     1     1    17     8     5     2     0     0   -12.0   46.544 -118.838    705.7    931.0
     1     1    17     8     5     1     0     0   -13.0   46.510 -118.806    710.4    930.7
     1     1    17     8     5     0     0     0   -14.0   46.523 -118.758    719.1    929.0
     1     1    17     8     4    23     0     0   -15.0   46.579 -118.712    708.4    929.5
     1     1    17     8     4    22     0     0   -16.0   46.608 -118.652    699.5    932.9
     1     1    17     8     4    21     0     0   -17.0   46.602 -118.653    705.5    931.1
     1     1    17     8     4    20     0     0   -18.0   46.619 -118.721    715.8    931.2
     1     1    17     8     4    19     0     0   -19.0   46.627 -118.714    725.2    927.3
     1     1    17     8     4    18     0     0   -20.0   46.652 -118.631    727.6    926.4
     1     1    17     8     4    17     0     0   -21.0   46.721 -118.519    729.3    927.9
     1     1    17     8     4    16     0     0   -22.0   46.786 -118.392    725.3    928.1
     1     1    17     8     4    15     0     0   -23.0   46.820 -118.283    746.6    925.6
     1     1    17     8     4    14     0     0   -24.0   46.842 -118.277    744.0    925.9
     1     1    17     8     4    13     0     0   -25.0   46.836 -118.348    741.2    929.1
     1     1    17     8     4    12     0     0   -26.0   46.794 -118.424    766.2    922.5
     1     1    17     8     4    11     0     0   -27.0   46.820 -118.482    770.9    922.7
     1     1    17     8     4    10     0     0   -28.0   46.936 -118.513    778.2    922.7
     1     1    17     8     4     9     0     0   -29.0   47.047 -118.548    782.1    922.6
     1     1    17     8     4     8     0     0   -30.0   47.079 -118.593    790.7    920.9
     1     1    17     8     4     7     0     0   -31.0   47.068 -118.631    791.6    921.4
     1     1    17     8     4     6     0     0   -32.0   47.049 -118.638    787.6    920.6
     1     1    17     8     4     5     0     0   -33.0   47.035 -118.664    781.7    922.7
     1     1    17     8     4     4     0     0   -34.0   47.001 -118.694    782.4    922.2
     1     1    17     8     4     3     0     0   -35.0   46.939 -118.667    768.9    923.3
     1     1    17     8     4     2     0     0   -36.0   46.884 -118.646    749.5    925.7
     1     1    17     8     4     1     0     0   -37.0   46.826 -118.650    750.3    927.8
     1     1    17     8     4     0     0     0   -38.0   46.771 -118.641    756.5    923.4
     1     1    17     8     3    23     0     0   -39.0   46.713 -118.646    743.6    926.0
     1     1    17     8     3    22     0     0   -40.0   46.643 -118.658    738.0    927.3
     1     1    17     8     3    21     0     0   -41.0   46.567 -118.624    752.2    925.9
     1     1    17     8     3    20     0     0   -42.0   46.473 -118.602    778.4    921.6
     1     1    17     8     3    19     0     0   -43.0   46.372 -118.620    784.2    922.8
     1     1    17     8     3    18     0     0   -44.0   46.278 -118.595    782.4    921.5
     1     1    17     8     3    17     0     0   -45.0   46.238 -118.488    767.7    923.9
     1     1    17     8     3    16     0     0   -46.0   46.272 -118.359    770.3    923.2
     1     1    17     8     3    15     0     0   -47.0   46.316 -118.251    760.7    924.7
     1     1    17     8     3    14     0     0   -48.0   46.292 -118.193    766.5    924.2
     1     1    17     8     3    13     0     0   -49.0   46.284 -118.153    771.1    923.1
     1     1    17     8     3    12     0     0   -50.0   46.345 -118.077    765.6    922.7
     1     1    17     8     3    11     0     0   -51.0   46.376 -118.116    752.1    925.9
     1     1    17     8     3    10     0     0   -52.0   46.340 -118.199    751.9    925.5
     1     1    17     8     3     9     0     0   -53.0   46.279 -118.200    757.4    925.0
     1     1    17     8     3     8     0     0   -54.0   46.243 -118.171    766.5    923.4
     1     1    17     8     3     7     0     0   -55.0   46.218 -118.141    764.2    923.6
     1     1    17     8     3     6     0     0   -56.0   46.214 -118.144    760.7    924.9
     1     1    17     8     3     5     0     0   -57.0   46.209 -118.154    763.2    924.6
     1     1    17     8     3     4     0     0   -58.0   46.221 -118.118    770.9    923.7
     1     1    17     8     3     3     0     0   -59.0   46.278 -118.066    779.2    921.4
     1     1    17     8     3     2     0     0   -60.0   46.343 -118.034    780.8    922.5
     1     1    17     8     3     1     0     0   -61.0   46.372 -117.970    789.8    921.5
     1     1    17     8     3     0     0     0   -62.0   46.351 -117.935    790.5    920.3
