     1     1
    SITE    10     3     1     0     0
     1 BACKWARD OMEGA   
    17     8     8    22   46.392 -119.412   700.0
     1 PRESSURE
     1     1    17     8     8    22     0     0     0.0   46.392 -119.412    700.0    931.4
     1     1    17     8     8    21     0     0    -1.0   46.386 -119.395    695.0    932.0
     1     1    17     8     8    20     0     0    -2.0   46.376 -119.441    692.2    931.9
     1     1    17     8     8    19     0     0    -3.0   46.367 -119.463    682.2    934.3
     1     1    17     8     8    18     0     0    -4.0   46.378 -119.396    687.0    933.4
     1     1    17     8     8    17     0     0    -5.0   46.416 -119.303    692.0    932.9
     1     1    17     8     8    16     0     0    -6.0   46.467 -119.204    694.8    932.4
     1     1    17     8     8    15     0     0    -7.0   46.491 -119.091    697.8    931.1
     1     1    17     8     8    14     0     0    -8.0   46.472 -118.977    706.8    930.9
     1     1    17     8     8    13     0     0    -9.0   46.429 -118.893    715.7    929.0
     1     1    17     8     8    12     0     0   -10.0   46.409 -118.806    710.0    930.4
     1     1    17     8     8    11     0     0   -11.0   46.427 -118.711    706.5    930.8
     1     1    17     8     8    10     0     0   -12.0   46.454 -118.624    707.9    930.4
     1     1    17     8     8     9     0     0   -13.0   46.460 -118.552    710.1    930.4
     1     1    17     8     8     8     0     0   -14.0   46.455 -118.501    713.8    929.2
     1     1    17     8     8     7     0     0   -15.0   46.454 -118.465    714.0    930.0
     1     1    17     8     8     6     0     0   -16.0   46.439 -118.443    716.2    929.7
     1     1    17     8     8     5     0     0   -17.0   46.412 -118.436    722.9    929.0
     1     1    17     8     8     4     0     0   -18.0   46.409 -118.406    724.8    927.7
     1     1    17     8     8     3     0     0   -19.0   46.425 -118.362    721.3    928.9
     1     1    17     8     8     2     0     0   -20.0   46.416 -118.353    717.3    929.4
     1     1    17     8     8     1     0     0   -21.0   46.389 -118.366    718.3    929.8
     1     1    17     8     8     0     0     0   -22.0   46.342 -118.371    720.1    928.7
     1     1    17     8     7    23     0     0   -23.0   46.291 -118.393    720.4    929.0
     1     1    17     8     7    22     0     0   -24.0   46.262 -118.444    717.4    929.1
     1     1    17     8     7    21     0     0   -25.0   46.234 -118.469    709.2    930.2
     1     1    17     8     7    20     0     0   -26.0   46.190 -118.464    699.1    931.9
     1     1    17     8     7    19     0     0   -27.0   46.124 -118.457    685.9    931.9
     1     1    17     8     7    18     0     0   -28.0   46.040 -118.425    658.9    936.5
     1     1    17     8     7    17     0     0   -29.0   45.948 -118.387    664.4    935.6
     1     1    17     8     7    16     0     0   -30.0   45.859 -118.335    659.2    936.0
     1     1    17     8     7    15     0     0   -31.0   45.779 -118.252    645.6    938.3
     1     1    17     8     7    14     0     0   -32.0   45.707 -118.178    642.0    938.3
     1     1    17     8     7    13     0     0   -33.0   45.640 -118.122    637.1    939.0
     1     1    17     8     7    12     0     0   -34.0   45.582 -118.094    630.3    939.7
     1     1    17     8     7    11     0     0   -35.0   45.570 -118.060    629.3    940.7
     1     1    17     8     7    10     0     0   -36.0   45.601 -117.986    662.1    938.1
     1     1    17     8     7     9     0     0   -37.0   45.639 -117.903    691.7    929.3
