     1     1
    SITE    10     3     1     0     0
     1 BACKWARD OMEGA   
    17     8    29    12   46.392 -119.412   700.0
     1 PRESSURE
     1     1    17     8    29    12     0     0     0.0   46.392 -119.412    700.0    931.4
     1     1    17     8    29    11     0     0    -1.0   46.393 -119.321    714.9    929.7
     1     1    17     8    29    10     0     0    -2.0   46.368 -119.278    709.3    930.5
     1     1    17     8    29     9     0     0    -3.0   46.320 -119.280    708.2    930.2
     1     1    17     8    29     8     0     0    -4.0   46.274 -119.295    706.0    930.6
     1     1    17     8    29     7     0     0    -5.0   46.249 -119.291    704.8    931.0
     1     1    17     8    29     6     0     0    -6.0   46.243 -119.268    709.2    930.7
     1     1    17     8    29     5     0     0    -7.0   46.227 -119.252    717.0    929.5
     1     1    17     8    29     4     0     0    -8.0   46.220 -119.189    721.8    928.8
     1     1    17     8    29     3     0     0    -9.0   46.245 -119.075    745.5    926.1
     1     1    17     8    29     2     0     0   -10.0   46.291 -118.964    746.5    925.6
     1     1    17     8    29     1     0     0   -11.0   46.336 -118.883    741.6    927.5
     1     1    17     8    29     0     0     0   -12.0   46.334 -118.863    750.1    924.9
     1     1    17     8    28    23     0     0   -13.0   46.296 -118.874    755.1    923.9
     1     1    17     8    28    22     0     0   -14.0   46.267 -118.859    754.0    925.6
     1     1    17     8    28    21     0     0   -15.0   46.242 -118.825    759.9    924.8
     1     1    17     8    28    20     0     0   -16.0   46.217 -118.854    773.8    923.5
     1     1    17     8    28    19     0     0   -17.0   46.182 -118.894    785.8    921.8
     1     1    17     8    28    18     0     0   -18.0   46.196 -118.945    798.8    920.1
     1     1    17     8    28    17     0     0   -19.0   46.279 -119.034    782.8    922.0
     1     1    17     8    28    16     0     0   -20.0   46.367 -119.080    773.6    922.5
     1     1    17     8    28    15     0     0   -21.0   46.455 -119.096    771.2    923.2
     1     1    17     8    28    14     0     0   -22.0   46.455 -119.102    755.3    924.9
     1     1    17     8    28    13     0     0   -23.0   46.363 -119.118    761.1    924.7
     1     1    17     8    28    12     0     0   -24.0   46.357 -119.085    786.4    921.9
     1     1    17     8    28    11     0     0   -25.0   46.440 -119.035    781.6    922.0
     1     1    17     8    28    10     0     0   -26.0   46.440 -119.036    792.3    921.4
     1     1    17     8    28     9     0     0   -27.0   46.448 -119.057    808.3    919.1
     1     1    17     8    28     8     0     0   -28.0   46.456 -119.090    816.7    917.9
     1     1    17     8    28     7     0     0   -29.0   46.398 -119.067    816.0    919.1
     1     1    17     8    28     6     0     0   -30.0   46.354 -119.069    817.0    916.2
     1     1    17     8    28     5     0     0   -31.0   46.310 -119.044    831.0    918.2
     1     1    17     8    28     4     0     0   -32.0   46.269 -118.977    820.7    917.9
     1     1    17     8    28     3     0     0   -33.0   46.220 -119.016    809.0    919.5
     1     1    17     8    28     2     0     0   -34.0   46.212 -119.045    799.1    919.8
     1     1    17     8    28     1     0     0   -35.0   46.219 -118.998    809.4    920.8
     1     1    17     8    28     0     0     0   -36.0   46.197 -118.938    810.9    917.0
     1     1    17     8    27    23     0     0   -37.0   46.166 -118.879    813.2    920.6
     1     1    17     8    27    22     0     0   -38.0   46.147 -118.811    817.9    916.4
     1     1    17     8    27    21     0     0   -39.0   46.133 -118.751    808.8    918.9
     1     1    17     8    27    20     0     0   -40.0   46.107 -118.725    805.3    920.2
     1     1    17     8    27    19     0     0   -41.0   46.080 -118.727    806.1    919.1
     1     1    17     8    27    18     0     0   -42.0   46.068 -118.718    804.9    919.7
     1     1    17     8    27    17     0     0   -43.0   46.063 -118.696    804.3    919.5
     1     1    17     8    27    16     0     0   -44.0   46.048 -118.659    804.4    919.9
     1     1    17     8    27    15     0     0   -45.0   46.021 -118.594    819.8    919.1
     1     1    17     8    27    14     0     0   -46.0   45.983 -118.516    826.6    914.8
     1     1    17     8    27    13     0     0   -47.0   45.942 -118.437    822.8    918.8
     1     1    17     8    27    12     0     0   -48.0   45.943 -118.370    820.3    917.8
     1     1    17     8    27    11     0     0   -49.0   45.937 -118.322    803.0    919.4
     1     1    17     8    27    10     0     0   -50.0   45.903 -118.276    791.1    921.7
     1     1    17     8    27     9     0     0   -51.0   45.893 -118.219    788.5    921.5
     1     1    17     8    27     8     0     0   -52.0   45.890 -118.155    786.5    921.5
     1     1    17     8    27     7     0     0   -53.0   45.903 -118.092    785.5    921.9
     1     1    17     8    27     6     0     0   -54.0   45.920 -118.080    785.1    921.4
     1     1    17     8    27     5     0     0   -55.0   45.913 -118.088    784.2    922.1
     1     1    17     8    27     4     0     0   -56.0   45.925 -118.048    786.9    921.6
     1     1    17     8    27     3     0     0   -57.0   45.950 -117.978    797.9    919.7
     1     1    17     8    27     2     0     0   -58.0   45.962 -117.903    811.9    919.4
