     1     1
    SITE    10     3     1     0     0
     1 BACKWARD OMEGA   
    17     8    12    10   46.392 -119.412   700.0
     1 PRESSURE
     1     1    17     8    12    10     0     0     0.0   46.392 -119.412    700.0    931.4
     1     1    17     8    12     9     0     0    -1.0   46.239 -119.388    679.6    933.7
     1     1    17     8    12     8     0     0    -2.0   46.116 -119.390    660.1    936.1
     1     1    17     8    12     7     0     0    -3.0   46.010 -119.412    654.7    936.8
     1     1    17     8    12     6     0     0    -4.0   45.927 -119.405    649.9    938.1
     1     1    17     8    12     5     0     0    -5.0   45.834 -119.405    669.2    934.2
     1     1    17     8    12     4     0     0    -6.0   45.718 -119.377    653.0    937.3
     1     1    17     8    12     3     0     0    -7.0   45.615 -119.377    635.0    938.5
     1     1    17     8    12     2     0     0    -8.0   45.547 -119.424    620.2    941.0
     1     1    17     8    12     1     0     0    -9.0   45.503 -119.447    629.9    939.9
     1     1    17     8    12     0     0     0   -10.0   45.445 -119.426    633.9    937.6
     1     1    17     8    11    23     0     0   -11.0   45.400 -119.389    625.7    940.1
