     1     1
    SITE    10     3     1     0     0
     1 BACKWARD OMEGA   
    17     8    20    15   46.392 -119.412   700.0
     1 PRESSURE
     1     1    17     8    20    15     0     0     0.0   46.392 -119.412    700.0    931.4
     1     1    17     8    20    14     0     0    -1.0   46.323 -119.360    700.4    931.4
     1     1    17     8    20    13     0     0    -2.0   46.241 -119.406    699.0    931.7
     1     1    17     8    20    12     0     0    -3.0   46.177 -119.415    701.8    931.3
     1     1    17     8    20    11     0     0    -4.0   46.124 -119.414    697.5    930.8
     1     1    17     8    20    10     0     0    -5.0   46.072 -119.443    691.9    933.1
     1     1    17     8    20     9     0     0    -6.0   46.028 -119.474    689.5    932.5
     1     1    17     8    20     8     0     0    -7.0   45.977 -119.478    688.8    933.5
     1     1    17     8    20     7     0     0    -8.0   45.906 -119.448    695.4    932.9
     1     1    17     8    20     6     0     0    -9.0   45.830 -119.416    697.5    931.4
     1     1    17     8    20     5     0     0   -10.0   45.749 -119.413    677.7    933.8
     1     1    17     8    20     4     0     0   -11.0   45.662 -119.424    665.4    935.6
     1     1    17     8    20     3     0     0   -12.0   45.570 -119.410    644.8    937.5
     1     1    17     8    20     2     0     0   -13.0   45.505 -119.410    621.7    941.3
     1     1    17     8    20     1     0     0   -14.0   45.477 -119.432    617.9    941.0
     1     1    17     8    20     0     0     0   -15.0   45.441 -119.454    620.2    941.7
     1     1    17     8    19    23     0     0   -16.0   45.361 -119.454    633.8    939.6
