     1     1
    SITE    10     3     1     0     0
     1 BACKWARD OMEGA   
    17     8    14    14   46.392 -119.412   700.0
     1 PRESSURE
     1     1    17     8    14    14     0     0     0.0   46.392 -119.412    700.0    931.4
     1     1    17     8    14    13     0     0    -1.0   46.303 -119.371    691.4    932.4
     1     1    17     8    14    12     0     0    -2.0   46.198 -119.251    700.1    931.9
     1     1    17     8    14    11     0     0    -3.0   46.078 -119.215    692.4    931.8
     1     1    17     8    14    10     0     0    -4.0   45.965 -119.214    696.0    931.9
     1     1    17     8    14     9     0     0    -5.0   45.871 -119.205    699.9    931.4
     1     1    17     8    14     8     0     0    -6.0   45.791 -119.192    716.3    930.0
     1     1    17     8    14     7     0     0    -7.0   45.712 -119.167    733.5    927.5
     1     1    17     8    14     6     0     0    -8.0   45.624 -119.152    728.7    927.0
     1     1    17     8    14     5     0     0    -9.0   45.537 -119.144    719.5    929.6
     1     1    17     8    14     4     0     0   -10.0   45.456 -119.141    722.3    928.7
