     1     1
    SITE    10     3     1     0     0
     1 BACKWARD OMEGA   
    17     8     2     8   46.392 -119.412   700.0
     1 PRESSURE
     1     1    17     8     2     8     0     0     0.0   46.392 -119.412    700.0    931.4
     1     1    17     8     2     7     0     0    -1.0   46.505 -119.404    708.4    930.4
     1     1    17     8     2     6     0     0    -2.0   46.551 -119.374    714.7    929.6
     1     1    17     8     2     5     0     0    -3.0   46.540 -119.359    697.7    929.3
     1     1    17     8     2     4     0     0    -4.0   46.506 -119.307    684.1    932.0
     1     1    17     8     2     3     0     0    -5.0   46.549 -119.290    658.7    936.9
     1     1    17     8     2     2     0     0    -6.0   46.595 -119.383    663.6    936.3
     1     1    17     8     2     1     0     0    -7.0   46.572 -119.486    673.4    934.9
     1     1    17     8     2     0     0     0    -8.0   46.553 -119.562    683.0    933.3
     1     1    17     8     1    23     0     0    -9.0   46.555 -119.628    680.6    933.1
     1     1    17     8     1    22     0     0   -10.0   46.588 -119.635    676.8    934.6
     1     1    17     8     1    21     0     0   -11.0   46.650 -119.649    679.9    934.6
     1     1    17     8     1    20     0     0   -12.0   46.700 -119.703    690.0    931.2
     1     1    17     8     1    19     0     0   -13.0   46.708 -119.672    688.6    933.5
     1     1    17     8     1    18     0     0   -14.0   46.727 -119.569    681.2    933.9
     1     1    17     8     1    17     0     0   -15.0   46.800 -119.423    653.3    936.7
     1     1    17     8     1    16     0     0   -16.0   46.870 -119.235    625.1    939.5
     1     1    17     8     1    15     0     0   -17.0   46.932 -119.034    620.1    940.9
     1     1    17     8     1    14     0     0   -18.0   47.007 -118.898    632.5    939.6
     1     1    17     8     1    13     0     0   -19.0   47.049 -118.797    645.8    937.8
     1     1    17     8     1    12     0     0   -20.0   47.037 -118.785    649.9    937.5
     1     1    17     8     1    11     0     0   -21.0   46.987 -118.847    660.9    935.7
     1     1    17     8     1    10     0     0   -22.0   46.906 -118.850    645.4    938.2
     1     1    17     8     1     9     0     0   -23.0   46.842 -118.838    640.9    938.5
     1     1    17     8     1     8     0     0   -24.0   46.798 -118.833    634.4    939.0
     1     1    17     8     1     7     0     0   -25.0   46.762 -118.821    625.6    940.8
     1     1    17     8     1     6     0     0   -26.0   46.747 -118.825    624.7    940.6
     1     1    17     8     1     5     0     0   -27.0   46.736 -118.831    623.7    940.3
     1     1    17     8     1     4     0     0   -28.0   46.738 -118.802    626.6    940.5
     1     1    17     8     1     3     0     0   -29.0   46.740 -118.775    628.9    939.7
     1     1    17     8     1     2     0     0   -30.0   46.728 -118.748    632.6    940.0
     1     1    17     8     1     1     0     0   -31.0   46.700 -118.711    631.3    938.5
     1     1    17     8     1     0     0     0   -32.0   46.690 -118.660    619.8    941.5
     1     1    17     7    31    23     0     0   -33.0   46.701 -118.652    609.5    942.1
     1     1    17     7    31    22     0     0   -34.0   46.676 -118.669    605.0    942.1
     1     1    17     7    31    21     0     0   -35.0   46.665 -118.665    607.4    942.9
     1     1    17     7    31    20     0     0   -36.0   46.668 -118.689    606.7    941.0
     1     1    17     7    31    19     0     0   -37.0   46.607 -118.714    617.0    943.4
     1     1    17     7    31    18     0     0   -38.0   46.519 -118.675    646.4    937.4
     1     1    17     7    31    17     0     0   -39.0   46.495 -118.579    649.9    937.4
     1     1    17     7    31    16     0     0   -40.0   46.519 -118.482    647.7    937.5
     1     1    17     7    31    15     0     0   -41.0   46.526 -118.365    662.2    936.6
     1     1    17     7    31    14     0     0   -42.0   46.498 -118.259    680.4    933.3
     1     1    17     7    31    13     0     0   -43.0   46.489 -118.171    666.2    935.0
     1     1    17     7    31    12     0     0   -44.0   46.482 -118.068    653.5    938.7
     1     1    17     7    31    11     0     0   -45.0   46.476 -117.962    658.3    936.5
