     1     1
    SITE    10     3     1     0     0
     1 BACKWARD OMEGA   
    17     8    25     8   46.392 -119.412   700.0
     1 PRESSURE
     1     1    17     8    25     8     0     0     0.0   46.392 -119.412    700.0    931.4
     1     1    17     8    25     7     0     0    -1.0   46.359 -119.389    692.5    932.3
     1     1    17     8    25     6     0     0    -2.0   46.325 -119.346    689.6    934.9
     1     1    17     8    25     5     0     0    -3.0   46.275 -119.333    701.8    930.7
     1     1    17     8    25     4     0     0    -4.0   46.228 -119.343    707.6    929.8
     1     1    17     8    25     3     0     0    -5.0   46.188 -119.364    701.4    930.7
     1     1    17     8    25     2     0     0    -6.0   46.147 -119.400    703.3    932.6
     1     1    17     8    25     1     0     0    -7.0   46.125 -119.451    710.3    929.4
     1     1    17     8    25     0     0     0    -8.0   46.094 -119.492    690.7    930.4
     1     1    17     8    24    23     0     0    -9.0   46.061 -119.537    669.5    937.0
     1     1    17     8    24    22     0     0   -10.0   46.096 -119.663    669.0    935.8
     1     1    17     8    24    21     0     0   -11.0   46.205 -119.863    721.2    928.5
     1     1    17     8    24    20     0     0   -12.0   46.354 -120.088    715.4    929.4
     1     1    17     8    24    19     0     0   -13.0   46.528 -120.334    732.9    925.6
     1     1    17     8    24    18     0     0   -14.0   46.747 -120.607    761.1    925.3
