     1     1
    SITE    10     3     1     0     0
     1 BACKWARD OMEGA   
    17     8    23    13   46.392 -119.412   700.0
     1 PRESSURE
     1     1    17     8    23    13     0     0     0.0   46.392 -119.412    700.0    931.4
     1     1    17     8    23    12     0     0    -1.0   46.231 -119.299    710.4    930.2
     1     1    17     8    23    11     0     0    -2.0   46.080 -119.219    724.7    929.3
     1     1    17     8    23    10     0     0    -3.0   45.938 -119.197    723.3    928.4
     1     1    17     8    23     9     0     0    -4.0   45.808 -119.183    693.6    931.8
     1     1    17     8    23     8     0     0    -5.0   45.693 -119.169    674.9    934.1
     1     1    17     8    23     7     0     0    -6.0   45.584 -119.157    677.8    933.4
     1     1    17     8    23     6     0     0    -7.0   45.497 -119.139    662.2    936.5
     1     1    17     8    23     5     0     0    -8.0   45.449 -119.125    659.6    936.3
     1     1    17     8    23     4     0     0    -9.0   45.384 -119.110    647.9    936.2
