     1     1
    SITE    10     3     1     0     0
     1 BACKWARD OMEGA   
    17     8    24     6   46.392 -119.412   700.0
     1 PRESSURE
     1     1    17     8    24     6     0     0     0.0   46.392 -119.412    700.0    931.4
     1     1    17     8    24     5     0     0    -1.0   46.381 -119.472    694.4    932.1
     1     1    17     8    24     4     0     0    -2.0   46.386 -119.535    685.1    933.6
     1     1    17     8    24     3     0     0    -3.0   46.349 -119.549    686.5    933.7
     1     1    17     8    24     2     0     0    -4.0   46.298 -119.551    685.4    930.6
     1     1    17     8    24     1     0     0    -5.0   46.256 -119.545    672.4    936.0
     1     1    17     8    24     0     0     0    -6.0   46.253 -119.521    676.0    934.6
     1     1    17     8    23    23     0     0    -7.0   46.251 -119.518    680.5    933.1
     1     1    17     8    23    22     0     0    -8.0   46.220 -119.544    673.7    933.6
     1     1    17     8    23    21     0     0    -9.0   46.180 -119.616    678.6    936.1
     1     1    17     8    23    20     0     0   -10.0   46.111 -119.645    707.1    930.1
     1     1    17     8    23    19     0     0   -11.0   46.045 -119.584    721.3    929.0
     1     1    17     8    23    18     0     0   -12.0   45.981 -119.514    717.5    928.8
     1     1    17     8    23    17     0     0   -13.0   45.908 -119.432    699.2    931.3
     1     1    17     8    23    16     0     0   -14.0   45.841 -119.311    698.0    931.4
     1     1    17     8    23    15     0     0   -15.0   45.738 -119.187    684.2    934.0
     1     1    17     8    23    14     0     0   -16.0   45.625 -119.060    680.0    934.7
     1     1    17     8    23    13     0     0   -17.0   45.494 -118.935    687.7    933.4
