     1     1
    SITE    10     3     1     0     0
     1 BACKWARD OMEGA   
    17     8    15    17   46.392 -119.412   700.0
     1 PRESSURE
     1     1    17     8    15    17     0     0     0.0   46.392 -119.412    700.0    931.4
     1     1    17     8    15    16     0     0    -1.0   46.293 -119.284    675.6    934.3
     1     1    17     8    15    15     0     0    -2.0   46.199 -119.200    676.0    934.1
     1     1    17     8    15    14     0     0    -3.0   46.138 -119.106    690.7    933.3
     1     1    17     8    15    13     0     0    -4.0   46.095 -119.084    698.4    931.3
     1     1    17     8    15    12     0     0    -5.0   46.032 -119.125    694.2    931.6
     1     1    17     8    15    11     0     0    -6.0   45.988 -119.077    709.2    930.4
     1     1    17     8    15    10     0     0    -7.0   45.974 -118.987    702.1    928.4
     1     1    17     8    15     9     0     0    -8.0   45.949 -118.926    685.9    934.8
     1     1    17     8    15     8     0     0    -9.0   45.910 -118.914    686.4    933.0
     1     1    17     8    15     7     0     0   -10.0   45.881 -118.907    690.8    933.0
     1     1    17     8    15     6     0     0   -11.0   45.859 -118.902    695.0    931.4
     1     1    17     8    15     5     0     0   -12.0   45.837 -118.905    694.4    932.2
     1     1    17     8    15     4     0     0   -13.0   45.837 -118.879    697.3    932.0
     1     1    17     8    15     3     0     0   -14.0   45.842 -118.833    692.9    932.6
     1     1    17     8    15     2     0     0   -15.0   45.828 -118.740    701.7    932.3
     1     1    17     8    15     1     0     0   -16.0   45.842 -118.657    703.6    931.1
     1     1    17     8    15     0     0     0   -17.0   45.891 -118.662    703.3    930.8
     1     1    17     8    14    23     0     0   -18.0   45.916 -118.726    714.5    930.9
     1     1    17     8    14    22     0     0   -19.0   45.903 -118.768    721.1    928.9
     1     1    17     8    14    21     0     0   -20.0   45.851 -118.753    704.5    928.8
     1     1    17     8    14    20     0     0   -21.0   45.778 -118.737    684.7    933.6
     1     1    17     8    14    19     0     0   -22.0   45.698 -118.678    684.5    932.9
     1     1    17     8    14    18     0     0   -23.0   45.611 -118.559    658.9    936.8
     1     1    17     8    14    17     0     0   -24.0   45.524 -118.415    658.9    936.3
     1     1    17     8    14    16     0     0   -25.0   45.436 -118.274    633.1    940.0
