     1     1
    SITE    10     3     1     0     0
     1 BACKWARD OMEGA   
    17     8     1    10   46.392 -119.412   700.0
     1 PRESSURE
     1     1    17     8     1    10     0     0     0.0   46.392 -119.412    700.0    931.4
     1     1    17     8     1     9     0     0    -1.0   46.326 -119.400    695.9    931.9
     1     1    17     8     1     8     0     0    -2.0   46.283 -119.394    702.5    931.5
     1     1    17     8     1     7     0     0    -3.0   46.247 -119.380    710.5    929.1
     1     1    17     8     1     6     0     0    -4.0   46.231 -119.384    710.3    930.5
     1     1    17     8     1     5     0     0    -5.0   46.220 -119.390    712.4    929.8
     1     1    17     8     1     4     0     0    -6.0   46.221 -119.360    713.9    929.7
     1     1    17     8     1     3     0     0    -7.0   46.223 -119.335    717.9    929.4
     1     1    17     8     1     2     0     0    -8.0   46.210 -119.308    720.0    929.1
     1     1    17     8     1     1     0     0    -9.0   46.181 -119.271    720.2    929.1
     1     1    17     8     1     0     0     0   -10.0   46.169 -119.219    728.6    929.1
     1     1    17     7    31    23     0     0   -11.0   46.179 -119.207    729.6    926.6
     1     1    17     7    31    22     0     0   -12.0   46.153 -119.223    723.5    929.4
     1     1    17     7    31    21     0     0   -13.0   46.142 -119.218    721.6    928.9
     1     1    17     7    31    20     0     0   -14.0   46.146 -119.242    722.3    929.0
     1     1    17     7    31    19     0     0   -15.0   46.086 -119.267    723.7    928.5
     1     1    17     7    31    18     0     0   -16.0   45.998 -119.224    739.9    925.7
     1     1    17     7    31    17     0     0   -17.0   45.973 -119.127    724.7    928.9
     1     1    17     7    31    16     0     0   -18.0   46.001 -119.030    717.7    929.7
     1     1    17     7    31    15     0     0   -19.0   46.007 -118.913    704.5    930.7
     1     1    17     7    31    14     0     0   -20.0   45.976 -118.807    704.1    931.3
     1     1    17     7    31    13     0     0   -21.0   45.965 -118.721    710.3    929.5
     1     1    17     7    31    12     0     0   -22.0   45.955 -118.620    700.7    931.9
     1     1    17     7    31    11     0     0   -23.0   45.950 -118.516    691.4    932.4
     1     1    17     7    31    10     0     0   -24.0   45.966 -118.415    675.4    934.3
     1     1    17     7    31     9     0     0   -25.0   45.948 -118.331    694.8    932.6
     1     1    17     7    31     8     0     0   -26.0   45.942 -118.325    717.7    927.3
     1     1    17     7    31     7     0     0   -27.0   45.940 -118.333    713.9    929.5
     1     1    17     7    31     6     0     0   -28.0   45.931 -118.297    712.8    930.2
     1     1    17     7    31     5     0     0   -29.0   45.929 -118.254    720.3    929.7
     1     1    17     7    31     4     0     0   -30.0   45.904 -118.226    720.3    928.0
     1     1    17     7    31     3     0     0   -31.0   45.859 -118.218    720.9    929.9
     1     1    17     7    31     2     0     0   -32.0   45.828 -118.237    720.9    927.7
     1     1    17     7    31     1     0     0   -33.0   45.849 -118.280    716.6    929.3
     1     1    17     7    31     0     0     0   -34.0   45.870 -118.227    721.2    929.8
     1     1    17     7    30    23     0     0   -35.0   45.856 -118.230    723.7    927.8
     1     1    17     7    30    22     0     0   -36.0   45.903 -118.378    706.2    931.5
     1     1    17     7    30    21     0     0   -37.0   46.005 -118.530    706.7    929.7
     1     1    17     7    30    20     0     0   -38.0   46.049 -118.711    716.0    931.7
     1     1    17     7    30    19     0     0   -39.0   46.004 -118.763    739.6    926.3
     1     1    17     7    30    18     0     0   -40.0   45.906 -118.618    757.2    923.5
     1     1    17     7    30    17     0     0   -41.0   45.786 -118.386    756.7    925.1
     1     1    17     7    30    16     0     0   -42.0   45.650 -118.226    730.0    928.5
     1     1    17     7    30    15     0     0   -43.0   45.519 -118.145    710.7    930.9
     1     1    17     7    30    14     0     0   -44.0   45.412 -117.987    723.8    928.7
