     1     1
    SITE    10     3     1     0     0
     1 BACKWARD OMEGA   
    17     8    18    16   46.392 -119.412   700.0
     1 PRESSURE
     1     1    17     8    18    16     0     0     0.0   46.392 -119.412    700.0    931.4
     1     1    17     8    18    15     0     0    -1.0   46.334 -119.509    708.3    930.4
     1     1    17     8    18    14     0     0    -2.0   46.230 -119.494    709.0    930.3
     1     1    17     8    18    13     0     0    -3.0   46.134 -119.520    698.5    931.8
     1     1    17     8    18    12     0     0    -4.0   46.021 -119.500    715.2    930.5
     1     1    17     8    18    11     0     0    -5.0   45.886 -119.447    743.4    925.1
     1     1    17     8    18    10     0     0    -6.0   45.760 -119.405    708.3    930.0
     1     1    17     8    18     9     0     0    -7.0   45.649 -119.397    694.8    931.6
     1     1    17     8    18     8     0     0    -8.0   45.543 -119.400    677.9    935.3
     1     1    17     8    18     7     0     0    -9.0   45.449 -119.401    691.5    932.3
