     1     1
    SITE    10     3     1     0     0
     1 BACKWARD OMEGA   
    17     8    20     6   46.392 -119.412   700.0
     1 PRESSURE
     1     1    17     8    20     6     0     0     0.0   46.392 -119.412    700.0    931.4
     1     1    17     8    20     5     0     0    -1.0   46.310 -119.407    717.4    929.4
     1     1    17     8    20     4     0     0    -2.0   46.220 -119.417    721.7    928.8
     1     1    17     8    20     3     0     0    -3.0   46.127 -119.405    718.6    928.9
     1     1    17     8    20     2     0     0    -4.0   46.063 -119.406    717.1    929.7
     1     1    17     8    20     1     0     0    -5.0   46.035 -119.427    720.7    928.9
     1     1    17     8    20     0     0     0    -6.0   46.000 -119.448    718.0    929.0
     1     1    17     8    19    23     0     0    -7.0   45.920 -119.446    723.9    930.0
     1     1    17     8    19    22     0     0    -8.0   45.908 -119.429    734.0    928.0
     1     1    17     8    19    21     0     0    -9.0   46.003 -119.457    728.4    926.8
     1     1    17     8    19    20     0     0   -10.0   46.048 -119.548    698.6    932.6
     1     1    17     8    19    19     0     0   -11.0   45.995 -119.584    699.5    932.0
     1     1    17     8    19    18     0     0   -12.0   45.897 -119.510    708.1    930.2
     1     1    17     8    19    17     0     0   -13.0   45.793 -119.409    718.9    929.5
     1     1    17     8    19    16     0     0   -14.0   45.689 -119.285    710.9    930.8
     1     1    17     8    19    15     0     0   -15.0   45.576 -119.175    705.5    930.7
     1     1    17     8    19    14     0     0   -16.0   45.480 -119.040    702.0    933.3
     1     1    17     8    19    13     0     0   -17.0   45.445 -119.016    726.2    928.4
     1     1    17     8    19    12     0     0   -18.0   45.442 -119.140    701.8    931.1
     1     1    17     8    19    11     0     0   -19.0   45.405 -119.209    682.2    933.7
