     1     1
    SITE    10     3     1     0     0
     1 BACKWARD OMEGA   
    17     8     3    17   46.392 -119.412   700.0
     1 PRESSURE
     1     1    17     8     3    17     0     0     0.0   46.392 -119.412    700.0    931.4
     1     1    17     8     3    16     0     0    -1.0   46.429 -119.280    714.7    929.8
     1     1    17     8     3    15     0     0    -2.0   46.473 -119.171    739.0    926.3
     1     1    17     8     3    14     0     0    -3.0   46.448 -119.111    742.8    925.9
     1     1    17     8     3    13     0     0    -4.0   46.441 -119.069    725.5    928.9
     1     1    17     8     3    12     0     0    -5.0   46.501 -118.996    726.4    929.1
     1     1    17     8     3    11     0     0    -6.0   46.533 -119.039    733.9    927.8
     1     1    17     8     3    10     0     0    -7.0   46.500 -119.125    721.7    928.8
     1     1    17     8     3     9     0     0    -8.0   46.440 -119.128    707.1    930.5
     1     1    17     8     3     8     0     0    -9.0   46.405 -119.099    700.9    932.2
     1     1    17     8     3     7     0     0   -10.0   46.381 -119.069    703.4    930.6
     1     1    17     8     3     6     0     0   -11.0   46.377 -119.072    702.1    930.8
     1     1    17     8     3     5     0     0   -12.0   46.373 -119.083    697.0    931.8
     1     1    17     8     3     4     0     0   -13.0   46.387 -119.048    684.9    932.1
     1     1    17     8     3     3     0     0   -14.0   46.446 -118.997    684.3    933.9
     1     1    17     8     3     2     0     0   -15.0   46.511 -118.968    680.7    932.8
     1     1    17     8     3     1     0     0   -16.0   46.537 -118.908    665.7    935.1
     1     1    17     8     3     0     0     0   -17.0   46.515 -118.875    659.9    938.0
     1     1    17     8     2    23     0     0   -18.0   46.493 -118.846    659.3    935.3
     1     1    17     8     2    22     0     0   -19.0   46.464 -118.806    662.6    935.7
     1     1    17     8     2    21     0     0   -20.0   46.465 -118.823    676.3    934.8
     1     1    17     8     2    20     0     0   -21.0   46.481 -118.799    678.8    933.0
     1     1    17     8     2    19     0     0   -22.0   46.511 -118.770    691.8    935.5
     1     1    17     8     2    18     0     0   -23.0   46.611 -118.774    683.7    932.8
     1     1    17     8     2    17     0     0   -24.0   46.750 -118.733    688.2    932.8
     1     1    17     8     2    16     0     0   -25.0   46.896 -118.649    704.5    930.0
     1     1    17     8     2    15     0     0   -26.0   47.029 -118.539    684.7    933.5
     1     1    17     8     2    14     0     0   -27.0   47.151 -118.438    693.9    932.7
     1     1    17     8     2    13     0     0   -28.0   47.281 -118.347    740.1    927.2
