     1     1
    SITE    10     3     1     0     0
     1 BACKWARD OMEGA   
    17     8     6    20   46.392 -119.412   700.0
     1 PRESSURE
     1     1    17     8     6    20     0     0     0.0   46.392 -119.412    700.0    931.4
     1     1    17     8     6    19     0     0    -1.0   46.397 -119.382    698.3    931.6
     1     1    17     8     6    18     0     0    -2.0   46.415 -119.402    691.7    931.9
     1     1    17     8     6    17     0     0    -3.0   46.410 -119.494    688.5    932.9
     1     1    17     8     6    16     0     0    -4.0   46.436 -119.509    677.6    933.2
     1     1    17     8     6    15     0     0    -5.0   46.448 -119.436    658.1    936.3
     1     1    17     8     6    14     0     0    -6.0   46.462 -119.355    659.4    936.7
     1     1    17     8     6    13     0     0    -7.0   46.467 -119.282    664.9    935.7
     1     1    17     8     6    12     0     0    -8.0   46.427 -119.210    661.4    936.0
     1     1    17     8     6    11     0     0    -9.0   46.383 -119.153    650.1    936.5
     1     1    17     8     6    10     0     0   -10.0   46.368 -119.096    640.1    939.4
     1     1    17     8     6     9     0     0   -11.0   46.384 -119.024    640.8    937.8
     1     1    17     8     6     8     0     0   -12.0   46.377 -118.950    646.9    938.9
     1     1    17     8     6     7     0     0   -13.0   46.403 -118.860    640.8    936.9
     1     1    17     8     6     6     0     0   -14.0   46.430 -118.776    659.6    936.3
     1     1    17     8     6     5     0     0   -15.0   46.408 -118.727    665.8    933.6
     1     1    17     8     6     4     0     0   -16.0   46.384 -118.727    662.2    936.5
     1     1    17     8     6     3     0     0   -17.0   46.351 -118.732    657.9    936.1
     1     1    17     8     6     2     0     0   -18.0   46.326 -118.703    650.8    937.8
     1     1    17     8     6     1     0     0   -19.0   46.289 -118.675    655.4    937.5
     1     1    17     8     6     0     0     0   -20.0   46.239 -118.680    661.4    935.3
     1     1    17     8     5    23     0     0   -21.0   46.255 -118.655    662.0    938.3
     1     1    17     8     5    22     0     0   -22.0   46.285 -118.599    665.3    933.6
     1     1    17     8     5    21     0     0   -23.0   46.268 -118.568    652.3    936.7
     1     1    17     8     5    20     0     0   -24.0   46.212 -118.580    634.0    939.4
     1     1    17     8     5    19     0     0   -25.0   46.139 -118.626    627.0    939.9
     1     1    17     8     5    18     0     0   -26.0   46.072 -118.631    624.5    940.5
     1     1    17     8     5    17     0     0   -27.0   46.062 -118.559    634.7    939.5
     1     1    17     8     5    16     0     0   -28.0   46.100 -118.442    652.4    937.4
     1     1    17     8     5    15     0     0   -29.0   46.144 -118.317    645.1    937.3
     1     1    17     8     5    14     0     0   -30.0   46.190 -118.197    650.4    937.5
     1     1    17     8     5    13     0     0   -31.0   46.226 -118.082    647.4    937.6
     1     1    17     8     5    12     0     0   -32.0   46.281 -117.992    659.3    937.0
     1     1    17     8     5    11     0     0   -33.0   46.367 -117.913    668.0    935.4
