     1     1
    SITE    10     3     1     0     0
     1 BACKWARD OMEGA   
    17     8     3     4   46.392 -119.412   700.0
     1 PRESSURE
     1     1    17     8     3     4     0     0     0.0   46.392 -119.412    700.0    931.4
     1     1    17     8     3     3     0     0    -1.0   46.447 -119.359    697.2    931.7
     1     1    17     8     3     2     0     0    -2.0   46.511 -119.327    690.3    932.2
     1     1    17     8     3     1     0     0    -3.0   46.540 -119.265    682.0    933.5
     1     1    17     8     3     0     0     0    -4.0   46.519 -119.233    675.7    935.6
     1     1    17     8     2    23     0     0    -5.0   46.498 -119.207    679.4    933.1
     1     1    17     8     2    22     0     0    -6.0   46.468 -119.167    674.2    934.9
     1     1    17     8     2    21     0     0    -7.0   46.466 -119.184    681.5    934.1
     1     1    17     8     2    20     0     0    -8.0   46.482 -119.159    704.6    932.7
     1     1    17     8     2    19     0     0    -9.0   46.511 -119.131    715.6    928.6
     1     1    17     8     2    18     0     0   -10.0   46.609 -119.134    741.9    927.4
     1     1    17     8     2    17     0     0   -11.0   46.747 -119.093    757.6    925.3
     1     1    17     8     2    16     0     0   -12.0   46.894 -119.008    778.3    923.0
     1     1    17     8     2    15     0     0   -13.0   47.027 -118.895    784.5    922.1
     1     1    17     8     2    14     0     0   -14.0   47.151 -118.790    762.4    922.4
     1     1    17     8     2    13     0     0   -15.0   47.278 -118.701    724.6    928.6
