     1     1
    SITE    10     3     1     0     0
     1 BACKWARD OMEGA   
    17     8    22    20   46.392 -119.412   700.0
     1 PRESSURE
     1     1    17     8    22    20     0     0     0.0   46.392 -119.412    700.0    931.4
     1     1    17     8    22    19     0     0    -1.0   46.286 -119.393    703.5    931.1
     1     1    17     8    22    18     0     0    -2.0   46.189 -119.374    724.5    927.9
     1     1    17     8    22    17     0     0    -3.0   46.108 -119.328    710.3    929.9
     1     1    17     8    22    16     0     0    -4.0   46.044 -119.270    693.3    932.5
     1     1    17     8    22    15     0     0    -5.0   46.009 -119.194    684.0    933.3
     1     1    17     8    22    14     0     0    -6.0   45.999 -119.106    682.3    934.2
     1     1    17     8    22    13     0     0    -7.0   45.974 -119.051    681.1    932.8
     1     1    17     8    22    12     0     0    -8.0   45.931 -119.012    675.4    934.0
     1     1    17     8    22    11     0     0    -9.0   45.892 -118.954    665.3    935.2
     1     1    17     8    22    10     0     0   -10.0   45.847 -118.890    656.6    937.1
     1     1    17     8    22     9     0     0   -11.0   45.791 -118.835    666.9    937.1
     1     1    17     8    22     8     0     0   -12.0   45.732 -118.797    684.6    932.0
     1     1    17     8    22     7     0     0   -13.0   45.695 -118.784    690.7    932.6
     1     1    17     8    22     6     0     0   -14.0   45.676 -118.758    700.9    931.7
     1     1    17     8    22     5     0     0   -15.0   45.672 -118.695    706.1    930.2
     1     1    17     8    22     4     0     0   -16.0   45.701 -118.632    717.3    930.4
     1     1    17     8    22     3     0     0   -17.0   45.747 -118.588    726.7    926.8
     1     1    17     8    22     2     0     0   -18.0   45.769 -118.548    724.8    928.8
     1     1    17     8    22     1     0     0   -19.0   45.754 -118.528    724.0    928.5
     1     1    17     8    22     0     0     0   -20.0   45.734 -118.491    719.5    928.6
     1     1    17     8    21    23     0     0   -21.0   45.745 -118.434    714.0    930.8
     1     1    17     8    21    22     0     0   -22.0   45.761 -118.450    711.6    930.0
     1     1    17     8    21    21     0     0   -23.0   45.756 -118.521    708.3    930.1
     1     1    17     8    21    20     0     0   -24.0   45.724 -118.553    698.5    931.2
     1     1    17     8    21    19     0     0   -25.0   45.723 -118.572    688.6    934.1
     1     1    17     8    21    18     0     0   -26.0   45.790 -118.613    697.4    933.2
     1     1    17     8    21    17     0     0   -27.0   45.824 -118.691    708.8    930.3
     1     1    17     8    21    16     0     0   -28.0   45.850 -118.765    717.0    929.6
     1     1    17     8    21    15     0     0   -29.0   45.854 -118.797    729.6    928.1
     1     1    17     8    21    14     0     0   -30.0   45.795 -118.803    727.1    927.6
     1     1    17     8    21    13     0     0   -31.0   45.778 -118.749    722.7    929.0
     1     1    17     8    21    12     0     0   -32.0   45.770 -118.670    737.0    926.4
     1     1    17     8    21    11     0     0   -33.0   45.750 -118.579    748.6    925.3
     1     1    17     8    21    10     0     0   -34.0   45.765 -118.501    739.1    927.1
     1     1    17     8    21     9     0     0   -35.0   45.782 -118.463    741.4    927.2
     1     1    17     8    21     8     0     0   -36.0   45.779 -118.411    741.5    925.8
     1     1    17     8    21     7     0     0   -37.0   45.774 -118.341    748.2    927.2
     1     1    17     8    21     6     0     0   -38.0   45.781 -118.285    758.2    923.8
     1     1    17     8    21     5     0     0   -39.0   45.785 -118.253    754.9    924.7
     1     1    17     8    21     4     0     0   -40.0   45.771 -118.246    754.7    926.0
     1     1    17     8    21     3     0     0   -41.0   45.741 -118.217    758.9    924.5
     1     1    17     8    21     2     0     0   -42.0   45.711 -118.197    758.9    923.2
     1     1    17     8    21     1     0     0   -43.0   45.695 -118.172    759.4    925.7
     1     1    17     8    21     0     0     0   -44.0   45.661 -118.136    769.4    924.1
     1     1    17     8    20    23     0     0   -45.0   45.613 -118.140    781.9    922.2
     1     1    17     8    20    22     0     0   -46.0   45.619 -118.169    785.2    920.9
     1     1    17     8    20    21     0     0   -47.0   45.661 -118.185    771.2    923.5
     1     1    17     8    20    20     0     0   -48.0   45.661 -118.180    775.1    924.1
     1     1    17     8    20    19     0     0   -49.0   45.624 -118.154    790.4    920.8
     1     1    17     8    20    18     0     0   -50.0   45.588 -118.049    817.1    921.1
     1     1    17     8    20    17     0     0   -51.0   45.557 -117.888    865.7    912.2
