     1     1
    SITE    10     3     1     0     0
     1 BACKWARD OMEGA   
    17     8    23    11   46.392 -119.412   700.0
     1 PRESSURE
     1     1    17     8    23    11     0     0     0.0   46.392 -119.412    700.0    931.4
     1     1    17     8    23    10     0     0    -1.0   46.252 -119.390    693.4    932.2
     1     1    17     8    23     9     0     0    -2.0   46.123 -119.380    677.6    933.9
     1     1    17     8    23     8     0     0    -3.0   46.005 -119.368    655.1    936.4
     1     1    17     8    23     7     0     0    -4.0   45.894 -119.350    630.2    939.4
     1     1    17     8    23     6     0     0    -5.0   45.805 -119.329    628.6    940.2
     1     1    17     8    23     5     0     0    -6.0   45.757 -119.316    635.7    939.2
     1     1    17     8    23     4     0     0    -7.0   45.694 -119.300    628.4    938.3
     1     1    17     8    23     3     0     0    -8.0   45.621 -119.277    622.3    940.8
     1     1    17     8    23     2     0     0    -9.0   45.583 -119.237    627.1    940.3
     1     1    17     8    23     1     0     0   -10.0   45.531 -119.224    621.0    939.0
     1     1    17     8    23     0     0     0   -11.0   45.449 -119.303    613.1    940.9
