     1     1
    SITE    10     3     1     0     0
     1 BACKWARD OMEGA   
    17     8    11    19   46.392 -119.412   700.0
     1 PRESSURE
     1     1    17     8    11    19     0     0     0.0   46.392 -119.412    700.0    931.4
     1     1    17     8    11    18     0     0    -1.0   46.293 -119.452    698.0    931.6
     1     1    17     8    11    17     0     0    -2.0   46.221 -119.438    691.6    932.1
     1     1    17     8    11    16     0     0    -3.0   46.194 -119.367    686.7    933.6
     1     1    17     8    11    15     0     0    -4.0   46.204 -119.268    694.3    931.8
     1     1    17     8    11    14     0     0    -5.0   46.202 -119.169    695.5    932.2
     1     1    17     8    11    13     0     0    -6.0   46.171 -119.070    697.5    931.4
     1     1    17     8    11    12     0     0    -7.0   46.121 -118.994    697.5    932.2
     1     1    17     8    11    11     0     0    -8.0   46.077 -118.934    703.5    930.1
     1     1    17     8    11    10     0     0    -9.0   46.071 -118.864    711.0    931.3
     1     1    17     8    11     9     0     0   -10.0   46.097 -118.780    720.5    928.0
     1     1    17     8    11     8     0     0   -11.0   46.140 -118.686    716.2    928.8
     1     1    17     8    11     7     0     0   -12.0   46.196 -118.609    723.4    930.8
     1     1    17     8    11     6     0     0   -13.0   46.248 -118.550    730.1    925.8
     1     1    17     8    11     5     0     0   -14.0   46.239 -118.526    716.6    929.3
     1     1    17     8    11     4     0     0   -15.0   46.197 -118.561    712.0    929.7
     1     1    17     8    11     3     0     0   -16.0   46.158 -118.588    699.6    930.6
     1     1    17     8    11     2     0     0   -17.0   46.120 -118.547    687.0    934.7
     1     1    17     8    11     1     0     0   -18.0   46.098 -118.495    689.7    932.9
     1     1    17     8    11     0     0     0   -19.0   46.075 -118.467    682.5    932.1
     1     1    17     8    10    23     0     0   -20.0   46.035 -118.456    665.9    935.8
     1     1    17     8    10    22     0     0   -21.0   45.997 -118.503    661.5    937.2
     1     1    17     8    10    21     0     0   -22.0   45.985 -118.526    661.2    935.5
     1     1    17     8    10    20     0     0   -23.0   45.993 -118.533    658.4    935.9
     1     1    17     8    10    19     0     0   -24.0   45.985 -118.595    648.4    936.8
     1     1    17     8    10    18     0     0   -25.0   45.974 -118.567    629.5    940.6
     1     1    17     8    10    17     0     0   -26.0   46.007 -118.439    636.4    938.9
     1     1    17     8    10    16     0     0   -27.0   46.049 -118.307    642.5    938.3
     1     1    17     8    10    15     0     0   -28.0   46.088 -118.177    628.4    939.8
     1     1    17     8    10    14     0     0   -29.0   46.125 -118.054    615.7    940.8
     1     1    17     8    10    13     0     0   -30.0   46.158 -117.944    610.8    941.8
