     1     1
    SITE    10     3     1     0     0
     1 BACKWARD OMEGA   
    17     8     3    19   46.392 -119.412   700.0
     1 PRESSURE
     1     1    17     8     3    19     0     0     0.0   46.392 -119.412    700.0    931.4
     1     1    17     8     3    18     0     0    -1.0   46.297 -119.388    710.7    930.2
     1     1    17     8     3    17     0     0    -2.0   46.256 -119.284    704.5    929.1
     1     1    17     8     3    16     0     0    -3.0   46.289 -119.153    688.9    933.4
     1     1    17     8     3    15     0     0    -4.0   46.335 -119.046    684.1    933.2
     1     1    17     8     3    14     0     0    -5.0   46.310 -118.986    673.1    934.4
     1     1    17     8     3    13     0     0    -6.0   46.300 -118.945    680.5    933.7
     1     1    17     8     3    12     0     0    -7.0   46.362 -118.872    683.1    933.5
     1     1    17     8     3    11     0     0    -8.0   46.394 -118.912    682.6    933.0
     1     1    17     8     3    10     0     0    -9.0   46.362 -118.995    663.7    936.0
     1     1    17     8     3     9     0     0   -10.0   46.304 -118.998    653.0    937.1
     1     1    17     8     3     8     0     0   -11.0   46.269 -118.969    650.8    937.8
     1     1    17     8     3     7     0     0   -12.0   46.244 -118.940    653.1    936.8
     1     1    17     8     3     6     0     0   -13.0   46.239 -118.944    656.8    936.8
     1     1    17     8     3     5     0     0   -14.0   46.234 -118.954    655.2    935.5
     1     1    17     8     3     4     0     0   -15.0   46.248 -118.916    656.8    938.2
     1     1    17     8     3     3     0     0   -16.0   46.308 -118.862    679.5    933.7
     1     1    17     8     3     2     0     0   -17.0   46.374 -118.831    690.0    931.2
     1     1    17     8     3     1     0     0   -18.0   46.401 -118.771    688.5    932.8
     1     1    17     8     3     0     0     0   -19.0   46.378 -118.738    690.8    931.8
     1     1    17     8     2    23     0     0   -20.0   46.355 -118.709    697.0    932.9
     1     1    17     8     2    22     0     0   -21.0   46.325 -118.668    692.8    929.2
     1     1    17     8     2    21     0     0   -22.0   46.323 -118.684    680.6    935.5
     1     1    17     8     2    20     0     0   -23.0   46.338 -118.660    679.3    934.4
     1     1    17     8     2    19     0     0   -24.0   46.367 -118.633    683.4    932.9
     1     1    17     8     2    18     0     0   -25.0   46.466 -118.638    691.7    932.1
     1     1    17     8     2    17     0     0   -26.0   46.604 -118.591    701.7    931.2
     1     1    17     8     2    16     0     0   -27.0   46.751 -118.503    706.3    930.3
     1     1    17     8     2    15     0     0   -28.0   46.883 -118.400    701.4    931.4
     1     1    17     8     2    14     0     0   -29.0   47.006 -118.298    731.3    927.3
     1     1    17     8     2    13     0     0   -30.0   47.132 -118.204    731.4    928.0
     1     1    17     8     2    12     0     0   -31.0   47.192 -118.046    718.8    928.5
     1     1    17     8     2    11     0     0   -32.0   47.271 -117.905    702.3    930.8
