     1     1
    SITE    10     3     1     0     0
     1 BACKWARD OMEGA   
    17     8     6     7   46.392 -119.412   700.0
     1 PRESSURE
     1     1    17     8     6     7     0     0     0.0   46.392 -119.412    700.0    931.4
     1     1    17     8     6     6     0     0    -1.0   46.414 -119.327    704.2    930.9
     1     1    17     8     6     5     0     0    -2.0   46.393 -119.279    707.4    930.4
     1     1    17     8     6     4     0     0    -3.0   46.369 -119.279    707.2    930.6
     1     1    17     8     6     3     0     0    -4.0   46.337 -119.283    708.4    930.6
     1     1    17     8     6     2     0     0    -5.0   46.312 -119.256    711.9    929.9
     1     1    17     8     6     1     0     0    -6.0   46.273 -119.228    704.5    930.1
     1     1    17     8     6     0     0     0    -7.0   46.221 -119.233    703.6    931.1
     1     1    17     8     5    23     0     0    -8.0   46.235 -119.210    703.9    930.2
     1     1    17     8     5    22     0     0    -9.0   46.268 -119.154    708.4    930.2
     1     1    17     8     5    21     0     0   -10.0   46.251 -119.124    706.3    930.7
     1     1    17     8     5    20     0     0   -11.0   46.199 -119.139    694.2    930.3
     1     1    17     8     5    19     0     0   -12.0   46.128 -119.184    708.2    930.4
     1     1    17     8     5    18     0     0   -13.0   46.060 -119.185    718.5    929.5
     1     1    17     8     5    17     0     0   -14.0   46.050 -119.116    714.8    929.4
     1     1    17     8     5    16     0     0   -15.0   46.090 -119.005    721.1    929.9
     1     1    17     8     5    15     0     0   -16.0   46.135 -118.881    735.9    927.1
     1     1    17     8     5    14     0     0   -17.0   46.184 -118.761    740.2    927.1
     1     1    17     8     5    13     0     0   -18.0   46.222 -118.644    746.1    925.8
     1     1    17     8     5    12     0     0   -19.0   46.280 -118.556    738.2    926.8
     1     1    17     8     5    11     0     0   -20.0   46.368 -118.477    727.0    928.2
     1     1    17     8     5    10     0     0   -21.0   46.461 -118.437    728.0    928.7
     1     1    17     8     5     9     0     0   -22.0   46.477 -118.444    746.6    926.1
     1     1    17     8     5     8     0     0   -23.0   46.429 -118.422    753.7    924.7
     1     1    17     8     5     7     0     0   -24.0   46.387 -118.399    750.4    925.3
     1     1    17     8     5     6     0     0   -25.0   46.345 -118.384    744.1    926.6
     1     1    17     8     5     5     0     0   -26.0   46.348 -118.340    736.2    926.7
     1     1    17     8     5     4     0     0   -27.0   46.381 -118.268    733.7    927.3
     1     1    17     8     5     3     0     0   -28.0   46.381 -118.216    726.6    928.1
     1     1    17     8     5     2     0     0   -29.0   46.343 -118.190    723.2    928.5
     1     1    17     8     5     1     0     0   -30.0   46.308 -118.155    721.1    929.4
     1     1    17     8     5     0     0     0   -31.0   46.322 -118.108    723.6    928.8
     1     1    17     8     4    23     0     0   -32.0   46.378 -118.062    733.5    926.8
     1     1    17     8     4    22     0     0   -33.0   46.407 -118.002    736.7    927.6
     1     1    17     8     4    21     0     0   -34.0   46.401 -118.000    740.7    926.9
     1     1    17     8     4    20     0     0   -35.0   46.419 -118.063    737.7    927.8
     1     1    17     8     4    19     0     0   -36.0   46.425 -118.054    732.6    927.3
     1     1    17     8     4    18     0     0   -37.0   46.447 -117.973    726.6    930.2
     1     1    17     8     4    17     0     0   -38.0   46.517 -117.862    743.1    926.4
