     1     1
    SITE    10     3     1     0     0
     1 BACKWARD OMEGA   
    17     8    29    19   46.392 -119.412   700.0
     1 PRESSURE
     1     1    17     8    29    19     0     0     0.0   46.392 -119.412    700.0    931.4
     1     1    17     8    29    18     0     0    -1.0   46.304 -119.376    711.6    930.1
     1     1    17     8    29    17     0     0    -2.0   46.236 -119.306    727.5    927.8
     1     1    17     8    29    16     0     0    -3.0   46.188 -119.215    733.6    928.0
     1     1    17     8    29    15     0     0    -4.0   46.165 -119.125    733.7    925.5
     1     1    17     8    29    14     0     0    -5.0   46.148 -119.037    732.8    929.3
     1     1    17     8    29    13     0     0    -6.0   46.126 -118.945    741.5    926.0
     1     1    17     8    29    12     0     0    -7.0   46.116 -118.844    765.9    926.3
     1     1    17     8    29    11     0     0    -8.0   46.119 -118.754    783.0    922.0
     1     1    17     8    29    10     0     0    -9.0   46.094 -118.710    781.8    920.9
     1     1    17     8    29     9     0     0   -10.0   46.047 -118.713    776.0    922.9
     1     1    17     8    29     8     0     0   -11.0   46.002 -118.729    769.7    923.1
     1     1    17     8    29     7     0     0   -12.0   45.976 -118.725    767.0    924.5
     1     1    17     8    29     6     0     0   -13.0   45.971 -118.702    769.9    923.1
     1     1    17     8    29     5     0     0   -14.0   45.955 -118.687    771.4    923.5
     1     1    17     8    29     4     0     0   -15.0   45.947 -118.627    777.2    922.6
     1     1    17     8    29     3     0     0   -16.0   45.972 -118.516    777.1    922.6
     1     1    17     8    29     2     0     0   -17.0   46.017 -118.404    789.3    921.3
     1     1    17     8    29     1     0     0   -18.0   46.062 -118.324    798.1    920.4
     1     1    17     8    29     0     0     0   -19.0   46.060 -118.303    796.9    919.6
     1     1    17     8    28    23     0     0   -20.0   46.024 -118.313    782.3    922.4
     1     1    17     8    28    22     0     0   -21.0   45.995 -118.296    779.2    923.4
     1     1    17     8    28    21     0     0   -22.0   45.970 -118.261    779.4    922.3
     1     1    17     8    28    20     0     0   -23.0   45.945 -118.290    773.6    922.4
     1     1    17     8    28    19     0     0   -24.0   45.909 -118.330    777.8    923.3
     1     1    17     8    28    18     0     0   -25.0   45.924 -118.378    781.1    921.1
     1     1    17     8    28    17     0     0   -26.0   46.007 -118.467    771.1    923.1
     1     1    17     8    28    16     0     0   -27.0   46.095 -118.515    759.7    924.9
     1     1    17     8    28    15     0     0   -28.0   46.182 -118.533    750.9    925.7
     1     1    17     8    28    14     0     0   -29.0   46.181 -118.538    731.7    927.5
     1     1    17     8    28    13     0     0   -30.0   46.089 -118.554    735.4    927.1
     1     1    17     8    28    12     0     0   -31.0   46.084 -118.523    756.4    925.1
     1     1    17     8    28    11     0     0   -32.0   46.168 -118.475    756.6    924.6
     1     1    17     8    28    10     0     0   -33.0   46.167 -118.478    762.0    924.7
     1     1    17     8    28     9     0     0   -34.0   46.173 -118.495    763.6    923.1
     1     1    17     8    28     8     0     0   -35.0   46.181 -118.526    763.5    924.1
     1     1    17     8    28     7     0     0   -36.0   46.125 -118.503    757.5    924.8
     1     1    17     8    28     6     0     0   -37.0   46.082 -118.505    751.2    925.6
     1     1    17     8    28     5     0     0   -38.0   46.038 -118.480    758.9    928.1
     1     1    17     8    28     4     0     0   -39.0   45.996 -118.414    746.9    925.8
     1     1    17     8    28     3     0     0   -40.0   45.949 -118.453    744.7    927.4
     1     1    17     8    28     2     0     0   -41.0   45.941 -118.481    757.5    923.4
     1     1    17     8    28     1     0     0   -42.0   45.947 -118.434    752.0    925.4
     1     1    17     8    28     0     0     0   -43.0   45.926 -118.375    751.0    926.5
     1     1    17     8    27    23     0     0   -44.0   45.895 -118.314    756.3    924.6
     1     1    17     8    27    22     0     0   -45.0   45.875 -118.246    750.4    924.6
     1     1    17     8    27    21     0     0   -46.0   45.861 -118.188    742.1    927.8
     1     1    17     8    27    20     0     0   -47.0   45.834 -118.162    741.1    926.0
     1     1    17     8    27    19     0     0   -48.0   45.807 -118.163    737.2    927.5
     1     1    17     8    27    18     0     0   -49.0   45.795 -118.156    733.6    927.2
     1     1    17     8    27    17     0     0   -50.0   45.789 -118.135    730.5    928.1
     1     1    17     8    27    16     0     0   -51.0   45.774 -118.097    733.1    928.1
     1     1    17     8    27    15     0     0   -52.0   45.746 -118.031    740.0    927.2
     1     1    17     8    27    14     0     0   -53.0   45.706 -117.954    746.6    925.2
     1     1    17     8    27    13     0     0   -54.0   45.664 -117.876    737.0    926.4
