     1     1
    SITE    10     3     1     0     0
     1 BACKWARD OMEGA   
    17     8    21    10   46.392 -119.412   700.0
     1 PRESSURE
     1     1    17     8    21    10     0     0     0.0   46.392 -119.412    700.0    931.4
     1     1    17     8    21     9     0     0    -1.0   46.409 -119.374    697.8    931.7
     1     1    17     8    21     8     0     0    -2.0   46.407 -119.322    695.3    932.5
     1     1    17     8    21     7     0     0    -3.0   46.403 -119.252    703.9    931.7
     1     1    17     8    21     6     0     0    -4.0   46.410 -119.197    706.3    929.1
     1     1    17     8    21     5     0     0    -5.0   46.414 -119.166    697.6    932.0
     1     1    17     8    21     4     0     0    -6.0   46.400 -119.159    699.8    932.3
     1     1    17     8    21     3     0     0    -7.0   46.369 -119.130    692.6    930.9
     1     1    17     8    21     2     0     0    -8.0   46.338 -119.110    684.5    935.1
     1     1    17     8    21     1     0     0    -9.0   46.322 -119.086    677.9    932.4
     1     1    17     8    21     0     0     0   -10.0   46.290 -119.049    662.3    936.5
     1     1    17     8    20    23     0     0   -11.0   46.242 -119.053    662.6    936.4
     1     1    17     8    20    22     0     0   -12.0   46.248 -119.082    666.0    935.1
     1     1    17     8    20    21     0     0   -13.0   46.289 -119.097    665.7    936.2
     1     1    17     8    20    20     0     0   -14.0   46.288 -119.091    676.6    934.3
     1     1    17     8    20    19     0     0   -15.0   46.249 -119.066    686.4    933.1
     1     1    17     8    20    18     0     0   -16.0   46.212 -118.963    700.4    932.7
     1     1    17     8    20    17     0     0   -17.0   46.180 -118.799    695.9    932.8
     1     1    17     8    20    16     0     0   -18.0   46.157 -118.631    687.8    931.0
     1     1    17     8    20    15     0     0   -19.0   46.127 -118.476    672.2    934.2
     1     1    17     8    20    14     0     0   -20.0   46.055 -118.422    669.2    936.2
     1     1    17     8    20    13     0     0   -21.0   45.972 -118.465    704.2    931.8
     1     1    17     8    20    12     0     0   -22.0   45.908 -118.473    719.6    928.8
     1     1    17     8    20    11     0     0   -23.0   45.854 -118.472    716.4    929.3
     1     1    17     8    20    10     0     0   -24.0   45.801 -118.498    709.7    930.5
     1     1    17     8    20     9     0     0   -25.0   45.755 -118.527    714.3    930.9
     1     1    17     8    20     8     0     0   -26.0   45.704 -118.530    722.7    928.2
     1     1    17     8    20     7     0     0   -27.0   45.634 -118.500    700.7    931.7
     1     1    17     8    20     6     0     0   -28.0   45.558 -118.468    699.8    932.0
     1     1    17     8    20     5     0     0   -29.0   45.475 -118.461    715.1    929.3
     1     1    17     8    20     4     0     0   -30.0   45.388 -118.470    721.5    928.5
