     1     1
    SITE    10     3     1     0     0
     1 BACKWARD OMEGA   
    17     8    10    20   46.392 -119.412   700.0
     1 PRESSURE
     1     1    17     8    10    20     0     0     0.0   46.392 -119.412    700.0    931.4
     1     1    17     8    10    19     0     0    -1.0   46.383 -119.474    687.5    932.9
     1     1    17     8    10    18     0     0    -2.0   46.372 -119.445    683.2    934.7
     1     1    17     8    10    17     0     0    -3.0   46.405 -119.310    687.6    933.1
     1     1    17     8    10    16     0     0    -4.0   46.449 -119.177    693.3    931.3
     1     1    17     8    10    15     0     0    -5.0   46.487 -119.047    675.5    935.4
     1     1    17     8    10    14     0     0    -6.0   46.523 -118.925    688.4    932.8
     1     1    17     8    10    13     0     0    -7.0   46.556 -118.813    706.3    930.3
     1     1    17     8    10    12     0     0    -8.0   46.573 -118.713    704.1    930.1
     1     1    17     8    10    11     0     0    -9.0   46.601 -118.635    690.4    932.5
     1     1    17     8    10    10     0     0   -10.0   46.614 -118.576    677.3    933.9
     1     1    17     8    10     9     0     0   -11.0   46.577 -118.498    679.0    934.5
     1     1    17     8    10     8     0     0   -12.0   46.510 -118.426    680.6    933.4
     1     1    17     8    10     7     0     0   -13.0   46.451 -118.381    674.8    934.3
     1     1    17     8    10     6     0     0   -14.0   46.438 -118.331    669.6    935.3
     1     1    17     8    10     5     0     0   -15.0   46.456 -118.286    668.1    935.5
     1     1    17     8    10     4     0     0   -16.0   46.458 -118.281    661.2    935.3
     1     1    17     8    10     3     0     0   -17.0   46.433 -118.273    644.6    937.3
     1     1    17     8    10     2     0     0   -18.0   46.422 -118.231    630.8    940.2
     1     1    17     8    10     1     0     0   -19.0   46.448 -118.188    627.1    941.0
     1     1    17     8    10     0     0     0   -20.0   46.460 -118.198    624.6    939.6
     1     1    17     8     9    23     0     0   -21.0   46.432 -118.191    624.3    940.6
     1     1    17     8     9    22     0     0   -22.0   46.396 -118.148    636.7    939.6
     1     1    17     8     9    21     0     0   -23.0   46.357 -118.136    644.1    937.1
     1     1    17     8     9    20     0     0   -24.0   46.325 -118.182    643.5    938.2
     1     1    17     8     9    19     0     0   -25.0   46.327 -118.155    638.1    937.3
     1     1    17     8     9    18     0     0   -26.0   46.367 -118.034    646.7    938.4
     1     1    17     8     9    17     0     0   -27.0   46.416 -117.916    653.7    936.1
