     1     1
    SITE    10     3     1     0     0
     1 BACKWARD OMEGA   
    17     8    22    18   46.392 -119.412   700.0
     1 PRESSURE
     1     1    17     8    22    18     0     0     0.0   46.392 -119.412    700.0    931.4
     1     1    17     8    22    17     0     0    -1.0   46.312 -119.366    700.0    931.4
     1     1    17     8    22    16     0     0    -2.0   46.248 -119.309    702.8    930.4
     1     1    17     8    22    15     0     0    -3.0   46.212 -119.235    699.3    932.9
     1     1    17     8    22    14     0     0    -4.0   46.201 -119.147    703.7    930.9
     1     1    17     8    22    13     0     0    -5.0   46.175 -119.094    708.4    930.4
     1     1    17     8    22    12     0     0    -6.0   46.133 -119.054    702.3    930.7
     1     1    17     8    22    11     0     0    -7.0   46.094 -118.993    700.7    932.6
     1     1    17     8    22    10     0     0    -8.0   46.050 -118.926    715.6    930.1
     1     1    17     8    22     9     0     0    -9.0   45.996 -118.873    722.0    927.6
     1     1    17     8    22     8     0     0   -10.0   45.938 -118.837    722.7    929.6
     1     1    17     8    22     7     0     0   -11.0   45.901 -118.825    727.3    927.5
     1     1    17     8    22     6     0     0   -12.0   45.883 -118.800    716.9    928.4
     1     1    17     8    22     5     0     0   -13.0   45.880 -118.735    704.0    932.0
     1     1    17     8    22     4     0     0   -14.0   45.908 -118.672    699.7    931.2
     1     1    17     8    22     3     0     0   -15.0   45.954 -118.626    696.9    932.7
     1     1    17     8    22     2     0     0   -16.0   45.976 -118.585    698.6    931.2
     1     1    17     8    22     1     0     0   -17.0   45.961 -118.565    695.7    931.5
     1     1    17     8    22     0     0     0   -18.0   45.940 -118.526    686.1    932.9
     1     1    17     8    21    23     0     0   -19.0   45.951 -118.466    690.5    933.5
     1     1    17     8    21    22     0     0   -20.0   45.967 -118.483    697.1    928.9
     1     1    17     8    21    21     0     0   -21.0   45.964 -118.553    695.0    934.1
     1     1    17     8    21    20     0     0   -22.0   45.932 -118.586    708.8    930.2
     1     1    17     8    21    19     0     0   -23.0   45.932 -118.606    717.7    928.2
     1     1    17     8    21    18     0     0   -24.0   46.000 -118.650    696.6    929.8
     1     1    17     8    21    17     0     0   -25.0   46.034 -118.726    686.5    933.7
     1     1    17     8    21    16     0     0   -26.0   46.062 -118.799    688.7    932.1
     1     1    17     8    21    15     0     0   -27.0   46.065 -118.831    671.8    934.4
     1     1    17     8    21    14     0     0   -28.0   46.004 -118.833    661.5    936.8
     1     1    17     8    21    13     0     0   -29.0   45.986 -118.777    657.1    936.4
     1     1    17     8    21    12     0     0   -30.0   45.975 -118.697    649.0    938.0
     1     1    17     8    21    11     0     0   -31.0   45.954 -118.604    646.1    938.7
     1     1    17     8    21    10     0     0   -32.0   45.970 -118.526    644.5    937.9
     1     1    17     8    21     9     0     0   -33.0   45.987 -118.488    645.1    938.7
     1     1    17     8    21     8     0     0   -34.0   45.983 -118.436    644.6    937.1
     1     1    17     8    21     7     0     0   -35.0   45.979 -118.368    636.3    939.5
     1     1    17     8    21     6     0     0   -36.0   45.987 -118.315    635.2    939.1
     1     1    17     8    21     5     0     0   -37.0   45.991 -118.285    636.7    939.0
     1     1    17     8    21     4     0     0   -38.0   45.977 -118.278    635.0    938.8
     1     1    17     8    21     3     0     0   -39.0   45.946 -118.250    640.2    939.7
     1     1    17     8    21     2     0     0   -40.0   45.916 -118.229    646.5    938.1
     1     1    17     8    21     1     0     0   -41.0   45.900 -118.202    639.4    936.9
     1     1    17     8    21     0     0     0   -42.0   45.867 -118.166    629.1    941.2
     1     1    17     8    20    23     0     0   -43.0   45.819 -118.171    629.0    939.5
     1     1    17     8    20    22     0     0   -44.0   45.826 -118.198    615.9    940.1
     1     1    17     8    20    21     0     0   -45.0   45.868 -118.213    609.2    943.4
     1     1    17     8    20    20     0     0   -46.0   45.866 -118.207    605.0    941.0
     1     1    17     8    20    19     0     0   -47.0   45.829 -118.183    593.3    944.6
     1     1    17     8    20    18     0     0   -48.0   45.793 -118.077    583.2    943.5
     1     1    17     8    20    17     0     0   -49.0   45.761 -117.911    586.5    944.5
