     1     1
    SITE    10     3     1     0     0
     1 BACKWARD OMEGA   
    17     8     6    12   46.392 -119.412   700.0
     1 PRESSURE
     1     1    17     8     6    12     0     0     0.0   46.392 -119.412    700.0    931.4
     1     1    17     8     6    11     0     0    -1.0   46.347 -119.355    700.4    931.4
     1     1    17     8     6    10     0     0    -2.0   46.332 -119.297    707.5    931.1
     1     1    17     8     6     9     0     0    -3.0   46.349 -119.223    717.1    928.3
     1     1    17     8     6     8     0     0    -4.0   46.342 -119.147    720.2    928.9
     1     1    17     8     6     7     0     0    -5.0   46.364 -119.058    722.4    928.5
     1     1    17     8     6     6     0     0    -6.0   46.389 -118.974    721.6    928.3
     1     1    17     8     6     5     0     0    -7.0   46.368 -118.925    717.7    930.5
     1     1    17     8     6     4     0     0    -8.0   46.344 -118.924    725.3    928.4
     1     1    17     8     6     3     0     0    -9.0   46.312 -118.928    724.3    928.3
     1     1    17     8     6     2     0     0   -10.0   46.287 -118.902    725.5    928.6
     1     1    17     8     6     1     0     0   -11.0   46.249 -118.874    725.5    928.1
     1     1    17     8     6     0     0     0   -12.0   46.198 -118.877    730.5    928.6
     1     1    17     8     5    23     0     0   -13.0   46.213 -118.853    738.0    924.9
     1     1    17     8     5    22     0     0   -14.0   46.244 -118.799    735.9    927.1
     1     1    17     8     5    21     0     0   -15.0   46.227 -118.770    731.3    927.3
     1     1    17     8     5    20     0     0   -16.0   46.173 -118.784    736.9    928.8
     1     1    17     8     5    19     0     0   -17.0   46.100 -118.832    736.3    926.8
     1     1    17     8     5    18     0     0   -18.0   46.034 -118.837    743.4    926.6
     1     1    17     8     5    17     0     0   -19.0   46.026 -118.768    735.1    926.8
     1     1    17     8     5    16     0     0   -20.0   46.069 -118.654    723.7    929.5
     1     1    17     8     5    15     0     0   -21.0   46.114 -118.533    715.0    929.0
     1     1    17     8     5    14     0     0   -22.0   46.160 -118.413    703.5    932.4
     1     1    17     8     5    13     0     0   -23.0   46.195 -118.295    713.4    928.9
     1     1    17     8     5    12     0     0   -24.0   46.253 -118.206    689.7    932.6
     1     1    17     8     5    11     0     0   -25.0   46.342 -118.128    697.2    932.6
     1     1    17     8     5    10     0     0   -26.0   46.434 -118.090    712.1    929.9
     1     1    17     8     5     9     0     0   -27.0   46.448 -118.098    725.0    928.6
     1     1    17     8     5     8     0     0   -28.0   46.398 -118.076    741.3    926.0
     1     1    17     8     5     7     0     0   -29.0   46.356 -118.053    743.1    925.2
     1     1    17     8     5     6     0     0   -30.0   46.314 -118.038    742.2    927.4
     1     1    17     8     5     5     0     0   -31.0   46.316 -117.994    745.5    926.1
     1     1    17     8     5     4     0     0   -32.0   46.351 -117.925    762.5    924.9
