     1     1
    SITE    10     3     1     0     0
     1 BACKWARD OMEGA   
    17     8    12     0   46.392 -119.412   700.0
     1 PRESSURE
     1     1    17     8    12     0     0     0     0.0   46.392 -119.412    700.0    931.4
     1     1    17     8    11    23     0     0    -1.0   46.346 -119.373    689.9    932.6
     1     1    17     8    11    22     0     0    -2.0   46.301 -119.340    688.0    934.1
     1     1    17     8    11    21     0     0    -3.0   46.213 -119.311    667.1    932.8
     1     1    17     8    11    20     0     0    -4.0   46.099 -119.343    622.7    941.5
     1     1    17     8    11    19     0     0    -5.0   45.987 -119.431    628.5    938.7
     1     1    17     8    11    18     0     0    -6.0   45.887 -119.470    623.8    940.3
     1     1    17     8    11    17     0     0    -7.0   45.814 -119.456    626.7    940.2
     1     1    17     8    11    16     0     0    -8.0   45.786 -119.386    631.7    939.2
     1     1    17     8    11    15     0     0    -9.0   45.795 -119.287    624.7    940.6
     1     1    17     8    11    14     0     0   -10.0   45.794 -119.189    612.3    941.6
     1     1    17     8    11    13     0     0   -11.0   45.762 -119.089    604.2    942.8
     1     1    17     8    11    12     0     0   -12.0   45.710 -119.013    605.5    942.0
     1     1    17     8    11    11     0     0   -13.0   45.667 -118.953    592.7    943.4
     1     1    17     8    11    10     0     0   -14.0   45.660 -118.879    583.3    945.2
     1     1    17     8    11     9     0     0   -15.0   45.687 -118.793    587.9    944.7
     1     1    17     8    11     8     0     0   -16.0   45.732 -118.703    586.4    943.1
     1     1    17     8    11     7     0     0   -17.0   45.789 -118.628    588.9    945.7
     1     1    17     8    11     6     0     0   -18.0   45.841 -118.567    589.8    942.8
     1     1    17     8    11     5     0     0   -19.0   45.829 -118.540    576.0    944.8
     1     1    17     8    11     4     0     0   -20.0   45.786 -118.574    578.5    944.2
     1     1    17     8    11     3     0     0   -21.0   45.749 -118.603    576.4    946.2
     1     1    17     8    11     2     0     0   -22.0   45.711 -118.562    571.9    945.0
     1     1    17     8    11     1     0     0   -23.0   45.688 -118.511    568.6    947.7
     1     1    17     8    11     0     0     0   -24.0   45.664 -118.482    572.9    945.6
     1     1    17     8    10    23     0     0   -25.0   45.623 -118.471    573.1    945.5
     1     1    17     8    10    22     0     0   -26.0   45.583 -118.516    571.0    946.1
     1     1    17     8    10    21     0     0   -27.0   45.572 -118.536    567.0    947.2
     1     1    17     8    10    20     0     0   -28.0   45.581 -118.543    573.4    946.2
     1     1    17     8    10    19     0     0   -29.0   45.573 -118.603    562.7    944.9
     1     1    17     8    10    18     0     0   -30.0   45.564 -118.577    551.9    949.2
     1     1    17     8    10    17     0     0   -31.0   45.598 -118.448    561.4    947.8
     1     1    17     8    10    16     0     0   -32.0   45.644 -118.317    575.1    946.2
     1     1    17     8    10    15     0     0   -33.0   45.683 -118.189    580.8    944.5
     1     1    17     8    10    14     0     0   -34.0   45.722 -118.066    586.5    944.7
     1     1    17     8    10    13     0     0   -35.0   45.755 -117.961    613.1    942.0
