     1     1
    SITE    10     3     1     0     0
     1 BACKWARD OMEGA   
    17     8    22    19   46.392 -119.412   700.0
     1 PRESSURE
     1     1    17     8    22    19     0     0     0.0   46.392 -119.412    700.0    931.4
     1     1    17     8    22    18     0     0    -1.0   46.297 -119.390    697.9    931.6
     1     1    17     8    22    17     0     0    -2.0   46.217 -119.343    702.5    931.2
     1     1    17     8    22    16     0     0    -3.0   46.152 -119.284    714.1    930.3
     1     1    17     8    22    15     0     0    -4.0   46.116 -119.209    732.5    927.2
     1     1    17     8    22    14     0     0    -5.0   46.106 -119.120    741.1    926.1
     1     1    17     8    22    13     0     0    -6.0   46.079 -119.066    732.4    926.3
     1     1    17     8    22    12     0     0    -7.0   46.036 -119.027    716.6    931.4
     1     1    17     8    22    11     0     0    -8.0   45.997 -118.966    715.0    929.4
     1     1    17     8    22    10     0     0    -9.0   45.953 -118.899    703.0    930.0
     1     1    17     8    22     9     0     0   -10.0   45.898 -118.847    694.1    933.3
     1     1    17     8    22     8     0     0   -11.0   45.839 -118.812    688.8    932.1
     1     1    17     8    22     7     0     0   -12.0   45.801 -118.801    683.9    934.1
     1     1    17     8    22     6     0     0   -13.0   45.782 -118.775    686.9    933.1
     1     1    17     8    22     5     0     0   -14.0   45.779 -118.711    687.6    932.2
     1     1    17     8    22     4     0     0   -15.0   45.808 -118.648    696.1    933.4
     1     1    17     8    22     3     0     0   -16.0   45.854 -118.604    702.6    930.2
     1     1    17     8    22     2     0     0   -17.0   45.876 -118.565    702.0    931.3
     1     1    17     8    22     1     0     0   -18.0   45.861 -118.545    701.5    931.1
     1     1    17     8    22     0     0     0   -19.0   45.840 -118.507    698.3    931.3
     1     1    17     8    21    23     0     0   -20.0   45.850 -118.449    691.7    932.1
     1     1    17     8    21    22     0     0   -21.0   45.866 -118.466    689.2    934.1
     1     1    17     8    21    21     0     0   -22.0   45.861 -118.537    686.3    932.2
     1     1    17     8    21    20     0     0   -23.0   45.829 -118.569    689.9    934.2
     1     1    17     8    21    19     0     0   -24.0   45.830 -118.587    691.5    931.8
     1     1    17     8    21    18     0     0   -25.0   45.899 -118.631    676.6    932.6
     1     1    17     8    21    17     0     0   -26.0   45.932 -118.711    654.7    937.2
     1     1    17     8    21    16     0     0   -27.0   45.960 -118.786    654.2    936.9
     1     1    17     8    21    15     0     0   -28.0   45.963 -118.817    652.1    937.1
     1     1    17     8    21    14     0     0   -29.0   45.903 -118.823    665.5    935.0
     1     1    17     8    21    13     0     0   -30.0   45.886 -118.769    675.2    934.2
     1     1    17     8    21    12     0     0   -31.0   45.875 -118.690    687.3    932.5
     1     1    17     8    21    11     0     0   -32.0   45.852 -118.601    679.1    932.6
     1     1    17     8    21    10     0     0   -33.0   45.868 -118.524    673.2    934.9
     1     1    17     8    21     9     0     0   -34.0   45.885 -118.486    676.3    934.2
     1     1    17     8    21     8     0     0   -35.0   45.881 -118.434    684.9    933.9
     1     1    17     8    21     7     0     0   -36.0   45.875 -118.363    684.5    931.3
     1     1    17     8    21     6     0     0   -37.0   45.881 -118.308    671.0    935.8
     1     1    17     8    21     5     0     0   -38.0   45.885 -118.277    666.2    935.8
     1     1    17     8    21     4     0     0   -39.0   45.871 -118.269    665.2    935.6
     1     1    17     8    21     3     0     0   -40.0   45.840 -118.240    669.8    935.1
     1     1    17     8    21     2     0     0   -41.0   45.810 -118.220    672.9    933.9
     1     1    17     8    21     1     0     0   -42.0   45.792 -118.194    672.7    934.6
     1     1    17     8    21     0     0     0   -43.0   45.757 -118.158    660.9    933.6
     1     1    17     8    20    23     0     0   -44.0   45.708 -118.163    645.4    938.1
     1     1    17     8    20    22     0     0   -45.0   45.715 -118.193    630.8    939.5
     1     1    17     8    20    21     0     0   -46.0   45.758 -118.210    617.4    942.4
     1     1    17     8    20    20     0     0   -47.0   45.757 -118.205    617.2    941.4
     1     1    17     8    20    19     0     0   -48.0   45.721 -118.179    609.7    939.9
     1     1    17     8    20    18     0     0   -49.0   45.688 -118.077    608.9    943.1
     1     1    17     8    20    17     0     0   -50.0   45.655 -117.920    642.5    938.5
