     1     1
    SITE    10     3     1     0     0
     1 BACKWARD OMEGA   
    17     8     4    10   46.392 -119.412   700.0
     1 PRESSURE
     1     1    17     8     4    10     0     0     0.0   46.392 -119.412    700.0    931.4
     1     1    17     8     4     9     0     0    -1.0   46.505 -119.446    714.8    929.7
     1     1    17     8     4     8     0     0    -2.0   46.537 -119.490    732.1    927.5
     1     1    17     8     4     7     0     0    -3.0   46.526 -119.528    733.2    927.7
     1     1    17     8     4     6     0     0    -4.0   46.506 -119.535    730.3    927.1
     1     1    17     8     4     5     0     0    -5.0   46.493 -119.560    719.8    929.1
     1     1    17     8     4     4     0     0    -6.0   46.459 -119.590    692.2    930.8
     1     1    17     8     4     3     0     0    -7.0   46.395 -119.562    683.5    933.7
     1     1    17     8     4     2     0     0    -8.0   46.340 -119.542    677.9    932.9
     1     1    17     8     4     1     0     0    -9.0   46.282 -119.547    671.3    935.3
     1     1    17     8     4     0     0     0   -10.0   46.226 -119.540    669.3    935.1
     1     1    17     8     3    23     0     0   -11.0   46.168 -119.547    672.7    935.5
     1     1    17     8     3    22     0     0   -12.0   46.099 -119.557    668.0    934.9
     1     1    17     8     3    21     0     0   -13.0   46.024 -119.521    654.7    936.9
     1     1    17     8     3    20     0     0   -14.0   45.928 -119.501    654.0    937.2
     1     1    17     8     3    19     0     0   -15.0   45.825 -119.516    651.7    936.1
     1     1    17     8     3    18     0     0   -16.0   45.728 -119.487    613.3    941.1
     1     1    17     8     3    17     0     0   -17.0   45.686 -119.379    605.5    943.2
     1     1    17     8     3    16     0     0   -18.0   45.723 -119.251    614.7    942.1
     1     1    17     8     3    15     0     0   -19.0   45.770 -119.146    633.9    939.7
     1     1    17     8     3    14     0     0   -20.0   45.744 -119.091    639.0    938.2
     1     1    17     8     3    13     0     0   -21.0   45.735 -119.048    623.8    940.0
     1     1    17     8     3    12     0     0   -22.0   45.796 -118.975    611.5    943.7
     1     1    17     8     3    11     0     0   -23.0   45.831 -119.015    613.8    940.8
     1     1    17     8     3    10     0     0   -24.0   45.798 -119.098    615.9    941.2
     1     1    17     8     3     9     0     0   -25.0   45.738 -119.098    622.6    940.7
     1     1    17     8     3     8     0     0   -26.0   45.704 -119.068    631.9    939.5
     1     1    17     8     3     7     0     0   -27.0   45.680 -119.039    638.1    938.4
     1     1    17     8     3     6     0     0   -28.0   45.675 -119.042    643.9    938.3
     1     1    17     8     3     5     0     0   -29.0   45.669 -119.054    646.3    937.0
     1     1    17     8     3     4     0     0   -30.0   45.682 -119.017    649.3    938.3
     1     1    17     8     3     3     0     0   -31.0   45.741 -118.964    655.8    936.6
     1     1    17     8     3     2     0     0   -32.0   45.807 -118.931    663.0    935.9
     1     1    17     8     3     1     0     0   -33.0   45.834 -118.867    670.9    934.7
     1     1    17     8     3     0     0     0   -34.0   45.813 -118.833    676.8    934.4
     1     1    17     8     2    23     0     0   -35.0   45.791 -118.805    692.6    932.7
     1     1    17     8     2    22     0     0   -36.0   45.762 -118.765    695.8    931.0
     1     1    17     8     2    21     0     0   -37.0   45.760 -118.782    680.3    932.4
     1     1    17     8     2    20     0     0   -38.0   45.776 -118.759    671.1    935.8
     1     1    17     8     2    19     0     0   -39.0   45.805 -118.732    668.2    934.7
     1     1    17     8     2    18     0     0   -40.0   45.905 -118.738    656.3    937.0
     1     1    17     8     2    17     0     0   -41.0   46.043 -118.696    659.9    936.1
     1     1    17     8     2    16     0     0   -42.0   46.191 -118.609    644.5    938.3
     1     1    17     8     2    15     0     0   -43.0   46.327 -118.506    651.8    937.4
     1     1    17     8     2    14     0     0   -44.0   46.454 -118.406    642.0    938.1
     1     1    17     8     2    13     0     0   -45.0   46.581 -118.316    641.4    939.9
     1     1    17     8     2    12     0     0   -46.0   46.641 -118.165    654.7    936.1
     1     1    17     8     2    11     0     0   -47.0   46.722 -118.023    655.4    936.9
     1     1    17     8     2    10     0     0   -48.0   46.907 -117.975    648.2    937.6
     1     1    17     8     2     9     0     0   -49.0   46.896 -117.964    689.9    931.9
     1     1    17     8     2     8     0     0   -50.0   46.881 -117.977    685.7    933.8
     1     1    17     8     2     7     0     0   -51.0   46.994 -117.970    707.7    930.2
     1     1    17     8     2     6     0     0   -52.0   47.041 -117.941    703.4    931.1
     1     1    17     8     2     5     0     0   -53.0   47.032 -117.928    706.2    931.0
     1     1    17     8     2     4     0     0   -54.0   46.998 -117.874    693.5    931.0
