     1     1
    SITE    10     3     1     0     0
     1 BACKWARD OMEGA   
    17     8    27    10   46.392 -119.412   700.0
     1 PRESSURE
     1     1    17     8    27    10     0     0     0.0   46.392 -119.412    700.0    931.4
     1     1    17     8    27     9     0     0    -1.0   46.382 -119.355    697.1    931.8
     1     1    17     8    27     8     0     0    -2.0   46.379 -119.289    685.3    931.7
     1     1    17     8    27     7     0     0    -3.0   46.393 -119.227    672.4    936.0
     1     1    17     8    27     6     0     0    -4.0   46.410 -119.216    671.3    934.4
     1     1    17     8    27     5     0     0    -5.0   46.403 -119.224    667.9    935.8
     1     1    17     8    27     4     0     0    -6.0   46.415 -119.185    677.0    935.2
     1     1    17     8    27     3     0     0    -7.0   46.441 -119.116    693.3    931.1
     1     1    17     8    27     2     0     0    -8.0   46.454 -119.040    698.2    931.5
     1     1    17     8    27     1     0     0    -9.0   46.464 -118.976    702.2    931.2
     1     1    17     8    27     0     0     0   -10.0   46.456 -118.929    705.8    930.6
     1     1    17     8    26    23     0     0   -11.0   46.466 -118.881    705.1    930.5
     1     1    17     8    26    22     0     0   -12.0   46.501 -118.828    710.4    930.3
     1     1    17     8    26    21     0     0   -13.0   46.510 -118.821    714.5    929.5
     1     1    17     8    26    20     0     0   -14.0   46.495 -118.853    715.0    929.7
     1     1    17     8    26    19     0     0   -15.0   46.484 -118.826    715.0    929.7
     1     1    17     8    26    18     0     0   -16.0   46.512 -118.765    707.7    929.8
     1     1    17     8    26    17     0     0   -17.0   46.579 -118.714    704.7    931.2
     1     1    17     8    26    16     0     0   -18.0   46.651 -118.653    706.3    930.4
     1     1    17     8    26    15     0     0   -19.0   46.723 -118.592    697.6    931.9
     1     1    17     8    26    14     0     0   -20.0   46.753 -118.515    691.4    932.5
     1     1    17     8    26    13     0     0   -21.0   46.757 -118.416    695.8    932.9
     1     1    17     8    26    12     0     0   -22.0   46.773 -118.315    696.9    931.5
     1     1    17     8    26    11     0     0   -23.0   46.776 -118.220    692.5    932.4
     1     1    17     8    26    10     0     0   -24.0   46.784 -118.138    688.0    932.3
     1     1    17     8    26     9     0     0   -25.0   46.807 -118.072    698.1    933.8
     1     1    17     8    26     8     0     0   -26.0   46.823 -118.020    714.6    928.5
     1     1    17     8    26     7     0     0   -27.0   46.839 -117.960    723.1    929.0
     1     1    17     8    26     6     0     0   -28.0   46.844 -117.897    724.8    927.3
