     1     1
    SITE    10     3     1     0     0
     1 BACKWARD OMEGA   
    17     8    10    14   46.392 -119.412   700.0
     1 PRESSURE
     1     1    17     8    10    14     0     0     0.0   46.392 -119.412    700.0    931.4
     1     1    17     8    10    13     0     0    -1.0   46.425 -119.301    716.9    929.4
     1     1    17     8    10    12     0     0    -2.0   46.442 -119.202    710.1    930.5
     1     1    17     8    10    11     0     0    -3.0   46.469 -119.123    716.2    929.8
     1     1    17     8    10    10     0     0    -4.0   46.483 -119.061    714.8    927.8
     1     1    17     8    10     9     0     0    -5.0   46.447 -118.985    719.5    931.6
     1     1    17     8    10     8     0     0    -6.0   46.382 -118.915    729.1    926.4
     1     1    17     8    10     7     0     0    -7.0   46.324 -118.870    721.4    928.9
     1     1    17     8    10     6     0     0    -8.0   46.311 -118.819    716.1    930.1
     1     1    17     8    10     5     0     0    -9.0   46.330 -118.773    716.0    929.8
     1     1    17     8    10     4     0     0   -10.0   46.332 -118.767    714.9    929.0
     1     1    17     8    10     3     0     0   -11.0   46.308 -118.759    712.6    930.5
     1     1    17     8    10     2     0     0   -12.0   46.297 -118.715    713.6    929.3
     1     1    17     8    10     1     0     0   -13.0   46.324 -118.670    712.6    930.0
     1     1    17     8    10     0     0     0   -14.0   46.335 -118.680    704.0    930.5
     1     1    17     8     9    23     0     0   -15.0   46.306 -118.671    693.1    931.4
     1     1    17     8     9    22     0     0   -16.0   46.271 -118.626    686.2    934.0
     1     1    17     8     9    21     0     0   -17.0   46.232 -118.611    688.0    933.3
     1     1    17     8     9    20     0     0   -18.0   46.201 -118.657    692.7    932.1
     1     1    17     8     9    19     0     0   -19.0   46.201 -118.632    699.7    932.1
     1     1    17     8     9    18     0     0   -20.0   46.240 -118.513    737.1    926.7
     1     1    17     8     9    17     0     0   -21.0   46.288 -118.400    749.4    925.8
     1     1    17     8     9    16     0     0   -22.0   46.338 -118.260    757.3    925.9
     1     1    17     8     9    15     0     0   -23.0   46.394 -118.129    773.1    923.4
     1     1    17     8     9    14     0     0   -24.0   46.440 -118.010    779.3    922.1
     1     1    17     8     9    13     0     0   -25.0   46.465 -117.895    784.8    921.9
