     1     1
    SITE    10     3     1     0     0
     1 BACKWARD OMEGA   
    17     8    25    17   46.392 -119.412   700.0
     1 PRESSURE
     1     1    17     8    25    17     0     0     0.0   46.392 -119.412    700.0    931.4
     1     1    17     8    25    16     0     0    -1.0   46.343 -119.297    713.7    929.8
     1     1    17     8    25    15     0     0    -2.0   46.290 -119.176    692.8    932.8
     1     1    17     8    25    14     0     0    -3.0   46.248 -119.058    679.8    932.7
     1     1    17     8    25    13     0     0    -4.0   46.222 -118.945    651.0    937.7
     1     1    17     8    25    12     0     0    -5.0   46.211 -118.828    634.3    939.1
     1     1    17     8    25    11     0     0    -6.0   46.174 -118.774    639.3    939.2
     1     1    17     8    25    10     0     0    -7.0   46.127 -118.810    655.7    936.2
     1     1    17     8    25     9     0     0    -8.0   46.093 -118.826    653.6    936.4
     1     1    17     8    25     8     0     0    -9.0   46.054 -118.816    643.1    938.1
     1     1    17     8    25     7     0     0   -10.0   46.021 -118.794    631.1    939.8
     1     1    17     8    25     6     0     0   -11.0   45.986 -118.753    626.1    940.8
     1     1    17     8    25     5     0     0   -12.0   45.936 -118.738    632.7    939.9
     1     1    17     8    25     4     0     0   -13.0   45.888 -118.748    632.0    938.1
     1     1    17     8    25     3     0     0   -14.0   45.848 -118.769    624.6    940.7
     1     1    17     8    25     2     0     0   -15.0   45.809 -118.804    631.1    940.7
     1     1    17     8    25     1     0     0   -16.0   45.788 -118.855    634.9    937.8
     1     1    17     8    25     0     0     0   -17.0   45.757 -118.894    626.2    940.2
     1     1    17     8    24    23     0     0   -18.0   45.722 -118.941    619.3    940.3
     1     1    17     8    24    22     0     0   -19.0   45.751 -119.072    580.4    941.9
     1     1    17     8    24    21     0     0   -20.0   45.864 -119.273    613.8    941.8
     1     1    17     8    24    20     0     0   -21.0   46.015 -119.491    608.5    940.9
     1     1    17     8    24    19     0     0   -22.0   46.191 -119.733    580.7    944.0
     1     1    17     8    24    18     0     0   -23.0   46.407 -120.002    547.6    948.6
     1     1    17     8    24    17     0     0   -24.0   46.638 -120.305    566.7    945.3
     1     1    17     8    24    16     0     0   -25.0   46.865 -120.600    567.4    946.5
