     1     1
    SITE    10     3     1     0     0
     1 BACKWARD OMEGA   
    17     8    18    10   46.392 -119.412   700.0
     1 PRESSURE
     1     1    17     8    18    10     0     0     0.0   46.392 -119.412    700.0    931.4
     1     1    17     8    18     9     0     0    -1.0   46.281 -119.400    698.2    931.6
     1     1    17     8    18     8     0     0    -2.0   46.175 -119.401    694.4    932.9
     1     1    17     8    18     7     0     0    -3.0   46.082 -119.405    711.5    929.9
     1     1    17     8    18     6     0     0    -4.0   46.033 -119.416    716.6    929.4
     1     1    17     8    18     5     0     0    -5.0   46.007 -119.450    723.1    929.5
     1     1    17     8    18     4     0     0    -6.0   45.962 -119.449    727.7    927.6
     1     1    17     8    18     3     0     0    -7.0   45.909 -119.437    718.3    929.2
     1     1    17     8    18     2     0     0    -8.0   45.856 -119.426    705.6    930.6
     1     1    17     8    18     1     0     0    -9.0   45.814 -119.426    706.0    932.3
     1     1    17     8    18     0     0     0   -10.0   45.792 -119.460    718.1    929.5
     1     1    17     8    17    23     0     0   -11.0   45.766 -119.520    734.7    927.6
     1     1    17     8    17    22     0     0   -12.0   45.757 -119.608    749.3    924.9
     1     1    17     8    17    21     0     0   -13.0   45.719 -119.674    737.3    925.8
     1     1    17     8    17    20     0     0   -14.0   45.612 -119.690    741.9    926.4
     1     1    17     8    17    19     0     0   -15.0   45.502 -119.653    747.9    926.3
     1     1    17     8    17    18     0     0   -16.0   45.406 -119.558    730.7    927.5
