     1     1
    SITE    10     3     1     0     0
     1 BACKWARD OMEGA   
    17     8    15    23   46.392 -119.412   700.0
     1 PRESSURE
     1     1    17     8    15    23     0     0     0.0   46.392 -119.412    700.0    931.4
     1     1    17     8    15    22     0     0    -1.0   46.400 -119.421    697.5    931.7
     1     1    17     8    15    21     0     0    -2.0   46.360 -119.459    685.9    932.6
     1     1    17     8    15    20     0     0    -3.0   46.259 -119.458    681.6    933.6
     1     1    17     8    15    19     0     0    -4.0   46.157 -119.438    686.2    932.4
     1     1    17     8    15    18     0     0    -5.0   46.066 -119.361    686.6    932.5
     1     1    17     8    15    17     0     0    -6.0   45.971 -119.241    682.0    933.2
     1     1    17     8    15    16     0     0    -7.0   45.875 -119.113    652.0    936.8
     1     1    17     8    15    15     0     0    -8.0   45.786 -119.032    629.2    940.0
     1     1    17     8    15    14     0     0    -9.0   45.730 -118.939    621.0    941.2
     1     1    17     8    15    13     0     0   -10.0   45.691 -118.917    627.2    940.2
     1     1    17     8    15    12     0     0   -11.0   45.630 -118.957    637.4    937.8
     1     1    17     8    15    11     0     0   -12.0   45.586 -118.908    647.4    937.5
     1     1    17     8    15    10     0     0   -13.0   45.574 -118.820    655.2    936.9
     1     1    17     8    15     9     0     0   -14.0   45.548 -118.759    670.2    935.7
     1     1    17     8    15     8     0     0   -15.0   45.510 -118.748    672.5    933.2
     1     1    17     8    15     7     0     0   -16.0   45.481 -118.742    666.2    935.8
     1     1    17     8    15     6     0     0   -17.0   45.458 -118.738    656.8    935.7
     1     1    17     8    15     5     0     0   -18.0   45.436 -118.741    643.7    938.3
     1     1    17     8    15     4     0     0   -19.0   45.437 -118.713    635.5    939.5
     1     1    17     8    15     3     0     0   -20.0   45.442 -118.666    631.8    939.4
     1     1    17     8    15     2     0     0   -21.0   45.430 -118.575    633.5    940.1
     1     1    17     8    15     1     0     0   -22.0   45.445 -118.493    650.3    937.4
     1     1    17     8    15     0     0     0   -23.0   45.496 -118.497    650.3    935.8
     1     1    17     8    14    23     0     0   -24.0   45.523 -118.563    637.8    938.1
     1     1    17     8    14    22     0     0   -25.0   45.510 -118.605    628.9    940.1
     1     1    17     8    14    21     0     0   -26.0   45.458 -118.591    628.8    939.9
     1     1    17     8    14    20     0     0   -27.0   45.386 -118.573    622.6    940.7
