     1     1
    SITE    10     3     1     0     0
     1 BACKWARD OMEGA   
    17     8    13     6   46.392 -119.412   700.0
     1 PRESSURE
     1     1    17     8    13     6     0     0     0.0   46.392 -119.412    700.0    931.4
     1     1    17     8    13     5     0     0    -1.0   46.335 -119.463    685.8    933.1
     1     1    17     8    13     4     0     0    -2.0   46.372 -119.595    680.4    933.7
     1     1    17     8    13     3     0     0    -3.0   46.412 -119.727    680.9    932.8
     1     1    17     8    13     2     0     0    -4.0   46.403 -119.802    677.1    934.5
     1     1    17     8    13     1     0     0    -5.0   46.354 -119.839    666.1    933.3
     1     1    17     8    13     0     0     0    -6.0   46.284 -119.841    660.9    935.9
     1     1    17     8    12    23     0     0    -7.0   46.228 -119.910    699.9    933.1
     1     1    17     8    12    22     0     0    -8.0   46.222 -120.100    701.7    933.7
     1     1    17     8    12    21     0     0    -9.0   46.311 -120.313    738.4    925.5
     1     1    17     8    12    20     0     0   -10.0   46.353 -120.517    733.1    927.2
     1     1    17     8    12    19     0     0   -11.0   46.270 -120.548    726.9    928.6
     1     1    17     8    12    18     0     0   -12.0   46.155 -120.447    742.5    923.7
     1     1    17     8    12    17     0     0   -13.0   46.005 -120.402    701.1    931.8
     1     1    17     8    12    16     0     0   -14.0   45.844 -120.335    729.7    928.3
     1     1    17     8    12    15     0     0   -15.0   45.712 -120.167    727.9    928.9
     1     1    17     8    12    14     0     0   -16.0   45.582 -120.037    753.2    925.4
     1     1    17     8    12    13     0     0   -17.0   45.440 -120.009    733.1    926.9
