     1     1
    SITE    10     3     1     0     0
     1 BACKWARD OMEGA   
    17     8    15    19   46.392 -119.412   700.0
     1 PRESSURE
     1     1    17     8    15    19     0     0     0.0   46.392 -119.412    700.0    931.4
     1     1    17     8    15    18     0     0    -1.0   46.299 -119.341    679.4    933.8
     1     1    17     8    15    17     0     0    -2.0   46.201 -119.224    659.7    937.2
     1     1    17     8    15    16     0     0    -3.0   46.103 -119.095    684.1    933.1
     1     1    17     8    15    15     0     0    -4.0   46.013 -119.012    714.6    930.5
     1     1    17     8    15    14     0     0    -5.0   45.955 -118.915    719.3    927.8
     1     1    17     8    15    13     0     0    -6.0   45.913 -118.890    699.2    931.8
     1     1    17     8    15    12     0     0    -7.0   45.852 -118.932    700.0    931.8
     1     1    17     8    15    11     0     0    -8.0   45.809 -118.883    693.8    931.8
     1     1    17     8    15    10     0     0    -9.0   45.796 -118.795    681.7    934.9
     1     1    17     8    15     9     0     0   -10.0   45.772 -118.734    682.8    933.7
     1     1    17     8    15     8     0     0   -11.0   45.734 -118.722    685.7    932.8
     1     1    17     8    15     7     0     0   -12.0   45.705 -118.714    686.9    933.3
     1     1    17     8    15     6     0     0   -13.0   45.681 -118.709    685.3    932.7
     1     1    17     8    15     5     0     0   -14.0   45.660 -118.712    685.1    933.9
     1     1    17     8    15     4     0     0   -15.0   45.659 -118.685    690.9    932.5
     1     1    17     8    15     3     0     0   -16.0   45.662 -118.638    689.4    932.7
     1     1    17     8    15     2     0     0   -17.0   45.648 -118.543    694.0    932.8
     1     1    17     8    15     1     0     0   -18.0   45.662 -118.460    677.7    934.9
     1     1    17     8    15     0     0     0   -19.0   45.712 -118.464    690.5    933.2
     1     1    17     8    14    23     0     0   -20.0   45.739 -118.531    695.9    929.4
     1     1    17     8    14    22     0     0   -21.0   45.726 -118.572    687.6    933.0
     1     1    17     8    14    21     0     0   -22.0   45.674 -118.560    702.9    933.2
     1     1    17     8    14    20     0     0   -23.0   45.603 -118.544    708.7    930.6
     1     1    17     8    14    19     0     0   -24.0   45.527 -118.486    715.3    929.2
     1     1    17     8    14    18     0     0   -25.0   45.441 -118.364    723.1    930.8
