     1     1
    SITE    10     3     1     0     0
     1 BACKWARD OMEGA   
    17     8    18     2   46.392 -119.412   700.0
     1 PRESSURE
     1     1    17     8    18     2     0     0     0.0   46.392 -119.412    700.0    931.4
     1     1    17     8    18     1     0     0    -1.0   46.350 -119.412    696.0    931.9
     1     1    17     8    18     0     0     0    -2.0   46.329 -119.446    691.3    932.6
     1     1    17     8    17    23     0     0    -3.0   46.300 -119.506    688.9    932.8
     1     1    17     8    17    22     0     0    -4.0   46.290 -119.594    694.7    933.4
     1     1    17     8    17    21     0     0    -5.0   46.250 -119.663    704.2    931.1
     1     1    17     8    17    20     0     0    -6.0   46.141 -119.683    705.5    930.7
     1     1    17     8    17    19     0     0    -7.0   46.030 -119.648    702.7    930.7
     1     1    17     8    17    18     0     0    -8.0   45.934 -119.556    700.3    932.3
     1     1    17     8    17    17     0     0    -9.0   45.863 -119.405    704.9    930.1
     1     1    17     8    17    16     0     0   -10.0   45.868 -119.236    710.7    929.9
     1     1    17     8    17    15     0     0   -11.0   45.899 -119.089    717.0    930.6
     1     1    17     8    17    14     0     0   -12.0   45.890 -119.085    728.0    927.7
     1     1    17     8    17    13     0     0   -13.0   45.850 -119.170    749.4    925.9
     1     1    17     8    17    12     0     0   -14.0   45.777 -119.173    778.5    922.6
     1     1    17     8    17    11     0     0   -15.0   45.690 -119.124    786.2    921.4
     1     1    17     8    17    10     0     0   -16.0   45.595 -119.053    793.7    920.9
     1     1    17     8    17     9     0     0   -17.0   45.500 -118.976    787.0    920.7
     1     1    17     8    17     8     0     0   -18.0   45.383 -118.929    759.0    924.7
