     1     1
    SITE    10     3     1     0     0
     1 BACKWARD OMEGA   
    17     8     2    16   46.392 -119.412   700.0
     1 PRESSURE
     1     1    17     8     2    16     0     0     0.0   46.392 -119.412    700.0    931.4
     1     1    17     8     2    15     0     0    -1.0   46.522 -119.304    685.7    933.1
     1     1    17     8     2    14     0     0    -2.0   46.641 -119.201    675.2    934.1
     1     1    17     8     2    13     0     0    -3.0   46.771 -119.110    693.7    933.0
     1     1    17     8     2    12     0     0    -4.0   46.832 -118.957    704.6    930.6
     1     1    17     8     2    11     0     0    -5.0   46.909 -118.816    735.7    926.6
     1     1    17     8     2    10     0     0    -6.0   47.092 -118.769    778.6    922.3
     1     1    17     8     2     9     0     0    -7.0   47.083 -118.759    758.6    924.9
     1     1    17     8     2     8     0     0    -8.0   47.064 -118.777    771.2    923.5
     1     1    17     8     2     7     0     0    -9.0   47.177 -118.773    786.9    921.1
     1     1    17     8     2     6     0     0   -10.0   47.223 -118.743    785.4    921.9
     1     1    17     8     2     5     0     0   -11.0   47.214 -118.725    790.3    920.2
     1     1    17     8     2     4     0     0   -12.0   47.180 -118.668    788.1    922.5
     1     1    17     8     2     3     0     0   -13.0   47.225 -118.650    788.3    921.2
     1     1    17     8     2     2     0     0   -14.0   47.270 -118.745    772.0    922.9
     1     1    17     8     2     1     0     0   -15.0   47.248 -118.852    776.2    923.9
     1     1    17     8     2     0     0     0   -16.0   47.231 -118.928    799.3    919.7
     1     1    17     8     1    23     0     0   -17.0   47.233 -118.995    818.7    919.6
     1     1    17     8     1    22     0     0   -18.0   47.266 -119.002    835.4    914.2
     1     1    17     8     1    21     0     0   -19.0   47.329 -119.016    843.0    916.8
