     1     1
    SITE    10     3     1     0     0
     1 BACKWARD OMEGA   
    17     8    28    12   46.392 -119.412   700.0
     1 PRESSURE
     1     1    17     8    28    12     0     0     0.0   46.392 -119.412    700.0    931.4
     1     1    17     8    28    11     0     0    -1.0   46.475 -119.364    693.9    932.1
     1     1    17     8    28    10     0     0    -2.0   46.477 -119.362    671.1    934.8
     1     1    17     8    28     9     0     0    -3.0   46.485 -119.378    663.2    936.4
     1     1    17     8    28     8     0     0    -4.0   46.489 -119.409    671.8    935.0
     1     1    17     8    28     7     0     0    -5.0   46.430 -119.386    678.2    933.4
     1     1    17     8    28     6     0     0    -6.0   46.386 -119.392    666.3    935.4
     1     1    17     8    28     5     0     0    -7.0   46.343 -119.368    666.5    936.4
     1     1    17     8    28     4     0     0    -8.0   46.303 -119.303    654.3    936.8
     1     1    17     8    28     3     0     0    -9.0   46.256 -119.341    654.7    937.0
     1     1    17     8    28     2     0     0   -10.0   46.250 -119.370    658.7    937.1
     1     1    17     8    28     1     0     0   -11.0   46.256 -119.325    665.0    935.8
     1     1    17     8    28     0     0     0   -12.0   46.235 -119.266    658.8    934.6
     1     1    17     8    27    23     0     0   -13.0   46.203 -119.205    650.1    938.5
     1     1    17     8    27    22     0     0   -14.0   46.182 -119.139    652.3    937.2
     1     1    17     8    27    21     0     0   -15.0   46.169 -119.079    657.4    937.3
     1     1    17     8    27    20     0     0   -16.0   46.143 -119.050    663.6    934.8
     1     1    17     8    27    19     0     0   -17.0   46.116 -119.051    661.4    936.3
     1     1    17     8    27    18     0     0   -18.0   46.103 -119.043    662.4    936.0
     1     1    17     8    27    17     0     0   -19.0   46.097 -119.022    663.9    935.8
     1     1    17     8    27    16     0     0   -20.0   46.083 -118.985    669.8    935.4
     1     1    17     8    27    15     0     0   -21.0   46.055 -118.920    675.6    933.4
     1     1    17     8    27    14     0     0   -22.0   46.014 -118.843    675.4    934.7
     1     1    17     8    27    13     0     0   -23.0   45.973 -118.765    660.2    933.9
     1     1    17     8    27    12     0     0   -24.0   45.975 -118.698    637.2    940.0
     1     1    17     8    27    11     0     0   -25.0   45.969 -118.650    631.9    941.2
     1     1    17     8    27    10     0     0   -26.0   45.934 -118.600    637.4    939.4
     1     1    17     8    27     9     0     0   -27.0   45.923 -118.544    643.9    938.4
     1     1    17     8    27     8     0     0   -28.0   45.919 -118.481    647.6    937.2
     1     1    17     8    27     7     0     0   -29.0   45.932 -118.420    653.2    937.6
     1     1    17     8    27     6     0     0   -30.0   45.949 -118.408    666.3    935.2
     1     1    17     8    27     5     0     0   -31.0   45.941 -118.415    672.5    934.3
     1     1    17     8    27     4     0     0   -32.0   45.953 -118.375    674.3    934.6
     1     1    17     8    27     3     0     0   -33.0   45.979 -118.304    683.9    934.2
     1     1    17     8    27     2     0     0   -34.0   45.991 -118.229    686.2    931.2
     1     1    17     8    27     1     0     0   -35.0   46.001 -118.167    685.4    934.4
     1     1    17     8    27     0     0     0   -36.0   45.994 -118.119    696.5    931.7
     1     1    17     8    26    23     0     0   -37.0   46.004 -118.071    703.2    930.2
     1     1    17     8    26    22     0     0   -38.0   46.040 -118.015    707.3    930.5
     1     1    17     8    26    21     0     0   -39.0   46.049 -118.004    709.5    930.1
     1     1    17     8    26    20     0     0   -40.0   46.035 -118.035    703.0    931.1
     1     1    17     8    26    19     0     0   -41.0   46.026 -118.009    709.6    931.7
     1     1    17     8    26    18     0     0   -42.0   46.055 -117.948    726.4    928.0
     1     1    17     8    26    17     0     0   -43.0   46.120 -117.895    729.9    925.1
