     1     1
    SITE    10     3     1     0     0
     1 BACKWARD OMEGA   
    17     8     9    10   46.392 -119.412   700.0
     1 PRESSURE
     1     1    17     8     9    10     0     0     0.0   46.392 -119.412    700.0    931.4
     1     1    17     8     9     9     0     0    -1.0   46.408 -119.345    703.8    930.9
     1     1    17     8     9     8     0     0    -2.0   46.428 -119.281    697.1    932.2
     1     1    17     8     9     7     0     0    -3.0   46.426 -119.238    699.3    931.9
     1     1    17     8     9     6     0     0    -4.0   46.405 -119.182    706.1    929.7
     1     1    17     8     9     5     0     0    -5.0   46.391 -119.157    705.1    931.2
     1     1    17     8     9     4     0     0    -6.0   46.376 -119.139    705.6    930.4
     1     1    17     8     9     3     0     0    -7.0   46.351 -119.115    708.0    929.9
     1     1    17     8     9     2     0     0    -8.0   46.310 -119.118    706.8    930.7
     1     1    17     8     9     1     0     0    -9.0   46.322 -119.068    714.8    930.4
     1     1    17     8     9     0     0     0   -10.0   46.316 -119.023    748.5    926.0
     1     1    17     8     8    23     0     0   -11.0   46.257 -119.030    748.1    925.5
     1     1    17     8     8    22     0     0   -12.0   46.235 -119.017    737.3    927.8
     1     1    17     8     8    21     0     0   -13.0   46.228 -119.000    732.6    928.1
     1     1    17     8     8    20     0     0   -14.0   46.220 -119.046    720.6    927.7
     1     1    17     8     8    19     0     0   -15.0   46.212 -119.068    708.6    931.7
     1     1    17     8     8    18     0     0   -16.0   46.224 -119.000    714.7    930.4
     1     1    17     8     8    17     0     0   -17.0   46.263 -118.907    723.1    927.0
     1     1    17     8     8    16     0     0   -18.0   46.312 -118.804    721.7    929.1
     1     1    17     8     8    15     0     0   -19.0   46.337 -118.688    739.1    926.5
     1     1    17     8     8    14     0     0   -20.0   46.319 -118.574    747.1    926.6
     1     1    17     8     8    13     0     0   -21.0   46.277 -118.487    757.0    924.5
     1     1    17     8     8    12     0     0   -22.0   46.257 -118.401    777.3    925.1
     1     1    17     8     8    11     0     0   -23.0   46.275 -118.308    790.3    920.9
     1     1    17     8     8    10     0     0   -24.0   46.300 -118.220    803.2    921.0
     1     1    17     8     8     9     0     0   -25.0   46.306 -118.147    825.8    916.8
     1     1    17     8     8     8     0     0   -26.0   46.301 -118.095    832.6    915.6
     1     1    17     8     8     7     0     0   -27.0   46.299 -118.057    835.0    917.1
     1     1    17     8     8     6     0     0   -28.0   46.284 -118.036    841.7    915.2
     1     1    17     8     8     5     0     0   -29.0   46.258 -118.028    842.1    915.3
     1     1    17     8     8     4     0     0   -30.0   46.255 -117.999    849.7    915.8
     1     1    17     8     8     3     0     0   -31.0   46.271 -117.954    859.0    913.2
     1     1    17     8     8     2     0     0   -32.0   46.261 -117.945    865.9    913.1
     1     1    17     8     8     1     0     0   -33.0   46.234 -117.959    862.0    912.3
     1     1    17     8     8     0     0     0   -34.0   46.187 -117.965    856.3    914.9
     1     1    17     8     7    23     0     0   -35.0   46.135 -117.986    851.9    914.1
     1     1    17     8     7    22     0     0   -36.0   46.105 -118.037    842.1    915.0
     1     1    17     8     7    21     0     0   -37.0   46.077 -118.061    844.3    916.9
     1     1    17     8     7    20     0     0   -38.0   46.035 -118.056    853.0    913.0
     1     1    17     8     7    19     0     0   -39.0   45.970 -118.049    852.3    914.9
     1     1    17     8     7    18     0     0   -40.0   45.887 -118.020    864.6    913.5
     1     1    17     8     7    17     0     0   -41.0   45.796 -117.985    863.7    913.0
     1     1    17     8     7    16     0     0   -42.0   45.706 -117.933    849.5    913.7
