     1     1
    SITE    10     3     1     0     0
     1 BACKWARD OMEGA   
    17     8    18     1   46.392 -119.412   700.0
     1 PRESSURE
     1     1    17     8    18     1     0     0     0.0   46.392 -119.412    700.0    931.4
     1     1    17     8    18     0     0     0    -1.0   46.371 -119.447    696.5    931.8
     1     1    17     8    17    23     0     0    -2.0   46.342 -119.506    690.2    932.5
     1     1    17     8    17    22     0     0    -3.0   46.333 -119.594    685.1    934.4
     1     1    17     8    17    21     0     0    -4.0   46.292 -119.663    686.8    933.8
     1     1    17     8    17    20     0     0    -5.0   46.184 -119.682    687.5    933.0
     1     1    17     8    17    19     0     0    -6.0   46.073 -119.649    685.0    933.1
     1     1    17     8    17    18     0     0    -7.0   45.977 -119.555    670.7    935.0
     1     1    17     8    17    17     0     0    -8.0   45.907 -119.406    663.9    935.2
     1     1    17     8    17    16     0     0    -9.0   45.911 -119.237    660.7    936.1
     1     1    17     8    17    15     0     0   -10.0   45.943 -119.091    653.3    937.7
     1     1    17     8    17    14     0     0   -11.0   45.935 -119.086    658.6    936.1
     1     1    17     8    17    13     0     0   -12.0   45.896 -119.171    665.2    936.1
     1     1    17     8    17    12     0     0   -13.0   45.821 -119.175    675.1    934.4
     1     1    17     8    17    11     0     0   -14.0   45.733 -119.125    679.2    933.8
     1     1    17     8    17    10     0     0   -15.0   45.639 -119.052    705.6    931.0
     1     1    17     8    17     9     0     0   -16.0   45.544 -118.976    722.5    927.5
     1     1    17     8    17     8     0     0   -17.0   45.428 -118.928    699.2    931.2
