     1     1
    SITE    10     3     1     0     0
     1 BACKWARD OMEGA   
    17     8    24    11   46.392 -119.412   700.0
     1 PRESSURE
     1     1    17     8    24    11     0     0     0.0   46.392 -119.412    700.0    931.4
     1     1    17     8    24    10     0     0    -1.0   46.306 -119.432    693.4    932.2
     1     1    17     8    24     9     0     0    -2.0   46.224 -119.486    693.6    931.9
     1     1    17     8    24     8     0     0    -3.0   46.241 -119.669    679.8    934.0
     1     1    17     8    24     7     0     0    -4.0   46.319 -119.892    670.2    935.6
     1     1    17     8    24     6     0     0    -5.0   46.320 -120.017    669.5    935.3
     1     1    17     8    24     5     0     0    -6.0   46.307 -120.080    669.7    934.9
     1     1    17     8    24     4     0     0    -7.0   46.310 -120.145    673.7    935.9
     1     1    17     8    24     3     0     0    -8.0   46.274 -120.160    676.1    932.6
     1     1    17     8    24     2     0     0    -9.0   46.223 -120.162    658.2    938.1
     1     1    17     8    24     1     0     0   -10.0   46.181 -120.157    651.8    936.9
     1     1    17     8    24     0     0     0   -11.0   46.177 -120.134    647.9    938.5
     1     1    17     8    23    23     0     0   -12.0   46.175 -120.131    652.0    936.7
     1     1    17     8    23    22     0     0   -13.0   46.145 -120.158    658.6    938.0
     1     1    17     8    23    21     0     0   -14.0   46.105 -120.229    660.2    933.7
     1     1    17     8    23    20     0     0   -15.0   46.035 -120.257    644.1    937.9
     1     1    17     8    23    19     0     0   -16.0   45.968 -120.198    639.0    938.9
     1     1    17     8    23    18     0     0   -17.0   45.907 -120.130    670.9    935.0
     1     1    17     8    23    17     0     0   -18.0   45.836 -120.047    685.0    932.6
     1     1    17     8    23    16     0     0   -19.0   45.768 -119.921    684.4    933.5
     1     1    17     8    23    15     0     0   -20.0   45.661 -119.803    712.8    930.4
     1     1    17     8    23    14     0     0   -21.0   45.549 -119.678    743.2    926.6
     1     1    17     8    23    13     0     0   -22.0   45.421 -119.551    732.8    924.8
