     1     1
    SITE    10     3     1     0     0
     1 BACKWARD OMEGA   
    17     8     4    14   46.392 -119.412   700.0
     1 PRESSURE
     1     1    17     8     4    14     0     0     0.0   46.392 -119.412    700.0    931.4
     1     1    17     8     4    13     0     0    -1.0   46.389 -119.483    694.3    932.1
     1     1    17     8     4    12     0     0    -2.0   46.349 -119.561    680.6    935.5
     1     1    17     8     4    11     0     0    -3.0   46.376 -119.622    691.7    933.9
     1     1    17     8     4    10     0     0    -4.0   46.492 -119.651    707.3    931.5
     1     1    17     8     4     9     0     0    -5.0   46.604 -119.687    722.4    928.8
     1     1    17     8     4     8     0     0    -6.0   46.635 -119.733    723.9    928.3
     1     1    17     8     4     7     0     0    -7.0   46.625 -119.770    720.0    929.3
     1     1    17     8     4     6     0     0    -8.0   46.606 -119.779    715.6    929.4
     1     1    17     8     4     5     0     0    -9.0   46.593 -119.806    713.9    930.7
     1     1    17     8     4     4     0     0   -10.0   46.559 -119.836    720.9    929.2
     1     1    17     8     4     3     0     0   -11.0   46.495 -119.810    712.1    929.7
     1     1    17     8     4     2     0     0   -12.0   46.439 -119.790    709.1    932.3
     1     1    17     8     4     1     0     0   -13.0   46.382 -119.795    710.8    929.0
     1     1    17     8     4     0     0     0   -14.0   46.328 -119.787    709.5    931.0
     1     1    17     8     3    23     0     0   -15.0   46.271 -119.794    715.6    929.9
     1     1    17     8     3    22     0     0   -16.0   46.201 -119.806    720.7    928.6
     1     1    17     8     3    21     0     0   -17.0   46.125 -119.769    729.1    928.8
     1     1    17     8     3    20     0     0   -18.0   46.030 -119.749    739.0    926.4
     1     1    17     8     3    19     0     0   -19.0   45.928 -119.768    763.5    923.1
     1     1    17     8     3    18     0     0   -20.0   45.833 -119.745    736.0    928.1
     1     1    17     8     3    17     0     0   -21.0   45.793 -119.640    709.2    930.5
     1     1    17     8     3    16     0     0   -22.0   45.827 -119.513    683.5    933.3
     1     1    17     8     3    15     0     0   -23.0   45.870 -119.407    666.0    935.2
     1     1    17     8     3    14     0     0   -24.0   45.844 -119.349    655.7    937.1
     1     1    17     8     3    13     0     0   -25.0   45.835 -119.309    647.7    937.3
     1     1    17     8     3    12     0     0   -26.0   45.896 -119.236    620.7    940.8
     1     1    17     8     3    11     0     0   -27.0   45.928 -119.278    617.8    944.0
     1     1    17     8     3    10     0     0   -28.0   45.893 -119.362    608.0    942.3
     1     1    17     8     3     9     0     0   -29.0   45.835 -119.366    605.9    942.3
     1     1    17     8     3     8     0     0   -30.0   45.799 -119.336    610.1    942.5
     1     1    17     8     3     7     0     0   -31.0   45.774 -119.306    614.1    941.3
     1     1    17     8     3     6     0     0   -32.0   45.770 -119.308    614.0    941.1
     1     1    17     8     3     5     0     0   -33.0   45.765 -119.318    614.5    941.9
     1     1    17     8     3     4     0     0   -34.0   45.777 -119.283    611.0    941.1
     1     1    17     8     3     3     0     0   -35.0   45.838 -119.230    613.7    942.1
     1     1    17     8     3     2     0     0   -36.0   45.906 -119.200    610.0    942.0
     1     1    17     8     3     1     0     0   -37.0   45.934 -119.139    603.7    942.2
     1     1    17     8     3     0     0     0   -38.0   45.913 -119.105    596.8    943.5
     1     1    17     8     2    23     0     0   -39.0   45.891 -119.077    597.1    944.2
     1     1    17     8     2    22     0     0   -40.0   45.862 -119.036    592.3    942.1
     1     1    17     8     2    21     0     0   -41.0   45.861 -119.053    583.4    945.3
     1     1    17     8     2    20     0     0   -42.0   45.877 -119.030    577.8    943.8
     1     1    17     8     2    19     0     0   -43.0   45.905 -119.000    580.1    943.2
     1     1    17     8     2    18     0     0   -44.0   46.003 -119.005    583.1    944.8
     1     1    17     8     2    17     0     0   -45.0   46.143 -118.960    601.6    942.2
     1     1    17     8     2    16     0     0   -46.0   46.289 -118.875    596.2    944.1
     1     1    17     8     2    15     0     0   -47.0   46.423 -118.764    612.3    942.9
     1     1    17     8     2    14     0     0   -48.0   46.547 -118.661    637.6    939.4
     1     1    17     8     2    13     0     0   -49.0   46.679 -118.569    623.9    939.2
     1     1    17     8     2    12     0     0   -50.0   46.742 -118.416    601.2    942.0
     1     1    17     8     2    11     0     0   -51.0   46.822 -118.275    585.3    944.5
     1     1    17     8     2    10     0     0   -52.0   47.005 -118.228    598.1    943.6
     1     1    17     8     2     9     0     0   -53.0   46.997 -118.221    667.8    934.4
     1     1    17     8     2     8     0     0   -54.0   46.983 -118.236    658.7    937.1
     1     1    17     8     2     7     0     0   -55.0   47.094 -118.229    682.0    933.2
     1     1    17     8     2     6     0     0   -56.0   47.141 -118.201    684.6    933.3
     1     1    17     8     2     5     0     0   -57.0   47.132 -118.185    690.9    932.4
     1     1    17     8     2     4     0     0   -58.0   47.099 -118.134    690.2    934.1
     1     1    17     8     2     3     0     0   -59.0   47.145 -118.116    670.1    934.2
     1     1    17     8     2     2     0     0   -60.0   47.192 -118.214    648.8    937.4
     1     1    17     8     2     1     0     0   -61.0   47.170 -118.319    637.2    938.9
     1     1    17     8     2     0     0     0   -62.0   47.154 -118.394    632.0    939.9
     1     1    17     8     1    23     0     0   -63.0   47.156 -118.461    622.8    938.8
     1     1    17     8     1    22     0     0   -64.0   47.190 -118.468    609.4    943.4
     1     1    17     8     1    21     0     0   -65.0   47.254 -118.481    626.8    940.1
     1     1    17     8     1    20     0     0   -66.0   47.304 -118.534    626.7    938.1
     1     1    17     8     1    19     0     0   -67.0   47.313 -118.501    613.3    941.3
     1     1    17     8     1    18     0     0   -68.0   47.334 -118.394    599.6    943.9
