     1     1
    SITE    10     3     1     0     0
     1 BACKWARD OMEGA   
    17     8    12    23   46.392 -119.412   700.0
     1 PRESSURE
     1     1    17     8    12    23     0     0     0.0   46.392 -119.412    700.0    931.4
     1     1    17     8    12    22     0     0    -1.0   46.385 -119.605    695.9    931.9
     1     1    17     8    12    21     0     0    -2.0   46.469 -119.824    717.3    929.7
     1     1    17     8    12    20     0     0    -3.0   46.510 -120.035    728.4    928.7
     1     1    17     8    12    19     0     0    -4.0   46.429 -120.068    732.0    927.4
     1     1    17     8    12    18     0     0    -5.0   46.313 -119.968    742.1    926.8
     1     1    17     8    12    17     0     0    -6.0   46.168 -119.923    734.3    927.6
     1     1    17     8    12    16     0     0    -7.0   46.009 -119.860    708.2    931.2
     1     1    17     8    12    15     0     0    -8.0   45.873 -119.698    690.9    932.6
     1     1    17     8    12    14     0     0    -9.0   45.744 -119.573    700.4    930.8
     1     1    17     8    12    13     0     0   -10.0   45.602 -119.542    696.4    932.2
     1     1    17     8    12    12     0     0   -11.0   45.465 -119.517    690.5    932.3
