     1     1
    SITE    10     3     1     0     0
     1 BACKWARD OMEGA   
    17     8    29    11   46.392 -119.412   700.0
     1 PRESSURE
     1     1    17     8    29    11     0     0     0.0   46.392 -119.412    700.0    931.4
     1     1    17     8    29    10     0     0    -1.0   46.367 -119.369    701.9    931.2
     1     1    17     8    29     9     0     0    -2.0   46.318 -119.370    709.4    930.2
     1     1    17     8    29     8     0     0    -3.0   46.272 -119.385    708.9    929.4
     1     1    17     8    29     7     0     0    -4.0   46.248 -119.381    703.4    931.5
     1     1    17     8    29     6     0     0    -5.0   46.243 -119.359    707.3    931.3
     1     1    17     8    29     5     0     0    -6.0   46.226 -119.345    712.9    929.4
     1     1    17     8    29     4     0     0    -7.0   46.219 -119.284    721.1    929.8
     1     1    17     8    29     3     0     0    -8.0   46.246 -119.171    724.9    928.9
     1     1    17     8    29     2     0     0    -9.0   46.292 -119.060    719.7    928.4
     1     1    17     8    29     1     0     0   -10.0   46.337 -118.981    695.4    932.2
     1     1    17     8    29     0     0     0   -11.0   46.335 -118.958    692.1    934.3
     1     1    17     8    28    23     0     0   -12.0   46.298 -118.967    704.1    930.6
     1     1    17     8    28    22     0     0   -13.0   46.269 -118.952    708.7    929.8
     1     1    17     8    28    21     0     0   -14.0   46.244 -118.917    709.4    930.3
     1     1    17     8    28    20     0     0   -15.0   46.220 -118.946    710.9    930.5
     1     1    17     8    28    19     0     0   -16.0   46.184 -118.987    713.0    930.4
     1     1    17     8    28    18     0     0   -17.0   46.197 -119.038    717.3    928.0
     1     1    17     8    28    17     0     0   -18.0   46.279 -119.126    696.8    932.6
     1     1    17     8    28    16     0     0   -19.0   46.366 -119.171    688.8    932.5
     1     1    17     8    28    15     0     0   -20.0   46.454 -119.187    679.1    934.0
     1     1    17     8    28    14     0     0   -21.0   46.457 -119.194    670.2    934.7
     1     1    17     8    28    13     0     0   -22.0   46.364 -119.209    677.7    933.6
     1     1    17     8    28    12     0     0   -23.0   46.356 -119.178    692.6    933.0
     1     1    17     8    28    11     0     0   -24.0   46.439 -119.128    697.5    932.3
     1     1    17     8    28    10     0     0   -25.0   46.439 -119.129    705.1    930.7
     1     1    17     8    28     9     0     0   -26.0   46.448 -119.150    719.0    929.2
     1     1    17     8    28     8     0     0   -27.0   46.456 -119.183    723.3    928.5
     1     1    17     8    28     7     0     0   -28.0   46.397 -119.160    727.9    928.2
     1     1    17     8    28     6     0     0   -29.0   46.355 -119.162    731.3    927.4
     1     1    17     8    28     5     0     0   -30.0   46.312 -119.137    734.7    927.6
     1     1    17     8    28     4     0     0   -31.0   46.268 -119.071    743.5    925.9
     1     1    17     8    28     3     0     0   -32.0   46.219 -119.111    739.2    927.6
     1     1    17     8    28     2     0     0   -33.0   46.211 -119.141    736.3    926.5
     1     1    17     8    28     1     0     0   -34.0   46.218 -119.096    730.7    927.7
     1     1    17     8    28     0     0     0   -35.0   46.197 -119.038    724.0    928.2
     1     1    17     8    27    23     0     0   -36.0   46.165 -118.977    722.3    930.2
     1     1    17     8    27    22     0     0   -37.0   46.145 -118.908    724.5    927.6
     1     1    17     8    27    21     0     0   -38.0   46.131 -118.848    721.8    929.2
     1     1    17     8    27    20     0     0   -39.0   46.105 -118.821    722.1    928.9
     1     1    17     8    27    19     0     0   -40.0   46.078 -118.822    723.5    928.8
     1     1    17     8    27    18     0     0   -41.0   46.066 -118.814    721.6    928.4
     1     1    17     8    27    17     0     0   -42.0   46.060 -118.793    719.5    929.4
     1     1    17     8    27    16     0     0   -43.0   46.046 -118.756    722.5    929.2
     1     1    17     8    27    15     0     0   -44.0   46.018 -118.690    723.7    928.3
     1     1    17     8    27    14     0     0   -45.0   45.979 -118.611    723.3    928.3
     1     1    17     8    27    13     0     0   -46.0   45.938 -118.533    724.7    929.1
     1     1    17     8    27    12     0     0   -47.0   45.939 -118.468    728.6    927.9
     1     1    17     8    27    11     0     0   -48.0   45.933 -118.421    745.8    926.7
     1     1    17     8    27    10     0     0   -49.0   45.899 -118.375    747.2    925.6
     1     1    17     8    27     9     0     0   -50.0   45.889 -118.317    739.5    926.5
     1     1    17     8    27     8     0     0   -51.0   45.885 -118.253    734.8    928.1
     1     1    17     8    27     7     0     0   -52.0   45.899 -118.189    724.0    927.2
     1     1    17     8    27     6     0     0   -53.0   45.916 -118.178    709.6    931.6
     1     1    17     8    27     5     0     0   -54.0   45.909 -118.185    703.6    931.0
     1     1    17     8    27     4     0     0   -55.0   45.921 -118.145    695.5    931.4
     1     1    17     8    27     3     0     0   -56.0   45.948 -118.073    702.8    932.3
     1     1    17     8    27     2     0     0   -57.0   45.961 -117.996    716.1    929.4
     1     1    17     8    27     1     0     0   -58.0   45.971 -117.931    720.5    928.2
