     1     1
    SITE    10     3     1     0     0
     1 BACKWARD OMEGA   
    17     8    21     8   46.392 -119.412   700.0
     1 PRESSURE
     1     1    17     8    21     8     0     0     0.0   46.392 -119.412    700.0    931.4
     1     1    17     8    21     7     0     0    -1.0   46.387 -119.341    695.8    931.9
     1     1    17     8    21     6     0     0    -2.0   46.394 -119.286    692.9    931.5
     1     1    17     8    21     5     0     0    -3.0   46.398 -119.255    687.3    933.2
     1     1    17     8    21     4     0     0    -4.0   46.384 -119.247    684.9    933.3
     1     1    17     8    21     3     0     0    -5.0   46.353 -119.219    680.5    933.3
     1     1    17     8    21     2     0     0    -6.0   46.323 -119.200    680.4    934.6
     1     1    17     8    21     1     0     0    -7.0   46.308 -119.174    686.7    932.5
     1     1    17     8    21     0     0     0    -8.0   46.276 -119.137    686.1    934.2
     1     1    17     8    20    23     0     0    -9.0   46.228 -119.140    695.6    932.5
     1     1    17     8    20    22     0     0   -10.0   46.235 -119.169    705.0    929.9
     1     1    17     8    20    21     0     0   -11.0   46.276 -119.185    703.8    930.2
     1     1    17     8    20    20     0     0   -12.0   46.275 -119.179    705.5    931.2
     1     1    17     8    20    19     0     0   -13.0   46.235 -119.153    711.7    930.5
     1     1    17     8    20    18     0     0   -14.0   46.198 -119.048    732.8    928.5
     1     1    17     8    20    17     0     0   -15.0   46.166 -118.885    725.8    928.2
     1     1    17     8    20    16     0     0   -16.0   46.146 -118.716    716.7    927.9
     1     1    17     8    20    15     0     0   -17.0   46.117 -118.562    715.8    930.6
     1     1    17     8    20    14     0     0   -18.0   46.046 -118.509    724.5    928.9
     1     1    17     8    20    13     0     0   -19.0   45.963 -118.552    728.2    927.9
     1     1    17     8    20    12     0     0   -20.0   45.898 -118.560    718.4    929.3
     1     1    17     8    20    11     0     0   -21.0   45.844 -118.559    709.0    930.5
     1     1    17     8    20    10     0     0   -22.0   45.791 -118.584    708.1    931.2
     1     1    17     8    20     9     0     0   -23.0   45.745 -118.613    716.0    930.0
     1     1    17     8    20     8     0     0   -24.0   45.694 -118.615    728.1    928.4
     1     1    17     8    20     7     0     0   -25.0   45.624 -118.585    721.0    927.1
     1     1    17     8    20     6     0     0   -26.0   45.547 -118.552    718.4    929.8
     1     1    17     8    20     5     0     0   -27.0   45.465 -118.546    739.4    927.0
