     1     1
    SITE    10     3     1     0     0
     1 BACKWARD OMEGA   
    17     8    13     5   46.392 -119.412   700.0
     1 PRESSURE
     1     1    17     8    13     5     0     0     0.0   46.392 -119.412    700.0    931.4
     1     1    17     8    13     4     0     0    -1.0   46.429 -119.544    677.3    934.2
     1     1    17     8    13     3     0     0    -2.0   46.470 -119.678    678.7    933.0
     1     1    17     8    13     2     0     0    -3.0   46.461 -119.754    668.3    935.7
     1     1    17     8    13     1     0     0    -4.0   46.412 -119.794    655.3    935.0
     1     1    17     8    13     0     0     0    -5.0   46.339 -119.798    644.8    938.6
     1     1    17     8    12    23     0     0    -6.0   46.283 -119.872    674.0    935.7
     1     1    17     8    12    22     0     0    -7.0   46.275 -120.061    682.3    933.6
     1     1    17     8    12    21     0     0    -8.0   46.359 -120.277    669.3    933.8
     1     1    17     8    12    20     0     0    -9.0   46.400 -120.482    657.6    935.4
     1     1    17     8    12    19     0     0   -10.0   46.318 -120.512    624.4    939.8
     1     1    17     8    12    18     0     0   -11.0   46.204 -120.414    623.5    939.6
     1     1    17     8    12    17     0     0   -12.0   46.056 -120.370    606.5    942.2
     1     1    17     8    12    16     0     0   -13.0   45.894 -120.302    623.2    941.5
     1     1    17     8    12    15     0     0   -14.0   45.762 -120.135    651.7    938.1
     1     1    17     8    12    14     0     0   -15.0   45.632 -120.006    682.3    933.4
     1     1    17     8    12    13     0     0   -16.0   45.489 -119.978    690.3    932.0
