     1     1
    SITE    10     3     1     0     0
     1 BACKWARD OMEGA   
    17     8     6    23   46.392 -119.412   700.0
     1 PRESSURE
     1     1    17     8     6    23     0     0     0.0   46.392 -119.412    700.0    931.4
     1     1    17     8     6    22     0     0    -1.0   46.404 -119.337    700.6    931.3
     1     1    17     8     6    21     0     0    -2.0   46.410 -119.340    689.0    932.8
     1     1    17     8     6    20     0     0    -3.0   46.374 -119.370    680.8    934.6
     1     1    17     8     6    19     0     0    -4.0   46.379 -119.339    682.4    934.2
     1     1    17     8     6    18     0     0    -5.0   46.396 -119.359    671.9    933.6
     1     1    17     8     6    17     0     0    -6.0   46.391 -119.451    670.4    934.8
     1     1    17     8     6    16     0     0    -7.0   46.418 -119.467    662.9    935.4
     1     1    17     8     6    15     0     0    -8.0   46.430 -119.391    656.1    936.2
     1     1    17     8     6    14     0     0    -9.0   46.443 -119.310    650.0    937.2
     1     1    17     8     6    13     0     0   -10.0   46.447 -119.238    642.8    938.0
     1     1    17     8     6    12     0     0   -11.0   46.408 -119.166    620.3    940.7
     1     1    17     8     6    11     0     0   -12.0   46.365 -119.108    596.9    943.5
     1     1    17     8     6    10     0     0   -13.0   46.350 -119.051    588.5    945.3
     1     1    17     8     6     9     0     0   -14.0   46.365 -118.979    591.2    943.2
     1     1    17     8     6     8     0     0   -15.0   46.359 -118.906    591.0    944.3
     1     1    17     8     6     7     0     0   -16.0   46.386 -118.815    571.5    944.0
     1     1    17     8     6     6     0     0   -17.0   46.412 -118.730    574.7    946.1
     1     1    17     8     6     5     0     0   -18.0   46.390 -118.682    580.9    943.9
     1     1    17     8     6     4     0     0   -19.0   46.366 -118.681    582.9    945.5
     1     1    17     8     6     3     0     0   -20.0   46.333 -118.684    580.6    944.1
     1     1    17     8     6     2     0     0   -21.0   46.308 -118.657    576.0    945.6
     1     1    17     8     6     1     0     0   -22.0   46.270 -118.629    583.3    945.7
     1     1    17     8     6     0     0     0   -23.0   46.220 -118.635    599.2    942.5
     1     1    17     8     5    23     0     0   -24.0   46.235 -118.611    614.4    943.1
     1     1    17     8     5    22     0     0   -25.0   46.266 -118.554    626.1    938.4
     1     1    17     8     5    21     0     0   -26.0   46.249 -118.524    619.1    940.5
     1     1    17     8     5    20     0     0   -27.0   46.194 -118.536    609.2    942.2
     1     1    17     8     5    19     0     0   -28.0   46.120 -118.583    604.0    942.4
     1     1    17     8     5    18     0     0   -29.0   46.053 -118.588    605.2    942.6
     1     1    17     8     5    17     0     0   -30.0   46.042 -118.516    617.7    941.3
     1     1    17     8     5    16     0     0   -31.0   46.080 -118.398    637.3    938.8
     1     1    17     8     5    15     0     0   -32.0   46.124 -118.273    638.6    938.5
     1     1    17     8     5    14     0     0   -33.0   46.170 -118.153    653.2    936.7
     1     1    17     8     5    13     0     0   -34.0   46.206 -118.037    659.3    936.5
     1     1    17     8     5    12     0     0   -35.0   46.263 -117.948    701.3    932.5
