     1     1
    SITE    10     3     1     0     0
     1 BACKWARD OMEGA   
    17     8     3     7   46.392 -119.412   700.0
     1 PRESSURE
     1     1    17     8     3     7     0     0     0.0   46.392 -119.412    700.0    931.4
     1     1    17     8     3     6     0     0    -1.0   46.388 -119.415    696.6    931.8
     1     1    17     8     3     5     0     0    -2.0   46.383 -119.426    691.4    932.1
     1     1    17     8     3     4     0     0    -3.0   46.395 -119.388    693.7    933.4
     1     1    17     8     3     3     0     0    -4.0   46.450 -119.335    691.2    932.1
     1     1    17     8     3     2     0     0    -5.0   46.515 -119.303    688.0    933.0
     1     1    17     8     3     1     0     0    -6.0   46.544 -119.242    679.8    932.9
     1     1    17     8     3     0     0     0    -7.0   46.523 -119.209    668.4    936.9
     1     1    17     8     2    23     0     0    -8.0   46.502 -119.183    670.6    934.3
     1     1    17     8     2    22     0     0    -9.0   46.471 -119.144    662.4    936.6
     1     1    17     8     2    21     0     0   -10.0   46.470 -119.162    670.2    935.7
     1     1    17     8     2    20     0     0   -11.0   46.485 -119.137    690.2    933.9
     1     1    17     8     2    19     0     0   -12.0   46.513 -119.109    698.4    930.8
     1     1    17     8     2    18     0     0   -13.0   46.611 -119.112    728.9    928.9
     1     1    17     8     2    17     0     0   -14.0   46.749 -119.070    745.5    926.6
     1     1    17     8     2    16     0     0   -15.0   46.897 -118.985    771.6    923.9
     1     1    17     8     2    15     0     0   -16.0   47.029 -118.872    785.0    922.4
     1     1    17     8     2    14     0     0   -17.0   47.153 -118.767    765.1    922.1
     1     1    17     8     2    13     0     0   -18.0   47.281 -118.677    724.6    928.9
