     1     1
    SITE    10     3     1     0     0
     1 BACKWARD OMEGA   
    17     8     1    13   46.392 -119.412   700.0
     1 PRESSURE
     1     1    17     8     1    13     0     0     0.0   46.392 -119.412    700.0    931.4
     1     1    17     8     1    12     0     0    -1.0   46.379 -119.398    710.4    930.2
     1     1    17     8     1    11     0     0    -2.0   46.329 -119.459    709.3    929.8
     1     1    17     8     1    10     0     0    -3.0   46.245 -119.459    692.5    932.3
     1     1    17     8     1     9     0     0    -4.0   46.180 -119.443    672.5    934.9
     1     1    17     8     1     8     0     0    -5.0   46.136 -119.437    667.6    935.5
     1     1    17     8     1     7     0     0    -6.0   46.101 -119.423    670.5    934.7
     1     1    17     8     1     6     0     0    -7.0   46.086 -119.426    668.8    934.7
     1     1    17     8     1     5     0     0    -8.0   46.075 -119.432    663.9    935.6
     1     1    17     8     1     4     0     0    -9.0   46.076 -119.401    663.6    936.5
     1     1    17     8     1     3     0     0   -10.0   46.077 -119.374    663.6    935.2
     1     1    17     8     1     2     0     0   -11.0   46.065 -119.345    661.3    936.4
     1     1    17     8     1     1     0     0   -12.0   46.038 -119.306    659.8    935.9
     1     1    17     8     1     0     0     0   -13.0   46.026 -119.257    665.0    936.4
     1     1    17     7    31    23     0     0   -14.0   46.036 -119.248    664.5    934.9
     1     1    17     7    31    22     0     0   -15.0   46.008 -119.264    656.2    936.4
     1     1    17     7    31    21     0     0   -16.0   45.995 -119.262    648.1    938.3
     1     1    17     7    31    20     0     0   -17.0   45.999 -119.286    649.9    937.7
     1     1    17     7    31    19     0     0   -18.0   45.938 -119.313    648.1    936.8
     1     1    17     7    31    18     0     0   -19.0   45.852 -119.272    634.8    939.8
     1     1    17     7    31    17     0     0   -20.0   45.829 -119.178    642.3    938.3
     1     1    17     7    31    16     0     0   -21.0   45.856 -119.082    642.9    938.1
     1     1    17     7    31    15     0     0   -22.0   45.861 -118.962    643.0    938.2
     1     1    17     7    31    14     0     0   -23.0   45.831 -118.856    645.2    937.6
     1     1    17     7    31    13     0     0   -24.0   45.820 -118.770    643.3    938.4
     1     1    17     7    31    12     0     0   -25.0   45.811 -118.668    644.5    937.6
     1     1    17     7    31    11     0     0   -26.0   45.805 -118.563    658.6    936.4
     1     1    17     7    31    10     0     0   -27.0   45.823 -118.459    676.9    934.6
     1     1    17     7    31     9     0     0   -28.0   45.807 -118.373    686.5    932.2
     1     1    17     7    31     8     0     0   -29.0   45.803 -118.363    688.5    934.7
     1     1    17     7    31     7     0     0   -30.0   45.803 -118.368    691.3    931.7
     1     1    17     7    31     6     0     0   -31.0   45.793 -118.333    683.1    933.5
     1     1    17     7    31     5     0     0   -32.0   45.790 -118.289    677.6    934.3
     1     1    17     7    31     4     0     0   -33.0   45.764 -118.260    679.3    934.5
     1     1    17     7    31     3     0     0   -34.0   45.719 -118.251    685.1    933.4
     1     1    17     7    31     2     0     0   -35.0   45.688 -118.268    688.3    932.5
     1     1    17     7    31     1     0     0   -36.0   45.709 -118.310    689.9    932.4
     1     1    17     7    31     0     0     0   -37.0   45.730 -118.257    682.9    932.5
     1     1    17     7    30    23     0     0   -38.0   45.715 -118.261    686.2    933.7
     1     1    17     7    30    22     0     0   -39.0   45.763 -118.405    700.4    931.1
     1     1    17     7    30    21     0     0   -40.0   45.867 -118.553    708.8    932.5
     1     1    17     7    30    20     0     0   -41.0   45.910 -118.733    718.9    929.6
     1     1    17     7    30    19     0     0   -42.0   45.863 -118.781    698.3    931.6
     1     1    17     7    30    18     0     0   -43.0   45.764 -118.642    659.8    936.3
     1     1    17     7    30    17     0     0   -44.0   45.650 -118.410    649.4    936.4
     1     1    17     7    30    16     0     0   -45.0   45.515 -118.243    607.6    942.1
     1     1    17     7    30    15     0     0   -46.0   45.386 -118.157    584.9    944.9
