     1     1
    SITE    10     3     1     0     0
     1 BACKWARD OMEGA   
    17     8    26     2   46.392 -119.412   700.0
     1 PRESSURE
     1     1    17     8    26     2     0     0     0.0   46.392 -119.412    700.0    931.4
     1     1    17     8    26     1     0     0    -1.0   46.369 -119.379    696.1    931.9
     1     1    17     8    26     0     0     0    -2.0   46.366 -119.386    706.8    930.8
     1     1    17     8    25    23     0     0    -3.0   46.369 -119.404    712.3    929.6
     1     1    17     8    25    22     0     0    -4.0   46.365 -119.397    707.7    929.8
     1     1    17     8    25    21     0     0    -5.0   46.362 -119.362    703.5    931.5
     1     1    17     8    25    20     0     0    -6.0   46.345 -119.314    705.2    931.1
     1     1    17     8    25    19     0     0    -7.0   46.312 -119.237    715.8    930.3
     1     1    17     8    25    18     0     0    -8.0   46.265 -119.132    720.7    929.2
     1     1    17     8    25    17     0     0    -9.0   46.217 -119.029    734.4    927.3
     1     1    17     8    25    16     0     0   -10.0   46.168 -118.918    735.8    927.1
     1     1    17     8    25    15     0     0   -11.0   46.117 -118.796    732.2    927.9
     1     1    17     8    25    14     0     0   -12.0   46.076 -118.677    723.2    927.9
     1     1    17     8    25    13     0     0   -13.0   46.052 -118.563    708.5    930.4
     1     1    17     8    25    12     0     0   -14.0   46.041 -118.444    691.0    932.3
     1     1    17     8    25    11     0     0   -15.0   46.006 -118.390    678.3    934.2
     1     1    17     8    25    10     0     0   -16.0   45.960 -118.429    671.7    934.7
     1     1    17     8    25     9     0     0   -17.0   45.925 -118.447    679.8    934.5
     1     1    17     8    25     8     0     0   -18.0   45.885 -118.437    696.3    931.8
     1     1    17     8    25     7     0     0   -19.0   45.851 -118.414    705.7    930.1
     1     1    17     8    25     6     0     0   -20.0   45.818 -118.372    706.6    930.6
     1     1    17     8    25     5     0     0   -21.0   45.769 -118.359    704.0    930.7
     1     1    17     8    25     4     0     0   -22.0   45.721 -118.368    713.9    931.9
     1     1    17     8    25     3     0     0   -23.0   45.682 -118.389    720.9    927.2
     1     1    17     8    25     2     0     0   -24.0   45.642 -118.423    719.0    930.0
     1     1    17     8    25     1     0     0   -25.0   45.622 -118.473    723.1    928.8
     1     1    17     8    25     0     0     0   -26.0   45.591 -118.513    712.6    928.3
     1     1    17     8    24    23     0     0   -27.0   45.556 -118.556    699.1    933.0
     1     1    17     8    24    22     0     0   -28.0   45.588 -118.683    664.5    932.1
     1     1    17     8    24    21     0     0   -29.0   45.699 -118.883    687.0    933.2
     1     1    17     8    24    20     0     0   -30.0   45.849 -119.109    722.5    929.5
     1     1    17     8    24    19     0     0   -31.0   46.022 -119.354    790.1    920.5
     1     1    17     8    24    18     0     0   -32.0   46.239 -119.626    798.6    920.6
     1     1    17     8    24    17     0     0   -33.0   46.471 -119.930    829.7    914.4
     1     1    17     8    24    16     0     0   -34.0   46.699 -120.222    828.3    915.8
     1     1    17     8    24    15     0     0   -35.0   46.911 -120.474    944.1    904.0
     1     1    17     8    24    14     0     0   -36.0   47.064 -120.678   1004.2    897.8
