     1     1
    SITE    10     3     1     0     0
     1 BACKWARD OMEGA   
    17     8     3    22   46.392 -119.412   700.0
     1 PRESSURE
     1     1    17     8     3    22     0     0     0.0   46.392 -119.412    700.0    931.4
     1     1    17     8     3    21     0     0    -1.0   46.316 -119.377    702.4    931.1
     1     1    17     8     3    20     0     0    -2.0   46.221 -119.357    713.2    930.6
     1     1    17     8     3    19     0     0    -3.0   46.117 -119.373    725.9    928.2
     1     1    17     8     3    18     0     0    -4.0   46.020 -119.351    729.0    927.4
     1     1    17     8     3    17     0     0    -5.0   45.978 -119.244    738.6    928.7
     1     1    17     8     3    16     0     0    -6.0   46.012 -119.114    753.5    924.9
     1     1    17     8     3    15     0     0    -7.0   46.057 -119.006    727.8    927.2
     1     1    17     8     3    14     0     0    -8.0   46.034 -118.950    696.8    932.7
     1     1    17     8     3    13     0     0    -9.0   46.025 -118.910    706.7    931.1
     1     1    17     8     3    12     0     0   -10.0   46.086 -118.836    709.3    928.1
     1     1    17     8     3    11     0     0   -11.0   46.118 -118.874    716.5    932.3
     1     1    17     8     3    10     0     0   -12.0   46.084 -118.959    726.8    928.2
     1     1    17     8     3     9     0     0   -13.0   46.024 -118.962    731.0    927.5
     1     1    17     8     3     8     0     0   -14.0   45.989 -118.933    739.8    928.4
     1     1    17     8     3     7     0     0   -15.0   45.964 -118.904    748.4    925.0
     1     1    17     8     3     6     0     0   -16.0   45.959 -118.907    751.0    925.9
     1     1    17     8     3     5     0     0   -17.0   45.954 -118.918    751.8    924.9
     1     1    17     8     3     4     0     0   -18.0   45.966 -118.883    742.2    925.8
     1     1    17     8     3     3     0     0   -19.0   46.025 -118.833    746.0    928.5
     1     1    17     8     3     2     0     0   -20.0   46.091 -118.799    753.9    924.2
     1     1    17     8     3     1     0     0   -21.0   46.120 -118.737    757.0    925.3
     1     1    17     8     3     0     0     0   -22.0   46.098 -118.702    766.6    922.7
     1     1    17     8     2    23     0     0   -23.0   46.076 -118.673    752.6    924.3
     1     1    17     8     2    22     0     0   -24.0   46.046 -118.630    727.3    927.9
     1     1    17     8     2    21     0     0   -25.0   46.046 -118.645    721.2    930.8
     1     1    17     8     2    20     0     0   -26.0   46.061 -118.622    724.5    926.8
     1     1    17     8     2    19     0     0   -27.0   46.092 -118.594    718.9    929.4
     1     1    17     8     2    18     0     0   -28.0   46.190 -118.597    720.8    928.5
     1     1    17     8     2    17     0     0   -29.0   46.328 -118.556    725.6    928.8
     1     1    17     8     2    16     0     0   -30.0   46.473 -118.473    717.7    929.1
     1     1    17     8     2    15     0     0   -31.0   46.604 -118.367    688.6    932.6
     1     1    17     8     2    14     0     0   -32.0   46.726 -118.267    716.9    928.0
     1     1    17     8     2    13     0     0   -33.0   46.855 -118.178    722.1    929.9
     1     1    17     8     2    12     0     0   -34.0   46.920 -118.029    747.9    925.9
     1     1    17     8     2    11     0     0   -35.0   46.999 -117.892    744.9    925.2
