     1     1
    SITE    10     3     1     0     0
     1 BACKWARD OMEGA   
    17     8    29     5   46.392 -119.412   700.0
     1 PRESSURE
     1     1    17     8    29     5     0     0     0.0   46.392 -119.412    700.0    931.4
     1     1    17     8    29     4     0     0    -1.0   46.382 -119.351    697.8    931.7
     1     1    17     8    29     3     0     0    -2.0   46.408 -119.239    721.3    929.6
     1     1    17     8    29     2     0     0    -3.0   46.454 -119.129    748.5    925.8
     1     1    17     8    29     1     0     0    -4.0   46.500 -119.050    761.8    924.4
     1     1    17     8    29     0     0     0    -5.0   46.498 -119.029    769.1    923.2
     1     1    17     8    28    23     0     0    -6.0   46.461 -119.039    772.5    922.3
     1     1    17     8    28    22     0     0    -7.0   46.432 -119.024    763.1    923.6
     1     1    17     8    28    21     0     0    -8.0   46.406 -118.989    759.2    925.8
     1     1    17     8    28    20     0     0    -9.0   46.381 -119.016    758.8    923.9
     1     1    17     8    28    19     0     0   -10.0   46.345 -119.056    747.1    926.2
     1     1    17     8    28    18     0     0   -11.0   46.360 -119.106    728.3    927.4
     1     1    17     8    28    17     0     0   -12.0   46.445 -119.197    724.8    928.4
     1     1    17     8    28    16     0     0   -13.0   46.534 -119.244    721.3    929.0
     1     1    17     8    28    15     0     0   -14.0   46.622 -119.262    740.7    927.3
     1     1    17     8    28    14     0     0   -15.0   46.623 -119.271    760.6    924.1
     1     1    17     8    28    13     0     0   -16.0   46.532 -119.283    750.3    925.2
     1     1    17     8    28    12     0     0   -17.0   46.525 -119.247    733.2    927.9
     1     1    17     8    28    11     0     0   -18.0   46.608 -119.200    717.6    929.3
     1     1    17     8    28    10     0     0   -19.0   46.609 -119.203    715.1    929.7
     1     1    17     8    28     9     0     0   -20.0   46.615 -119.223    722.4    929.4
     1     1    17     8    28     8     0     0   -21.0   46.623 -119.252    732.0    927.7
     1     1    17     8    28     7     0     0   -22.0   46.565 -119.227    716.2    929.8
     1     1    17     8    28     6     0     0   -23.0   46.523 -119.230    717.7    929.9
     1     1    17     8    28     5     0     0   -24.0   46.482 -119.204    708.4    927.5
     1     1    17     8    28     4     0     0   -25.0   46.440 -119.137    712.9    930.6
     1     1    17     8    28     3     0     0   -26.0   46.391 -119.176    720.8    926.8
     1     1    17     8    28     2     0     0   -27.0   46.383 -119.205    719.4    929.3
     1     1    17     8    28     1     0     0   -28.0   46.389 -119.159    707.0    930.5
     1     1    17     8    28     0     0     0   -29.0   46.368 -119.099    698.7    931.7
     1     1    17     8    27    23     0     0   -30.0   46.337 -119.039    697.8    932.4
     1     1    17     8    27    22     0     0   -31.0   46.317 -118.971    701.5    931.0
     1     1    17     8    27    21     0     0   -32.0   46.303 -118.910    697.9    930.9
     1     1    17     8    27    20     0     0   -33.0   46.278 -118.884    693.0    932.6
     1     1    17     8    27    19     0     0   -34.0   46.251 -118.886    692.6    932.2
     1     1    17     8    27    18     0     0   -35.0   46.238 -118.877    691.9    932.3
     1     1    17     8    27    17     0     0   -36.0   46.232 -118.855    697.1    932.4
     1     1    17     8    27    16     0     0   -37.0   46.217 -118.817    704.5    930.6
     1     1    17     8    27    15     0     0   -38.0   46.190 -118.750    692.3    930.5
     1     1    17     8    27    14     0     0   -39.0   46.152 -118.672    675.3    936.0
     1     1    17     8    27    13     0     0   -40.0   46.110 -118.595    678.5    934.8
     1     1    17     8    27    12     0     0   -41.0   46.110 -118.529    680.0    932.7
     1     1    17     8    27    11     0     0   -42.0   46.104 -118.480    676.9    933.4
     1     1    17     8    27    10     0     0   -43.0   46.070 -118.432    676.1    934.5
     1     1    17     8    27     9     0     0   -44.0   46.061 -118.373    682.4    934.1
     1     1    17     8    27     8     0     0   -45.0   46.058 -118.307    697.0    932.1
     1     1    17     8    27     7     0     0   -46.0   46.072 -118.243    709.0    929.6
     1     1    17     8    27     6     0     0   -47.0   46.090 -118.231    703.1    930.4
     1     1    17     8    27     5     0     0   -48.0   46.083 -118.239    696.8    932.6
     1     1    17     8    27     4     0     0   -49.0   46.095 -118.202    709.5    931.8
     1     1    17     8    27     3     0     0   -50.0   46.119 -118.132    713.4    928.9
     1     1    17     8    27     2     0     0   -51.0   46.130 -118.056    715.3    930.4
     1     1    17     8    27     1     0     0   -52.0   46.140 -117.993    712.6    928.8
     1     1    17     8    27     0     0     0   -53.0   46.133 -117.943    709.6    931.4
     1     1    17     8    26    23     0     0   -54.0   46.144 -117.895    715.2    929.8
