     1     1
    SITE    10     3     1     0     0
     1 BACKWARD OMEGA   
    17     8     8    14   46.392 -119.412   700.0
     1 PRESSURE
     1     1    17     8     8    14     0     0     0.0   46.392 -119.412    700.0    931.4
     1     1    17     8     8    13     0     0    -1.0   46.349 -119.327    680.2    933.8
     1     1    17     8     8    12     0     0    -2.0   46.326 -119.241    678.3    934.4
     1     1    17     8     8    11     0     0    -3.0   46.341 -119.148    684.0    933.0
     1     1    17     8     8    10     0     0    -4.0   46.366 -119.062    687.1    934.0
     1     1    17     8     8     9     0     0    -5.0   46.372 -118.990    697.7    931.6
     1     1    17     8     8     8     0     0    -6.0   46.368 -118.939    697.3    931.2
     1     1    17     8     8     7     0     0    -7.0   46.367 -118.901    695.9    932.2
     1     1    17     8     8     6     0     0    -8.0   46.353 -118.879    693.6    931.7
     1     1    17     8     8     5     0     0    -9.0   46.326 -118.869    681.7    932.9
     1     1    17     8     8     4     0     0   -10.0   46.324 -118.839    681.3    935.6
     1     1    17     8     8     3     0     0   -11.0   46.339 -118.795    689.5    931.7
     1     1    17     8     8     2     0     0   -12.0   46.330 -118.786    688.3    932.4
     1     1    17     8     8     1     0     0   -13.0   46.303 -118.800    685.3    933.3
     1     1    17     8     8     0     0     0   -14.0   46.256 -118.806    682.1    933.4
     1     1    17     8     7    23     0     0   -15.0   46.205 -118.827    679.6    934.1
     1     1    17     8     7    22     0     0   -16.0   46.175 -118.878    674.9    934.1
     1     1    17     8     7    21     0     0   -17.0   46.147 -118.903    672.3    935.5
     1     1    17     8     7    20     0     0   -18.0   46.104 -118.899    675.3    934.0
     1     1    17     8     7    19     0     0   -19.0   46.039 -118.895    683.4    934.3
     1     1    17     8     7    18     0     0   -20.0   45.956 -118.869    707.5    931.2
     1     1    17     8     7    17     0     0   -21.0   45.864 -118.831    726.8    927.8
     1     1    17     8     7    16     0     0   -22.0   45.773 -118.779    727.7    928.0
     1     1    17     8     7    15     0     0   -23.0   45.693 -118.698    721.6    929.5
     1     1    17     8     7    14     0     0   -24.0   45.617 -118.627    728.0    928.3
     1     1    17     8     7    13     0     0   -25.0   45.549 -118.567    747.2    925.8
     1     1    17     8     7    12     0     0   -26.0   45.492 -118.536    752.9    925.3
     1     1    17     8     7    11     0     0   -27.0   45.480 -118.502    755.1    925.2
     1     1    17     8     7    10     0     0   -28.0   45.510 -118.429    757.1    923.7
     1     1    17     8     7     9     0     0   -29.0   45.549 -118.351    736.4    925.8
     1     1    17     8     7     8     0     0   -30.0   45.573 -118.264    726.8    930.7
     1     1    17     8     7     7     0     0   -31.0   45.570 -118.194    733.1    927.4
     1     1    17     8     7     6     0     0   -32.0   45.556 -118.177    733.0    927.4
     1     1    17     8     7     5     0     0   -33.0   45.551 -118.141    735.3    928.0
     1     1    17     8     7     4     0     0   -34.0   45.530 -118.087    738.6    925.9
     1     1    17     8     7     3     0     0   -35.0   45.504 -118.041    745.1    927.2
     1     1    17     8     7     2     0     0   -36.0   45.487 -118.007    753.7    924.6
     1     1    17     8     7     1     0     0   -37.0   45.445 -117.974    758.4    924.5
     1     1    17     8     7     0     0     0   -38.0   45.400 -117.910    753.5    925.1
