     1     1
    SITE    10     3     1     0     0
     1 BACKWARD OMEGA   
    17     8    22    14   46.392 -119.412   700.0
     1 PRESSURE
     1     1    17     8    22    14     0     0     0.0   46.392 -119.412    700.0    931.4
     1     1    17     8    22    13     0     0    -1.0   46.366 -119.357    700.7    931.3
     1     1    17     8    22    12     0     0    -2.0   46.323 -119.317    703.7    930.5
     1     1    17     8    22    11     0     0    -3.0   46.285 -119.256    703.0    931.1
     1     1    17     8    22    10     0     0    -4.0   46.240 -119.190    705.4    931.0
     1     1    17     8    22     9     0     0    -5.0   46.184 -119.138    711.6    930.3
     1     1    17     8    22     8     0     0    -6.0   46.126 -119.102    718.7    929.1
     1     1    17     8    22     7     0     0    -7.0   46.089 -119.089    723.0    928.6
     1     1    17     8    22     6     0     0    -8.0   46.070 -119.064    727.0    928.8
     1     1    17     8    22     5     0     0    -9.0   46.067 -118.998    736.1    927.5
     1     1    17     8    22     4     0     0   -10.0   46.095 -118.935    737.3    926.2
     1     1    17     8    22     3     0     0   -11.0   46.141 -118.891    741.3    927.9
     1     1    17     8    22     2     0     0   -12.0   46.164 -118.851    752.1    924.9
     1     1    17     8    22     1     0     0   -13.0   46.149 -118.831    757.1    924.8
     1     1    17     8    22     0     0     0   -14.0   46.130 -118.794    762.0    924.2
     1     1    17     8    21    23     0     0   -15.0   46.140 -118.736    760.5    923.9
     1     1    17     8    21    22     0     0   -16.0   46.156 -118.753    755.0    925.3
     1     1    17     8    21    21     0     0   -17.0   46.153 -118.821    758.9    924.9
     1     1    17     8    21    20     0     0   -18.0   46.122 -118.853    761.4    924.0
     1     1    17     8    21    19     0     0   -19.0   46.120 -118.871    756.3    924.9
     1     1    17     8    21    18     0     0   -20.0   46.188 -118.914    756.7    924.1
     1     1    17     8    21    17     0     0   -21.0   46.219 -118.989    745.6    925.5
     1     1    17     8    21    16     0     0   -22.0   46.245 -119.061    732.5    928.0
     1     1    17     8    21    15     0     0   -23.0   46.248 -119.088    735.0    928.0
     1     1    17     8    21    14     0     0   -24.0   46.188 -119.091    729.2    929.3
     1     1    17     8    21    13     0     0   -25.0   46.170 -119.036    725.8    927.7
     1     1    17     8    21    12     0     0   -26.0   46.160 -118.953    724.1    929.2
     1     1    17     8    21    11     0     0   -27.0   46.138 -118.860    741.2    925.9
     1     1    17     8    21    10     0     0   -28.0   46.153 -118.784    737.0    926.8
     1     1    17     8    21     9     0     0   -29.0   46.170 -118.745    729.5    928.9
     1     1    17     8    21     8     0     0   -30.0   46.167 -118.692    731.3    928.0
     1     1    17     8    21     7     0     0   -31.0   46.163 -118.622    731.5    927.6
     1     1    17     8    21     6     0     0   -32.0   46.171 -118.567    731.9    927.9
     1     1    17     8    21     5     0     0   -33.0   46.176 -118.536    730.1    927.8
     1     1    17     8    21     4     0     0   -34.0   46.161 -118.528    728.5    928.3
     1     1    17     8    21     3     0     0   -35.0   46.130 -118.500    720.7    928.3
     1     1    17     8    21     2     0     0   -36.0   46.099 -118.479    712.0    930.4
     1     1    17     8    21     1     0     0   -37.0   46.082 -118.452    709.2    930.7
     1     1    17     8    21     0     0     0   -38.0   46.049 -118.416    709.2    930.5
     1     1    17     8    20    23     0     0   -39.0   46.001 -118.423    706.2    930.3
     1     1    17     8    20    22     0     0   -40.0   46.007 -118.451    704.4    931.3
     1     1    17     8    20    21     0     0   -41.0   46.049 -118.467    682.6    933.6
     1     1    17     8    20    20     0     0   -42.0   46.049 -118.462    661.9    937.4
     1     1    17     8    20    19     0     0   -43.0   46.011 -118.438    653.2    938.4
     1     1    17     8    20    18     0     0   -44.0   45.976 -118.336    652.1    936.2
     1     1    17     8    20    17     0     0   -45.0   45.943 -118.176    623.8    941.1
     1     1    17     8    20    16     0     0   -46.0   45.924 -118.007    649.6    937.9
