     1     1
    SITE    10     3     1     0     0
     1 BACKWARD OMEGA   
    17     8    16     4   46.392 -119.412   700.0
     1 PRESSURE
     1     1    17     8    16     4     0     0     0.0   46.392 -119.412    700.0    931.4
     1     1    17     8    16     3     0     0    -1.0   46.310 -119.391    706.5    930.7
     1     1    17     8    16     2     0     0    -2.0   46.227 -119.388    712.3    930.0
     1     1    17     8    16     1     0     0    -3.0   46.170 -119.379    708.5    930.2
     1     1    17     8    16     0     0     0    -4.0   46.136 -119.369    699.0    931.6
     1     1    17     8    15    23     0     0    -5.0   46.116 -119.339    700.6    932.5
     1     1    17     8    15    22     0     0    -6.0   46.125 -119.348    703.2    930.4
     1     1    17     8    15    21     0     0    -7.0   46.089 -119.382    712.8    933.8
     1     1    17     8    15    20     0     0    -8.0   45.985 -119.386    688.2    932.6
     1     1    17     8    15    19     0     0    -9.0   45.878 -119.368    686.5    932.6
     1     1    17     8    15    18     0     0   -10.0   45.785 -119.294    679.4    933.1
     1     1    17     8    15    17     0     0   -11.0   45.689 -119.176    672.1    934.6
     1     1    17     8    15    16     0     0   -12.0   45.590 -119.049    675.0    935.4
     1     1    17     8    15    15     0     0   -13.0   45.498 -118.969    711.7    929.6
     1     1    17     8    15    14     0     0   -14.0   45.438 -118.875    718.5    929.0
