     1     1
    SITE    10     3     1     0     0
     1 BACKWARD OMEGA   
    17     8     9     3   46.392 -119.412   700.0
     1 PRESSURE
     1     1    17     8     9     3     0     0     0.0   46.392 -119.412    700.0    931.4
     1     1    17     8     9     2     0     0    -1.0   46.351 -119.416    692.8    932.3
     1     1    17     8     9     1     0     0    -2.0   46.363 -119.363    680.7    932.6
     1     1    17     8     9     0     0     0    -3.0   46.358 -119.318    670.4    934.7
     1     1    17     8     8    23     0     0    -4.0   46.299 -119.327    661.8    936.0
     1     1    17     8     8    22     0     0    -5.0   46.276 -119.315    657.3    936.9
     1     1    17     8     8    21     0     0    -6.0   46.270 -119.298    654.3    937.0
     1     1    17     8     8    20     0     0    -7.0   46.260 -119.344    659.1    937.0
     1     1    17     8     8    19     0     0    -8.0   46.251 -119.366    662.1    935.1
     1     1    17     8     8    18     0     0    -9.0   46.264 -119.298    668.8    936.0
     1     1    17     8     8    17     0     0   -10.0   46.304 -119.206    676.7    933.7
     1     1    17     8     8    16     0     0   -11.0   46.355 -119.107    682.5    933.8
     1     1    17     8     8    15     0     0   -12.0   46.380 -118.992    689.3    932.4
     1     1    17     8     8    14     0     0   -13.0   46.361 -118.879    694.2    932.4
     1     1    17     8     8    13     0     0   -14.0   46.321 -118.793    701.6    931.1
     1     1    17     8     8    12     0     0   -15.0   46.302 -118.708    703.0    930.9
     1     1    17     8     8    11     0     0   -16.0   46.321 -118.614    697.1    931.2
     1     1    17     8     8    10     0     0   -17.0   46.346 -118.526    686.6    934.2
     1     1    17     8     8     9     0     0   -18.0   46.352 -118.454    683.1    933.1
     1     1    17     8     8     8     0     0   -19.0   46.348 -118.403    679.1    934.8
     1     1    17     8     8     7     0     0   -20.0   46.347 -118.366    680.6    933.5
     1     1    17     8     8     6     0     0   -21.0   46.332 -118.344    678.5    933.7
     1     1    17     8     8     5     0     0   -22.0   46.306 -118.335    672.9    934.5
     1     1    17     8     8     4     0     0   -23.0   46.304 -118.304    679.3    935.4
     1     1    17     8     8     3     0     0   -24.0   46.319 -118.258    688.5    932.5
     1     1    17     8     8     2     0     0   -25.0   46.310 -118.250    689.0    932.2
     1     1    17     8     8     1     0     0   -26.0   46.283 -118.264    689.6    933.1
     1     1    17     8     8     0     0     0   -27.0   46.236 -118.271    697.4    932.1
     1     1    17     8     7    23     0     0   -28.0   46.186 -118.294    699.4    930.3
     1     1    17     8     7    22     0     0   -29.0   46.156 -118.344    690.6    932.3
     1     1    17     8     7    21     0     0   -30.0   46.128 -118.368    691.8    933.7
     1     1    17     8     7    20     0     0   -31.0   46.084 -118.364    702.6    930.9
     1     1    17     8     7    19     0     0   -32.0   46.018 -118.356    700.1    929.9
     1     1    17     8     7    18     0     0   -33.0   45.935 -118.329    696.9    931.0
     1     1    17     8     7    17     0     0   -34.0   45.847 -118.291    674.0    934.6
     1     1    17     8     7    16     0     0   -35.0   45.755 -118.239    665.3    936.0
     1     1    17     8     7    15     0     0   -36.0   45.673 -118.155    680.1    934.1
     1     1    17     8     7    14     0     0   -37.0   45.599 -118.083    694.4    932.0
     1     1    17     8     7    13     0     0   -38.0   45.531 -118.023    703.2    931.0
     1     1    17     8     7    12     0     0   -39.0   45.476 -117.991    713.9    930.0
     1     1    17     8     7    11     0     0   -40.0   45.465 -117.956    733.9    928.2
