     1     1
    SITE    10     3     1     0     0
     1 BACKWARD OMEGA   
    17     8     7    12   46.392 -119.412   700.0
     1 PRESSURE
     1     1    17     8     7    12     0     0     0.0   46.392 -119.412    700.0    931.4
     1     1    17     8     7    11     0     0    -1.0   46.380 -119.376    706.7    930.7
     1     1    17     8     7    10     0     0    -2.0   46.411 -119.300    713.5    927.8
     1     1    17     8     7     9     0     0    -3.0   46.449 -119.220    716.9    931.2
     1     1    17     8     7     8     0     0    -4.0   46.471 -119.128    729.0    927.6
     1     1    17     8     7     7     0     0    -5.0   46.469 -119.055    728.3    928.3
     1     1    17     8     7     6     0     0    -6.0   46.455 -119.038    728.9    927.6
     1     1    17     8     7     5     0     0    -7.0   46.449 -119.000    723.1    928.2
     1     1    17     8     7     4     0     0    -8.0   46.427 -118.944    719.0    930.4
     1     1    17     8     7     3     0     0    -9.0   46.400 -118.898    714.3    929.5
     1     1    17     8     7     2     0     0   -10.0   46.383 -118.863    708.2    930.7
     1     1    17     8     7     1     0     0   -11.0   46.341 -118.829    716.4    930.7
     1     1    17     8     7     0     0     0   -12.0   46.296 -118.763    724.2    927.5
     1     1    17     8     6    23     0     0   -13.0   46.265 -118.688    721.8    928.7
     1     1    17     8     6    22     0     0   -14.0   46.277 -118.617    702.7    929.4
     1     1    17     8     6    21     0     0   -15.0   46.282 -118.620    700.4    933.3
     1     1    17     8     6    20     0     0   -16.0   46.247 -118.648    702.8    931.4
     1     1    17     8     6    19     0     0   -17.0   46.253 -118.619    700.9    930.5
     1     1    17     8     6    18     0     0   -18.0   46.272 -118.641    701.2    932.2
     1     1    17     8     6    17     0     0   -19.0   46.269 -118.731    696.2    931.5
     1     1    17     8     6    16     0     0   -20.0   46.296 -118.746    698.6    932.6
     1     1    17     8     6    15     0     0   -21.0   46.307 -118.669    699.3    932.4
     1     1    17     8     6    14     0     0   -22.0   46.319 -118.585    690.1    930.8
     1     1    17     8     6    13     0     0   -23.0   46.324 -118.509    675.2    935.8
     1     1    17     8     6    12     0     0   -24.0   46.285 -118.436    677.6    934.2
     1     1    17     8     6    11     0     0   -25.0   46.242 -118.380    678.6    933.4
     1     1    17     8     6    10     0     0   -26.0   46.226 -118.324    676.3    934.7
     1     1    17     8     6     9     0     0   -27.0   46.242 -118.251    677.2    931.9
     1     1    17     8     6     8     0     0   -28.0   46.236 -118.175    683.7    936.2
     1     1    17     8     6     7     0     0   -29.0   46.260 -118.086    710.1    928.6
     1     1    17     8     6     6     0     0   -30.0   46.285 -118.002    710.4    930.6
     1     1    17     8     6     5     0     0   -31.0   46.263 -117.954    721.1    928.8
     1     1    17     8     6     4     0     0   -32.0   46.240 -117.953    715.0    927.7
     1     1    17     8     6     3     0     0   -33.0   46.208 -117.956    706.0    932.1
     1     1    17     8     6     2     0     0   -34.0   46.183 -117.928    712.7    929.8
