     1     1
    SITE    10     3     1     0     0
     1 BACKWARD OMEGA   
    17     8     5    21   46.392 -119.412   700.0
     1 PRESSURE
     1     1    17     8     5    21     0     0     0.0   46.392 -119.412    700.0    931.4
     1     1    17     8     5    20     0     0    -1.0   46.337 -119.426    695.5    931.9
     1     1    17     8     5    19     0     0    -2.0   46.264 -119.474    681.0    933.7
     1     1    17     8     5    18     0     0    -3.0   46.196 -119.476    668.9    934.9
     1     1    17     8     5    17     0     0    -4.0   46.186 -119.404    657.2    936.4
     1     1    17     8     5    16     0     0    -5.0   46.228 -119.289    650.9    938.1
     1     1    17     8     5    15     0     0    -6.0   46.276 -119.165    655.0    936.5
     1     1    17     8     5    14     0     0    -7.0   46.324 -119.048    664.2    936.3
     1     1    17     8     5    13     0     0    -8.0   46.362 -118.931    682.2    933.6
     1     1    17     8     5    12     0     0    -9.0   46.422 -118.840    693.5    931.6
     1     1    17     8     5    11     0     0   -10.0   46.511 -118.758    684.3    932.5
     1     1    17     8     5    10     0     0   -11.0   46.601 -118.718    664.7    935.1
     1     1    17     8     5     9     0     0   -12.0   46.614 -118.724    660.6    937.1
     1     1    17     8     5     8     0     0   -13.0   46.564 -118.700    676.6    932.5
     1     1    17     8     5     7     0     0   -14.0   46.522 -118.676    677.0    933.7
     1     1    17     8     5     6     0     0   -15.0   46.479 -118.660    676.0    934.8
     1     1    17     8     5     5     0     0   -16.0   46.481 -118.615    679.0    934.0
     1     1    17     8     5     4     0     0   -17.0   46.517 -118.542    665.9    934.4
     1     1    17     8     5     3     0     0   -18.0   46.517 -118.488    655.3    937.7
     1     1    17     8     5     2     0     0   -19.0   46.478 -118.463    657.3    937.0
     1     1    17     8     5     1     0     0   -20.0   46.445 -118.431    661.1    935.8
     1     1    17     8     5     0     0     0   -21.0   46.459 -118.386    665.4    935.8
     1     1    17     8     4    23     0     0   -22.0   46.517 -118.340    656.8    934.5
     1     1    17     8     4    22     0     0   -23.0   46.547 -118.276    652.6    939.1
     1     1    17     8     4    21     0     0   -24.0   46.542 -118.274    648.7    934.8
     1     1    17     8     4    20     0     0   -25.0   46.560 -118.340    640.2    940.8
     1     1    17     8     4    19     0     0   -26.0   46.566 -118.333    651.6    937.9
     1     1    17     8     4    18     0     0   -27.0   46.587 -118.249    668.3    934.7
     1     1    17     8     4    17     0     0   -28.0   46.658 -118.137    663.7    935.5
     1     1    17     8     4    16     0     0   -29.0   46.727 -118.011    663.4    936.3
     1     1    17     8     4    15     0     0   -30.0   46.762 -117.905    673.0    934.6
