     1     1
    SITE    10     3     1     0     0
     1 BACKWARD OMEGA   
    17     8    28     8   46.392 -119.412   700.0
     1 PRESSURE
     1     1    17     8    28     8     0     0     0.0   46.392 -119.412    700.0    931.4
     1     1    17     8    28     7     0     0    -1.0   46.332 -119.388    717.3    929.4
     1     1    17     8    28     6     0     0    -2.0   46.287 -119.391    718.2    929.4
     1     1    17     8    28     5     0     0    -3.0   46.242 -119.367    734.3    928.3
     1     1    17     8    28     4     0     0    -4.0   46.199 -119.300    743.7    926.4
     1     1    17     8    28     3     0     0    -5.0   46.151 -119.337    748.6    925.3
     1     1    17     8    28     2     0     0    -6.0   46.143 -119.364    749.8    926.7
     1     1    17     8    28     1     0     0    -7.0   46.149 -119.318    755.8    924.4
     1     1    17     8    28     0     0     0    -8.0   46.127 -119.260    766.2    925.1
     1     1    17     8    27    23     0     0    -9.0   46.095 -119.200    781.8    921.4
     1     1    17     8    27    22     0     0   -10.0   46.075 -119.132    798.7    921.2
     1     1    17     8    27    21     0     0   -11.0   46.062 -119.072    819.7    917.8
     1     1    17     8    27    20     0     0   -12.0   46.036 -119.046    830.1    916.0
     1     1    17     8    27    19     0     0   -13.0   46.009 -119.048    834.0    916.3
     1     1    17     8    27    18     0     0   -14.0   45.996 -119.039    836.6    916.1
     1     1    17     8    27    17     0     0   -15.0   45.991 -119.018    840.1    915.6
     1     1    17     8    27    16     0     0   -16.0   45.977 -118.981    836.8    915.6
     1     1    17     8    27    15     0     0   -17.0   45.950 -118.915    824.0    917.4
     1     1    17     8    27    14     0     0   -18.0   45.911 -118.837    819.2    918.6
     1     1    17     8    27    13     0     0   -19.0   45.871 -118.759    817.3    918.0
     1     1    17     8    27    12     0     0   -20.0   45.872 -118.693    817.4    918.7
     1     1    17     8    27    11     0     0   -21.0   45.865 -118.643    821.3    918.5
     1     1    17     8    27    10     0     0   -22.0   45.830 -118.595    838.5    916.5
     1     1    17     8    27     9     0     0   -23.0   45.820 -118.539    860.1    913.2
     1     1    17     8    27     8     0     0   -24.0   45.817 -118.476    872.0    911.8
     1     1    17     8    27     7     0     0   -25.0   45.830 -118.413    885.5    911.6
     1     1    17     8    27     6     0     0   -26.0   45.847 -118.402    893.6    909.8
     1     1    17     8    27     5     0     0   -27.0   45.841 -118.410    891.9    909.7
     1     1    17     8    27     4     0     0   -28.0   45.853 -118.371    885.6    911.0
     1     1    17     8    27     3     0     0   -29.0   45.878 -118.302    897.1    911.2
     1     1    17     8    27     2     0     0   -30.0   45.890 -118.225    899.8    907.7
     1     1    17     8    27     1     0     0   -31.0   45.900 -118.161    896.6    911.1
     1     1    17     8    27     0     0     0   -32.0   45.893 -118.112    903.4    909.2
     1     1    17     8    26    23     0     0   -33.0   45.903 -118.065    905.4    908.6
     1     1    17     8    26    22     0     0   -34.0   45.939 -118.011    904.7    909.0
     1     1    17     8    26    21     0     0   -35.0   45.949 -118.002    893.5    909.0
     1     1    17     8    26    20     0     0   -36.0   45.934 -118.033    880.1    911.4
     1     1    17     8    26    19     0     0   -37.0   45.923 -118.007    875.1    913.2
     1     1    17     8    26    18     0     0   -38.0   45.952 -117.948    878.8    911.1
     1     1    17     8    26    17     0     0   -39.0   46.017 -117.897    858.1    913.2
