     1     1
    SITE    10     3     1     0     0
     1 BACKWARD OMEGA   
    17     8    14    16   46.392 -119.412   700.0
     1 PRESSURE
     1     1    17     8    14    16     0     0     0.0   46.392 -119.412    700.0    931.4
     1     1    17     8    14    15     0     0    -1.0   46.326 -119.258    695.1    931.9
     1     1    17     8    14    14     0     0    -2.0   46.262 -119.209    673.7    935.0
     1     1    17     8    14    13     0     0    -3.0   46.174 -119.168    706.2    931.7
     1     1    17     8    14    12     0     0    -4.0   46.069 -119.051    697.2    931.8
     1     1    17     8    14    11     0     0    -5.0   45.946 -119.009    726.1    929.9
     1     1    17     8    14    10     0     0    -6.0   45.832 -119.008    753.8    924.2
     1     1    17     8    14     9     0     0    -7.0   45.736 -118.996    755.2    926.3
     1     1    17     8    14     8     0     0    -8.0   45.653 -118.984    778.3    922.4
     1     1    17     8    14     7     0     0    -9.0   45.573 -118.958    799.5    919.3
     1     1    17     8    14     6     0     0   -10.0   45.485 -118.944    789.0    921.2
     1     1    17     8    14     5     0     0   -11.0   45.399 -118.935    761.4    924.3
