     1     1
    SITE    10     3     1     0     0
     1 BACKWARD OMEGA   
    17     8    14    18   46.392 -119.412   700.0
     1 PRESSURE
     1     1    17     8    14    18     0     0     0.0   46.392 -119.412    700.0    931.4
     1     1    17     8    14    17     0     0    -1.0   46.300 -119.270    682.8    933.5
     1     1    17     8    14    16     0     0    -2.0   46.206 -119.129    669.4    934.4
     1     1    17     8    14    15     0     0    -3.0   46.137 -118.976    661.5    936.1
     1     1    17     8    14    14     0     0    -4.0   46.071 -118.927    653.9    937.0
     1     1    17     8    14    13     0     0    -5.0   45.982 -118.893    658.5    936.8
     1     1    17     8    14    12     0     0    -6.0   45.876 -118.778    666.3    934.7
     1     1    17     8    14    11     0     0    -7.0   45.756 -118.743    637.7    939.2
     1     1    17     8    14    10     0     0    -8.0   45.642 -118.740    627.3    940.7
     1     1    17     8    14     9     0     0    -9.0   45.549 -118.728    618.4    940.5
     1     1    17     8    14     8     0     0   -10.0   45.466 -118.713    605.5    942.9
