     1     1
    SITE    10     3     1     0     0
     1 BACKWARD OMEGA   
    17     8    11    14   46.392 -119.412   700.0
     1 PRESSURE
     1     1    17     8    11    14     0     0     0.0   46.392 -119.412    700.0    931.4
     1     1    17     8    11    13     0     0    -1.0   46.359 -119.314    694.5    932.0
     1     1    17     8    11    12     0     0    -2.0   46.309 -119.240    690.3    933.1
     1     1    17     8    11    11     0     0    -3.0   46.265 -119.180    706.2    930.7
     1     1    17     8    11    10     0     0    -4.0   46.259 -119.107    706.3    929.3
     1     1    17     8    11     9     0     0    -5.0   46.288 -119.020    692.4    931.5
     1     1    17     8    11     8     0     0    -6.0   46.332 -118.926    665.1    935.4
     1     1    17     8    11     7     0     0    -7.0   46.389 -118.848    661.4    938.8
     1     1    17     8    11     6     0     0    -8.0   46.441 -118.787    681.8    932.6
     1     1    17     8    11     5     0     0    -9.0   46.431 -118.760    694.7    932.1
     1     1    17     8    11     4     0     0   -10.0   46.391 -118.793    691.4    935.0
     1     1    17     8    11     3     0     0   -11.0   46.352 -118.822    699.4    930.4
     1     1    17     8    11     2     0     0   -12.0   46.315 -118.782    698.1    931.6
     1     1    17     8    11     1     0     0   -13.0   46.293 -118.732    696.7    931.8
     1     1    17     8    11     0     0     0   -14.0   46.271 -118.704    697.4    931.8
     1     1    17     8    10    23     0     0   -15.0   46.232 -118.693    702.4    931.7
     1     1    17     8    10    22     0     0   -16.0   46.196 -118.738    699.8    930.0
     1     1    17     8    10    21     0     0   -17.0   46.186 -118.761    698.6    931.6
     1     1    17     8    10    20     0     0   -18.0   46.196 -118.767    695.2    931.6
     1     1    17     8    10    19     0     0   -19.0   46.188 -118.830    696.6    931.7
     1     1    17     8    10    18     0     0   -20.0   46.179 -118.799    705.9    932.4
     1     1    17     8    10    17     0     0   -21.0   46.213 -118.666    710.2    929.9
     1     1    17     8    10    16     0     0   -22.0   46.256 -118.531    699.6    931.9
     1     1    17     8    10    15     0     0   -23.0   46.293 -118.398    672.3    934.4
     1     1    17     8    10    14     0     0   -24.0   46.330 -118.273    658.0    936.0
     1     1    17     8    10    13     0     0   -25.0   46.364 -118.166    646.3    937.7
     1     1    17     8    10    12     0     0   -26.0   46.380 -118.069    637.2    939.3
     1     1    17     8    10    11     0     0   -27.0   46.407 -117.990    634.8    939.0
     1     1    17     8    10    10     0     0   -28.0   46.420 -117.930    632.5    939.9
