     1     1
    SITE    10     3     1     0     0
     1 BACKWARD OMEGA   
    17     8     7     7   46.392 -119.412   700.0
     1 PRESSURE
     1     1    17     8     7     7     0     0     0.0   46.392 -119.412    700.0    931.4
     1     1    17     8     7     6     0     0    -1.0   46.377 -119.396    703.3    931.0
     1     1    17     8     7     5     0     0    -2.0   46.373 -119.361    706.6    930.9
     1     1    17     8     7     4     0     0    -3.0   46.352 -119.306    703.9    930.4
     1     1    17     8     7     3     0     0    -4.0   46.327 -119.261    696.2    933.5
     1     1    17     8     7     2     0     0    -5.0   46.310 -119.226    706.4    930.5
     1     1    17     8     7     1     0     0    -6.0   46.267 -119.192    709.6    930.0
     1     1    17     8     7     0     0     0    -7.0   46.221 -119.126    713.9    929.6
     1     1    17     8     6    23     0     0    -8.0   46.189 -119.049    721.8    929.3
     1     1    17     8     6    22     0     0    -9.0   46.202 -118.976    733.9    927.1
     1     1    17     8     6    21     0     0   -10.0   46.208 -118.979    736.6    925.8
     1     1    17     8     6    20     0     0   -11.0   46.171 -119.008    743.3    926.8
     1     1    17     8     6    19     0     0   -12.0   46.178 -118.978    753.4    925.3
     1     1    17     8     6    18     0     0   -13.0   46.197 -118.997    751.2    924.5
     1     1    17     8     6    17     0     0   -14.0   46.191 -119.087    750.1    928.0
     1     1    17     8     6    16     0     0   -15.0   46.217 -119.101    768.1    923.7
     1     1    17     8     6    15     0     0   -16.0   46.228 -119.025    769.6    922.6
     1     1    17     8     6    14     0     0   -17.0   46.240 -118.942    759.3    925.1
     1     1    17     8     6    13     0     0   -18.0   46.245 -118.867    764.1    925.9
     1     1    17     8     6    12     0     0   -19.0   46.207 -118.795    762.8    924.3
     1     1    17     8     6    11     0     0   -20.0   46.163 -118.738    762.7    924.2
     1     1    17     8     6    10     0     0   -21.0   46.147 -118.679    771.8    923.7
     1     1    17     8     6     9     0     0   -22.0   46.163 -118.605    772.1    922.2
     1     1    17     8     6     8     0     0   -23.0   46.158 -118.531    765.5    924.3
     1     1    17     8     6     7     0     0   -24.0   46.182 -118.444    772.3    923.8
     1     1    17     8     6     6     0     0   -25.0   46.207 -118.360    791.8    920.7
     1     1    17     8     6     5     0     0   -26.0   46.186 -118.312    794.2    920.6
     1     1    17     8     6     4     0     0   -27.0   46.162 -118.313    792.0    920.7
     1     1    17     8     6     3     0     0   -28.0   46.129 -118.317    795.3    921.3
     1     1    17     8     6     2     0     0   -29.0   46.105 -118.290    796.7    920.3
     1     1    17     8     6     1     0     0   -30.0   46.066 -118.263    811.4    920.4
     1     1    17     8     6     0     0     0   -31.0   46.015 -118.268    825.5    916.8
     1     1    17     8     5    23     0     0   -32.0   46.029 -118.246    815.2    918.0
     1     1    17     8     5    22     0     0   -33.0   46.061 -118.191    814.2    918.9
     1     1    17     8     5    21     0     0   -34.0   46.043 -118.161    819.5    918.3
     1     1    17     8     5    20     0     0   -35.0   45.988 -118.174    834.9    917.0
     1     1    17     8     5    19     0     0   -36.0   45.914 -118.221    856.9    913.8
     1     1    17     8     5    18     0     0   -37.0   45.848 -118.223    850.5    914.3
     1     1    17     8     5    17     0     0   -38.0   45.838 -118.152    856.4    914.8
     1     1    17     8     5    16     0     0   -39.0   45.879 -118.038    884.3    910.7
     1     1    17     8     5    15     0     0   -40.0   45.924 -117.916    897.7    909.0
