     1     1
    SITE    10     3     1     0     0
     1 BACKWARD OMEGA   
    17     8     4     2   46.392 -119.412   700.0
     1 PRESSURE
     1     1    17     8     4     2     0     0     0.0   46.392 -119.412    700.0    931.4
     1     1    17     8     4     1     0     0    -1.0   46.334 -119.415    684.4    933.3
     1     1    17     8     4     0     0     0    -2.0   46.279 -119.406    677.2    934.8
     1     1    17     8     3    23     0     0    -3.0   46.221 -119.409    676.0    934.4
     1     1    17     8     3    22     0     0    -4.0   46.154 -119.419    690.2    932.9
     1     1    17     8     3    21     0     0    -5.0   46.080 -119.382    712.5    929.2
     1     1    17     8     3    20     0     0    -6.0   45.987 -119.363    732.8    927.8
     1     1    17     8     3    19     0     0    -7.0   45.887 -119.382    730.1    927.3
     1     1    17     8     3    18     0     0    -8.0   45.792 -119.357    735.0    927.8
     1     1    17     8     3    17     0     0    -9.0   45.752 -119.254    743.4    925.6
     1     1    17     8     3    16     0     0   -10.0   45.788 -119.127    752.7    926.1
     1     1    17     8     3    15     0     0   -11.0   45.831 -119.022    782.9    921.5
     1     1    17     8     3    14     0     0   -12.0   45.806 -118.965    786.3    921.3
     1     1    17     8     3    13     0     0   -13.0   45.799 -118.924    766.8    923.9
     1     1    17     8     3    12     0     0   -14.0   45.861 -118.849    772.2    925.0
     1     1    17     8     3    11     0     0   -15.0   45.893 -118.888    787.0    921.2
     1     1    17     8     3    10     0     0   -16.0   45.861 -118.971    764.4    923.6
     1     1    17     8     3     9     0     0   -17.0   45.800 -118.972    758.1    925.6
     1     1    17     8     3     8     0     0   -18.0   45.764 -118.942    772.2    922.3
     1     1    17     8     3     7     0     0   -19.0   45.739 -118.911    776.5    922.7
     1     1    17     8     3     6     0     0   -20.0   45.735 -118.915    776.6    922.3
     1     1    17     8     3     5     0     0   -21.0   45.730 -118.926    778.2    922.9
     1     1    17     8     3     4     0     0   -22.0   45.743 -118.890    769.1    922.4
     1     1    17     8     3     3     0     0   -23.0   45.801 -118.839    772.8    924.5
     1     1    17     8     3     2     0     0   -24.0   45.867 -118.807    793.3    920.8
     1     1    17     8     3     1     0     0   -25.0   45.895 -118.745    812.2    918.6
     1     1    17     8     3     0     0     0   -26.0   45.874 -118.712    816.6    918.1
     1     1    17     8     2    23     0     0   -27.0   45.852 -118.685    815.5    916.6
     1     1    17     8     2    22     0     0   -28.0   45.822 -118.644    810.3    920.4
     1     1    17     8     2    21     0     0   -29.0   45.821 -118.659    803.6    919.1
     1     1    17     8     2    20     0     0   -30.0   45.837 -118.635    797.5    920.6
     1     1    17     8     2    19     0     0   -31.0   45.867 -118.608    797.0    921.7
     1     1    17     8     2    18     0     0   -32.0   45.966 -118.611    809.5    919.3
     1     1    17     8     2    17     0     0   -33.0   46.103 -118.566    829.7    916.9
     1     1    17     8     2    16     0     0   -34.0   46.250 -118.482    817.0    918.1
     1     1    17     8     2    15     0     0   -35.0   46.385 -118.374    803.9    919.4
     1     1    17     8     2    14     0     0   -36.0   46.510 -118.273    799.1    920.3
     1     1    17     8     2    13     0     0   -37.0   46.637 -118.183    775.5    922.5
     1     1    17     8     2    12     0     0   -38.0   46.699 -118.027    747.0    926.3
     1     1    17     8     2    11     0     0   -39.0   46.778 -117.887    759.3    924.8
