     1     1
    SITE    10     3     1     0     0
     1 BACKWARD OMEGA   
    17     8    16     2   46.392 -119.412   700.0
     1 PRESSURE
     1     1    17     8    16     2     0     0     0.0   46.392 -119.412    700.0    931.4
     1     1    17     8    16     1     0     0    -1.0   46.334 -119.404    702.8    931.1
     1     1    17     8    16     0     0     0    -2.0   46.300 -119.395    699.3    931.3
     1     1    17     8    15    23     0     0    -3.0   46.279 -119.365    686.1    932.6
     1     1    17     8    15    22     0     0    -4.0   46.287 -119.375    675.8    935.2
     1     1    17     8    15    21     0     0    -5.0   46.249 -119.407    673.0    935.1
     1     1    17     8    15    20     0     0    -6.0   46.146 -119.409    682.9    933.2
     1     1    17     8    15    19     0     0    -7.0   46.044 -119.391    689.0    933.1
     1     1    17     8    15    18     0     0    -8.0   45.951 -119.317    709.5    930.1
     1     1    17     8    15    17     0     0    -9.0   45.854 -119.203    692.6    931.4
     1     1    17     8    15    16     0     0   -10.0   45.751 -119.077    674.3    933.8
     1     1    17     8    15    15     0     0   -11.0   45.658 -118.999    649.2    937.5
     1     1    17     8    15    14     0     0   -12.0   45.597 -118.903    630.9    940.1
     1     1    17     8    15    13     0     0   -13.0   45.553 -118.877    630.2    939.4
     1     1    17     8    15    12     0     0   -14.0   45.491 -118.916    618.9    941.0
     1     1    17     8    15    11     0     0   -15.0   45.449 -118.869    617.2    941.4
     1     1    17     8    15    10     0     0   -16.0   45.438 -118.781    625.2    941.0
     1     1    17     8    15     9     0     0   -17.0   45.414 -118.721    621.6    938.4
