     1     1
    SITE    10     3     1     0     0
     1 BACKWARD OMEGA   
    17     8     3    14   46.392 -119.412   700.0
     1 PRESSURE
     1     1    17     8     3    14     0     0     0.0   46.392 -119.412    700.0    931.4
     1     1    17     8     3    13     0     0    -1.0   46.386 -119.371    712.8    929.9
     1     1    17     8     3    12     0     0    -2.0   46.447 -119.296    729.2    927.8
     1     1    17     8     3    11     0     0    -3.0   46.478 -119.335    728.2    927.3
     1     1    17     8     3    10     0     0    -4.0   46.444 -119.419    735.2    927.2
     1     1    17     8     3     9     0     0    -5.0   46.383 -119.420    738.4    927.0
     1     1    17     8     3     8     0     0    -6.0   46.347 -119.392    741.3    926.4
     1     1    17     8     3     7     0     0    -7.0   46.322 -119.362    732.9    927.1
     1     1    17     8     3     6     0     0    -8.0   46.318 -119.365    726.0    929.4
     1     1    17     8     3     5     0     0    -9.0   46.313 -119.375    725.9    928.2
     1     1    17     8     3     4     0     0   -10.0   46.325 -119.337    736.3    928.3
     1     1    17     8     3     3     0     0   -11.0   46.381 -119.284    734.4    924.3
     1     1    17     8     3     2     0     0   -12.0   46.446 -119.253    717.4    930.0
     1     1    17     8     3     1     0     0   -13.0   46.474 -119.193    699.4    930.7
     1     1    17     8     3     0     0     0   -14.0   46.453 -119.159    691.3    933.1
     1     1    17     8     2    23     0     0   -15.0   46.430 -119.132    692.5    932.4
     1     1    17     8     2    22     0     0   -16.0   46.399 -119.093    691.8    932.5
     1     1    17     8     2    21     0     0   -17.0   46.399 -119.111    696.7    932.3
     1     1    17     8     2    20     0     0   -18.0   46.414 -119.086    711.3    929.9
     1     1    17     8     2    19     0     0   -19.0   46.444 -119.055    719.1    929.1
     1     1    17     8     2    18     0     0   -20.0   46.542 -119.059    729.2    928.8
     1     1    17     8     2    17     0     0   -21.0   46.681 -119.016    744.8    926.5
     1     1    17     8     2    16     0     0   -22.0   46.831 -118.929    734.0    928.6
     1     1    17     8     2    15     0     0   -23.0   46.962 -118.818    737.7    926.2
     1     1    17     8     2    14     0     0   -24.0   47.084 -118.711    708.8    929.0
     1     1    17     8     2    13     0     0   -25.0   47.212 -118.615    667.1    936.3
     1     1    17     8     2    12     0     0   -26.0   47.273 -118.458    668.4    935.8
     1     1    17     8     2    11     0     0   -27.0   47.353 -118.315    688.2    932.7
