     1     1
    SITE    10     3     1     0     0
     1 BACKWARD OMEGA   
    17     8    11     8   46.392 -119.412   700.0
     1 PRESSURE
     1     1    17     8    11     8     0     0     0.0   46.392 -119.412    700.0    931.4
     1     1    17     8    11     7     0     0    -1.0   46.446 -119.334    714.7    929.7
     1     1    17     8    11     6     0     0    -2.0   46.497 -119.272    725.7    927.3
     1     1    17     8    11     5     0     0    -3.0   46.488 -119.247    723.3    928.1
     1     1    17     8    11     4     0     0    -4.0   46.445 -119.281    716.1    930.3
     1     1    17     8    11     3     0     0    -5.0   46.408 -119.310    712.7    929.3
     1     1    17     8    11     2     0     0    -6.0   46.371 -119.270    711.4    930.1
     1     1    17     8    11     1     0     0    -7.0   46.350 -119.220    715.5    929.1
     1     1    17     8    11     0     0     0    -8.0   46.327 -119.191    716.2    929.8
     1     1    17     8    10    23     0     0    -9.0   46.287 -119.179    725.6    929.0
     1     1    17     8    10    22     0     0   -10.0   46.249 -119.224    728.9    927.9
     1     1    17     8    10    21     0     0   -11.0   46.239 -119.246    722.2    929.0
     1     1    17     8    10    20     0     0   -12.0   46.248 -119.251    711.1    930.9
     1     1    17     8    10    19     0     0   -13.0   46.240 -119.312    714.7    930.2
     1     1    17     8    10    18     0     0   -14.0   46.230 -119.283    720.7    928.8
     1     1    17     8    10    17     0     0   -15.0   46.263 -119.152    738.4    926.8
     1     1    17     8    10    16     0     0   -16.0   46.306 -119.021    745.0    925.5
     1     1    17     8    10    15     0     0   -17.0   46.346 -118.892    704.9    930.9
     1     1    17     8    10    14     0     0   -18.0   46.385 -118.764    686.3    934.1
     1     1    17     8    10    13     0     0   -19.0   46.418 -118.654    695.5    931.5
     1     1    17     8    10    12     0     0   -20.0   46.434 -118.555    694.3    932.4
     1     1    17     8    10    11     0     0   -21.0   46.460 -118.476    696.7    931.6
     1     1    17     8    10    10     0     0   -22.0   46.473 -118.415    700.1    932.3
     1     1    17     8    10     9     0     0   -23.0   46.436 -118.338    692.4    930.8
     1     1    17     8    10     8     0     0   -24.0   46.371 -118.267    679.1    935.3
     1     1    17     8    10     7     0     0   -25.0   46.314 -118.222    671.6    935.3
     1     1    17     8    10     6     0     0   -26.0   46.303 -118.173    673.0    934.0
     1     1    17     8    10     5     0     0   -27.0   46.321 -118.129    674.1    935.0
     1     1    17     8    10     4     0     0   -28.0   46.323 -118.124    675.4    934.2
     1     1    17     8    10     3     0     0   -29.0   46.299 -118.115    674.3    933.9
     1     1    17     8    10     2     0     0   -30.0   46.288 -118.071    672.1    934.9
     1     1    17     8    10     1     0     0   -31.0   46.315 -118.025    669.8    934.7
     1     1    17     8    10     0     0     0   -32.0   46.327 -118.031    669.4    935.7
     1     1    17     8     9    23     0     0   -33.0   46.300 -118.023    681.8    933.9
     1     1    17     8     9    22     0     0   -34.0   46.264 -117.982    691.0    932.3
     1     1    17     8     9    21     0     0   -35.0   46.224 -117.970    693.9    931.6
     1     1    17     8     9    20     0     0   -36.0   46.192 -118.015    689.8    932.3
     1     1    17     8     9    19     0     0   -37.0   46.191 -117.994    692.5    932.6
     1     1    17     8     9    18     0     0   -38.0   46.230 -117.875    684.9    933.7
