     1     1
    SITE    10     3     1     0     0
     1 BACKWARD OMEGA   
    17     8    17    20   46.392 -119.412   700.0
     1 PRESSURE
     1     1    17     8    17    20     0     0     0.0   46.392 -119.412    700.0    931.4
     1     1    17     8    17    19     0     0    -1.0   46.280 -119.376    670.6    935.0
     1     1    17     8    17    18     0     0    -2.0   46.180 -119.284    666.8    934.5
     1     1    17     8    17    17     0     0    -3.0   46.108 -119.137    640.6    938.4
     1     1    17     8    17    16     0     0    -4.0   46.119 -118.966    634.9    938.5
     1     1    17     8    17    15     0     0    -5.0   46.151 -118.817    627.4    939.9
     1     1    17     8    17    14     0     0    -6.0   46.144 -118.815    613.6    941.5
     1     1    17     8    17    13     0     0    -7.0   46.106 -118.903    612.1    941.9
     1     1    17     8    17    12     0     0    -8.0   46.033 -118.907    619.6    940.2
     1     1    17     8    17    11     0     0    -9.0   45.948 -118.855    625.1    940.5
     1     1    17     8    17    10     0     0   -10.0   45.854 -118.782    624.3    940.5
     1     1    17     8    17     9     0     0   -11.0   45.758 -118.704    616.4    941.7
     1     1    17     8    17     8     0     0   -12.0   45.643 -118.656    618.0    941.1
     1     1    17     8    17     7     0     0   -13.0   45.516 -118.634    629.3    940.8
     1     1    17     8    17     6     0     0   -14.0   45.405 -118.623    627.2    938.9
