     1     1
    SITE    10     3     1     0     0
     1 BACKWARD OMEGA   
    17     8    11    10   46.392 -119.412   700.0
     1 PRESSURE
     1     1    17     8    11    10     0     0     0.0   46.392 -119.412    700.0    931.4
     1     1    17     8    11     9     0     0    -1.0   46.418 -119.324    705.0    930.8
     1     1    17     8    11     8     0     0    -2.0   46.460 -119.230    695.3    931.3
     1     1    17     8    11     7     0     0    -3.0   46.516 -119.151    700.7    933.1
     1     1    17     8    11     6     0     0    -4.0   46.568 -119.088    710.7    929.2
     1     1    17     8    11     5     0     0    -5.0   46.556 -119.062    713.6    929.3
     1     1    17     8    11     4     0     0    -6.0   46.513 -119.099    721.8    928.8
     1     1    17     8    11     3     0     0    -7.0   46.474 -119.128    717.5    928.3
     1     1    17     8    11     2     0     0    -8.0   46.437 -119.089    718.9    931.6
     1     1    17     8    11     1     0     0    -9.0   46.416 -119.039    728.3    927.7
     1     1    17     8    11     0     0     0   -10.0   46.393 -119.011    732.6    927.7
     1     1    17     8    10    23     0     0   -11.0   46.353 -119.000    743.1    927.2
     1     1    17     8    10    22     0     0   -12.0   46.317 -119.045    758.0    924.7
     1     1    17     8    10    21     0     0   -13.0   46.306 -119.067    765.8    922.5
     1     1    17     8    10    20     0     0   -14.0   46.314 -119.074    762.5    923.9
     1     1    17     8    10    19     0     0   -15.0   46.306 -119.138    763.9    923.8
     1     1    17     8    10    18     0     0   -16.0   46.296 -119.111    765.6    924.7
     1     1    17     8    10    17     0     0   -17.0   46.329 -118.982    779.9    922.5
     1     1    17     8    10    16     0     0   -18.0   46.373 -118.852    783.1    922.5
     1     1    17     8    10    15     0     0   -19.0   46.411 -118.722    793.0    920.6
     1     1    17     8    10    14     0     0   -20.0   46.448 -118.597    795.2    920.1
     1     1    17     8    10    13     0     0   -21.0   46.482 -118.488    788.8    920.8
     1     1    17     8    10    12     0     0   -22.0   46.499 -118.391    786.9    921.8
     1     1    17     8    10    11     0     0   -23.0   46.524 -118.312    800.3    920.1
     1     1    17     8    10    10     0     0   -24.0   46.537 -118.251    801.8    918.7
     1     1    17     8    10     9     0     0   -25.0   46.501 -118.174    803.5    922.1
     1     1    17     8    10     8     0     0   -26.0   46.437 -118.099    799.5    917.0
     1     1    17     8    10     7     0     0   -27.0   46.380 -118.052    785.4    922.3
     1     1    17     8    10     6     0     0   -28.0   46.368 -118.002    782.4    921.2
     1     1    17     8    10     5     0     0   -29.0   46.387 -117.957    777.2    922.6
     1     1    17     8    10     4     0     0   -30.0   46.388 -117.951    771.9    923.2
     1     1    17     8    10     3     0     0   -31.0   46.364 -117.943    768.8    923.7
     1     1    17     8    10     2     0     0   -32.0   46.353 -117.900    769.9    923.7
