     1     1
    SITE    10     3     1     0     0
     1 BACKWARD OMEGA   
    17     8    20    11   46.392 -119.412   700.0
     1 PRESSURE
     1     1    17     8    20    11     0     0     0.0   46.392 -119.412    700.0    931.4
     1     1    17     8    20    10     0     0    -1.0   46.340 -119.440    699.0    931.5
     1     1    17     8    20     9     0     0    -2.0   46.296 -119.473    695.0    931.5
     1     1    17     8    20     8     0     0    -3.0   46.245 -119.477    675.8    933.4
     1     1    17     8    20     7     0     0    -4.0   46.175 -119.447    662.7    937.6
     1     1    17     8    20     6     0     0    -5.0   46.099 -119.415    645.4    938.4
     1     1    17     8    20     5     0     0    -6.0   46.017 -119.407    655.6    936.1
     1     1    17     8    20     4     0     0    -7.0   45.929 -119.412    664.7    935.4
     1     1    17     8    20     3     0     0    -8.0   45.837 -119.399    638.8    938.7
     1     1    17     8    20     2     0     0    -9.0   45.773 -119.402    625.5    940.3
     1     1    17     8    20     1     0     0   -10.0   45.745 -119.424    621.5    940.7
     1     1    17     8    20     0     0     0   -11.0   45.710 -119.445    612.9    941.2
     1     1    17     8    19    23     0     0   -12.0   45.629 -119.447    604.4    942.8
     1     1    17     8    19    22     0     0   -13.0   45.618 -119.432    596.8    943.0
     1     1    17     8    19    21     0     0   -14.0   45.716 -119.460    585.3    944.6
     1     1    17     8    19    20     0     0   -15.0   45.762 -119.554    596.5    943.4
     1     1    17     8    19    19     0     0   -16.0   45.710 -119.587    604.1    942.7
     1     1    17     8    19    18     0     0   -17.0   45.610 -119.511    616.8    941.6
     1     1    17     8    19    17     0     0   -18.0   45.501 -119.406    636.8    938.7
     1     1    17     8    19    16     0     0   -19.0   45.392 -119.280    670.6    934.8
