     1     1
    SITE    10     3     1     0     0
     1 BACKWARD OMEGA   
    17     8    26    13   46.392 -119.412   700.0
     1 PRESSURE
     1     1    17     8    26    13     0     0     0.0   46.392 -119.412    700.0    931.4
     1     1    17     8    26    12     0     0    -1.0   46.408 -119.309    696.9    931.8
     1     1    17     8    26    11     0     0    -2.0   46.411 -119.215    691.3    932.5
     1     1    17     8    26    10     0     0    -3.0   46.419 -119.134    686.8    933.0
     1     1    17     8    26     9     0     0    -4.0   46.441 -119.068    685.4    934.0
     1     1    17     8    26     8     0     0    -5.0   46.457 -119.016    687.0    932.5
     1     1    17     8    26     7     0     0    -6.0   46.473 -118.956    694.8    933.0
     1     1    17     8    26     6     0     0    -7.0   46.477 -118.893    700.7    930.3
     1     1    17     8    26     5     0     0    -8.0   46.470 -118.867    698.4    932.0
     1     1    17     8    26     4     0     0    -9.0   46.484 -118.817    696.6    931.5
     1     1    17     8    26     3     0     0   -10.0   46.512 -118.731    681.7    932.6
     1     1    17     8    26     2     0     0   -11.0   46.517 -118.667    666.7    936.2
     1     1    17     8    26     1     0     0   -12.0   46.493 -118.635    662.8    937.0
     1     1    17     8    26     0     0     0   -13.0   46.490 -118.644    667.5    935.3
     1     1    17     8    25    23     0     0   -14.0   46.492 -118.662    671.7    934.3
     1     1    17     8    25    22     0     0   -15.0   46.488 -118.654    672.7    934.8
     1     1    17     8    25    21     0     0   -16.0   46.485 -118.619    670.4    934.7
     1     1    17     8    25    20     0     0   -17.0   46.468 -118.571    671.6    935.2
     1     1    17     8    25    19     0     0   -18.0   46.434 -118.493    679.7    934.1
     1     1    17     8    25    18     0     0   -19.0   46.384 -118.389    683.1    932.6
     1     1    17     8    25    17     0     0   -20.0   46.336 -118.284    681.1    933.4
     1     1    17     8    25    16     0     0   -21.0   46.285 -118.172    683.3    933.3
     1     1    17     8    25    15     0     0   -22.0   46.230 -118.048    660.9    935.3
     1     1    17     8    25    14     0     0   -23.0   46.187 -117.929    666.7    936.2
