     1     1
    SITE    10     3     1     0     0
     1 BACKWARD OMEGA   
    17     8    28    17   46.392 -119.412   700.0
     1 PRESSURE
     1     1    17     8    28    17     0     0     0.0   46.392 -119.412    700.0    931.4
     1     1    17     8    28    16     0     0    -1.0   46.479 -119.456    694.3    932.1
     1     1    17     8    28    15     0     0    -2.0   46.566 -119.478    680.9    933.5
     1     1    17     8    28    14     0     0    -3.0   46.566 -119.486    664.7    935.9
     1     1    17     8    28    13     0     0    -4.0   46.475 -119.502    659.8    936.0
     1     1    17     8    28    12     0     0    -5.0   46.469 -119.469    668.5    935.8
     1     1    17     8    28    11     0     0    -6.0   46.552 -119.421    677.3    934.2
     1     1    17     8    28    10     0     0    -7.0   46.552 -119.422    679.7    933.3
     1     1    17     8    28     9     0     0    -8.0   46.562 -119.442    662.1    936.3
     1     1    17     8    28     8     0     0    -9.0   46.567 -119.474    661.5    935.9
     1     1    17     8    28     7     0     0   -10.0   46.507 -119.452    660.1    935.9
     1     1    17     8    28     6     0     0   -11.0   46.464 -119.454    654.2    937.0
     1     1    17     8    28     5     0     0   -12.0   46.420 -119.429    641.8    937.2
     1     1    17     8    28     4     0     0   -13.0   46.379 -119.363    622.9    941.0
     1     1    17     8    28     3     0     0   -14.0   46.330 -119.403    635.8    940.7
     1     1    17     8    28     2     0     0   -15.0   46.322 -119.434    653.1    934.9
     1     1    17     8    28     1     0     0   -16.0   46.329 -119.388    652.2    937.2
     1     1    17     8    28     0     0     0   -17.0   46.308 -119.328    654.0    936.4
     1     1    17     8    27    23     0     0   -18.0   46.277 -119.268    650.1    937.3
     1     1    17     8    27    22     0     0   -19.0   46.256 -119.202    636.5    937.9
     1     1    17     8    27    21     0     0   -20.0   46.242 -119.142    629.7    941.1
     1     1    17     8    27    20     0     0   -21.0   46.215 -119.115    625.0    939.2
     1     1    17     8    27    19     0     0   -22.0   46.188 -119.117    614.0    942.0
     1     1    17     8    27    18     0     0   -23.0   46.176 -119.109    608.5    942.1
     1     1    17     8    27    17     0     0   -24.0   46.170 -119.087    606.9    942.5
     1     1    17     8    27    16     0     0   -25.0   46.156 -119.050    605.2    942.0
     1     1    17     8    27    15     0     0   -26.0   46.129 -118.983    601.4    942.7
     1     1    17     8    27    14     0     0   -27.0   46.090 -118.904    602.8    943.2
     1     1    17     8    27    13     0     0   -28.0   46.048 -118.827    602.3    942.0
     1     1    17     8    27    12     0     0   -29.0   46.049 -118.762    590.5    943.5
     1     1    17     8    27    11     0     0   -30.0   46.043 -118.714    584.6    945.4
     1     1    17     8    27    10     0     0   -31.0   46.010 -118.668    586.2    943.7
     1     1    17     8    27     9     0     0   -32.0   46.000 -118.611    583.8    944.9
     1     1    17     8    27     8     0     0   -33.0   45.998 -118.546    577.0    944.5
     1     1    17     8    27     7     0     0   -34.0   46.011 -118.482    572.1    946.8
     1     1    17     8    27     6     0     0   -35.0   46.028 -118.471    575.9    945.9
     1     1    17     8    27     5     0     0   -36.0   46.021 -118.478    580.5    944.6
     1     1    17     8    27     4     0     0   -37.0   46.033 -118.439    579.3    944.7
     1     1    17     8    27     3     0     0   -38.0   46.058 -118.370    575.3    946.2
     1     1    17     8    27     2     0     0   -39.0   46.070 -118.293    574.5    945.0
     1     1    17     8    27     1     0     0   -40.0   46.079 -118.231    571.2    946.4
     1     1    17     8    27     0     0     0   -41.0   46.072 -118.183    572.7    945.7
     1     1    17     8    26    23     0     0   -42.0   46.081 -118.135    573.5    945.7
     1     1    17     8    26    22     0     0   -43.0   46.116 -118.081    581.8    945.2
     1     1    17     8    26    21     0     0   -44.0   46.126 -118.072    585.3    943.6
     1     1    17     8    26    20     0     0   -45.0   46.111 -118.102    581.4    945.5
     1     1    17     8    26    19     0     0   -46.0   46.101 -118.075    584.9    944.6
     1     1    17     8    26    18     0     0   -47.0   46.130 -118.013    593.7    942.8
     1     1    17     8    26    17     0     0   -48.0   46.194 -117.961    587.6    944.7
     1     1    17     8    26    16     0     0   -49.0   46.266 -117.896    598.1    943.3
