     1     1
    SITE    10     3     1     0     0
     1 BACKWARD OMEGA   
    17     8    27    23   46.392 -119.412   700.0
     1 PRESSURE
     1     1    17     8    27    23     0     0     0.0   46.392 -119.412    700.0    931.4
     1     1    17     8    27    22     0     0    -1.0   46.372 -119.343    690.4    932.6
     1     1    17     8    27    21     0     0    -2.0   46.359 -119.282    684.4    932.8
     1     1    17     8    27    20     0     0    -3.0   46.332 -119.258    674.1    934.2
     1     1    17     8    27    19     0     0    -4.0   46.305 -119.260    668.9    935.8
     1     1    17     8    27    18     0     0    -5.0   46.293 -119.251    670.7    935.0
     1     1    17     8    27    17     0     0    -6.0   46.288 -119.229    673.0    934.5
     1     1    17     8    27    16     0     0    -7.0   46.273 -119.192    677.4    934.4
     1     1    17     8    27    15     0     0    -8.0   46.246 -119.124    678.5    933.3
     1     1    17     8    27    14     0     0    -9.0   46.208 -119.045    674.3    934.3
     1     1    17     8    27    13     0     0   -10.0   46.168 -118.968    666.2    935.4
     1     1    17     8    27    12     0     0   -11.0   46.170 -118.902    664.7    936.5
     1     1    17     8    27    11     0     0   -12.0   46.165 -118.854    666.2    934.8
     1     1    17     8    27    10     0     0   -13.0   46.132 -118.807    670.6    934.3
     1     1    17     8    27     9     0     0   -14.0   46.123 -118.752    669.3    934.8
     1     1    17     8    27     8     0     0   -15.0   46.119 -118.690    675.8    935.3
     1     1    17     8    27     7     0     0   -16.0   46.132 -118.629    683.4    932.5
     1     1    17     8    27     6     0     0   -17.0   46.150 -118.619    684.5    933.1
     1     1    17     8    27     5     0     0   -18.0   46.143 -118.626    682.1    933.1
     1     1    17     8    27     4     0     0   -19.0   46.155 -118.590    678.9    934.4
     1     1    17     8    27     3     0     0   -20.0   46.181 -118.520    683.9    934.0
     1     1    17     8    27     2     0     0   -21.0   46.193 -118.442    683.9    932.6
     1     1    17     8    27     1     0     0   -22.0   46.203 -118.377    680.2    933.8
     1     1    17     8    27     0     0     0   -23.0   46.196 -118.327    680.5    934.2
     1     1    17     8    26    23     0     0   -24.0   46.206 -118.279    682.7    933.2
     1     1    17     8    26    22     0     0   -25.0   46.243 -118.223    688.0    932.6
     1     1    17     8    26    21     0     0   -26.0   46.254 -118.213    686.1    932.4
     1     1    17     8    26    20     0     0   -27.0   46.239 -118.244    680.8    933.9
     1     1    17     8    26    19     0     0   -28.0   46.229 -118.218    674.4    934.0
     1     1    17     8    26    18     0     0   -29.0   46.257 -118.156    664.0    935.8
     1     1    17     8    26    17     0     0   -30.0   46.322 -118.104    649.0    936.5
     1     1    17     8    26    16     0     0   -31.0   46.393 -118.041    640.6    938.7
     1     1    17     8    26    15     0     0   -32.0   46.465 -117.977    650.1    937.7
     1     1    17     8    26    14     0     0   -33.0   46.495 -117.897    655.9    936.3
