     1     1
    SITE    10     3     1     0     0
     1 BACKWARD OMEGA   
    17     8     9    23   46.392 -119.412   700.0
     1 PRESSURE
     1     1    17     8     9    23     0     0     0.0   46.392 -119.412    700.0    931.4
     1     1    17     8     9    22     0     0    -1.0   46.356 -119.368    699.7    931.4
     1     1    17     8     9    21     0     0    -2.0   46.317 -119.356    702.9    931.6
     1     1    17     8     9    20     0     0    -3.0   46.287 -119.403    697.4    930.1
     1     1    17     8     9    19     0     0    -4.0   46.289 -119.384    687.9    932.9
     1     1    17     8     9    18     0     0    -5.0   46.329 -119.266    693.0    932.9
     1     1    17     8     9    17     0     0    -6.0   46.378 -119.154    698.8    931.1
     1     1    17     8     9    16     0     0    -7.0   46.429 -119.015    684.0    933.3
     1     1    17     8     9    15     0     0    -8.0   46.483 -118.886    668.9    934.3
     1     1    17     8     9    14     0     0    -9.0   46.526 -118.762    649.7    938.3
     1     1    17     8     9    13     0     0   -10.0   46.554 -118.643    656.5    936.4
     1     1    17     8     9    12     0     0   -11.0   46.535 -118.593    657.3    936.6
     1     1    17     8     9    11     0     0   -12.0   46.472 -118.599    656.3    936.1
     1     1    17     8     9    10     0     0   -13.0   46.447 -118.572    656.1    937.1
     1     1    17     8     9     9     0     0   -14.0   46.463 -118.504    655.4    937.7
     1     1    17     8     9     8     0     0   -15.0   46.484 -118.439    665.5    935.9
     1     1    17     8     9     7     0     0   -16.0   46.480 -118.394    669.1    933.6
     1     1    17     8     9     6     0     0   -17.0   46.461 -118.339    665.3    935.8
     1     1    17     8     9     5     0     0   -18.0   46.447 -118.314    665.7    936.0
     1     1    17     8     9     4     0     0   -19.0   46.431 -118.297    668.1    934.8
     1     1    17     8     9     3     0     0   -20.0   46.407 -118.271    664.2    935.7
     1     1    17     8     9     2     0     0   -21.0   46.366 -118.274    662.7    935.4
     1     1    17     8     9     1     0     0   -22.0   46.373 -118.223    639.7    936.4
     1     1    17     8     9     0     0     0   -23.0   46.368 -118.180    638.4    939.8
     1     1    17     8     8    23     0     0   -24.0   46.308 -118.185    644.4    938.3
     1     1    17     8     8    22     0     0   -25.0   46.288 -118.172    653.2    936.3
     1     1    17     8     8    21     0     0   -26.0   46.282 -118.155    656.4    936.5
     1     1    17     8     8    20     0     0   -27.0   46.272 -118.202    651.3    936.3
     1     1    17     8     8    19     0     0   -28.0   46.264 -118.225    647.4    938.4
     1     1    17     8     8    18     0     0   -29.0   46.278 -118.157    645.2    937.6
     1     1    17     8     8    17     0     0   -30.0   46.319 -118.067    666.6    936.3
     1     1    17     8     8    16     0     0   -31.0   46.371 -117.965    685.0    931.5
