     1     1
    SITE    10     3     1     0     0
     1 BACKWARD OMEGA   
    17     8    15     6   46.392 -119.412   700.0
     1 PRESSURE
     1     1    17     8    15     6     0     0     0.0   46.392 -119.412    700.0    931.4
     1     1    17     8    15     5     0     0    -1.0   46.370 -119.415    697.3    931.7
     1     1    17     8    15     4     0     0    -2.0   46.370 -119.388    700.0    931.8
     1     1    17     8    15     3     0     0    -3.0   46.374 -119.341    702.5    930.8
     1     1    17     8    15     2     0     0    -4.0   46.361 -119.246    704.1    931.1
     1     1    17     8    15     1     0     0    -5.0   46.377 -119.162    694.7    932.0
     1     1    17     8    15     0     0     0    -6.0   46.427 -119.169    698.0    933.2
     1     1    17     8    14    23     0     0    -7.0   46.453 -119.237    716.6    929.5
     1     1    17     8    14    22     0     0    -8.0   46.439 -119.279    719.8    929.0
     1     1    17     8    14    21     0     0    -9.0   46.387 -119.265    702.8    929.1
     1     1    17     8    14    20     0     0   -10.0   46.315 -119.248    696.7    931.3
     1     1    17     8    14    19     0     0   -11.0   46.237 -119.191    687.0    933.5
     1     1    17     8    14    18     0     0   -12.0   46.150 -119.070    679.9    932.2
     1     1    17     8    14    17     0     0   -13.0   46.060 -118.929    625.2    940.9
     1     1    17     8    14    16     0     0   -14.0   45.970 -118.791    590.0    945.2
     1     1    17     8    14    15     0     0   -15.0   45.904 -118.636    602.4    943.3
     1     1    17     8    14    14     0     0   -16.0   45.837 -118.589    611.3    941.3
     1     1    17     8    14    13     0     0   -17.0   45.748 -118.552    630.4    940.5
     1     1    17     8    14    12     0     0   -18.0   45.640 -118.432    647.9    936.1
     1     1    17     8    14    11     0     0   -19.0   45.518 -118.395    627.5    939.4
     1     1    17     8    14    10     0     0   -20.0   45.405 -118.394    620.3    940.9
