     1     1
    SITE    10     3     1     0     0
     1 BACKWARD OMEGA   
    17     8    12     3   46.392 -119.412   700.0
     1 PRESSURE
     1     1    17     8    12     3     0     0     0.0   46.392 -119.412    700.0    931.4
     1     1    17     8    12     2     0     0    -1.0   46.326 -119.458    694.7    932.1
     1     1    17     8    12     1     0     0    -2.0   46.279 -119.483    697.1    931.6
     1     1    17     8    12     0     0     0    -3.0   46.220 -119.462    698.5    932.2
     1     1    17     8    11    23     0     0    -4.0   46.175 -119.424    708.1    930.5
     1     1    17     8    11    22     0     0    -5.0   46.127 -119.391    718.5    929.9
     1     1    17     8    11    21     0     0    -6.0   46.035 -119.363    723.4    929.3
     1     1    17     8    11    20     0     0    -7.0   45.923 -119.394    733.6    925.8
     1     1    17     8    11    19     0     0    -8.0   45.811 -119.482    726.8    928.8
     1     1    17     8    11    18     0     0    -9.0   45.712 -119.523    720.3    929.4
     1     1    17     8    11    17     0     0   -10.0   45.640 -119.508    713.4    929.9
     1     1    17     8    11    16     0     0   -11.0   45.613 -119.439    691.0    932.0
     1     1    17     8    11    15     0     0   -12.0   45.624 -119.344    688.0    933.5
     1     1    17     8    11    14     0     0   -13.0   45.621 -119.250    704.0    930.0
     1     1    17     8    11    13     0     0   -14.0   45.588 -119.155    718.5    928.8
     1     1    17     8    11    12     0     0   -15.0   45.537 -119.081    713.4    929.0
     1     1    17     8    11    11     0     0   -16.0   45.495 -119.021    705.5    931.3
     1     1    17     8    11    10     0     0   -17.0   45.489 -118.951    702.1    930.8
     1     1    17     8    11     9     0     0   -18.0   45.518 -118.869    710.4    932.0
     1     1    17     8    11     8     0     0   -19.0   45.563 -118.778    724.6    927.1
     1     1    17     8    11     7     0     0   -20.0   45.621 -118.702    722.4    928.3
     1     1    17     8    11     6     0     0   -21.0   45.673 -118.643    740.2    928.5
     1     1    17     8    11     5     0     0   -22.0   45.663 -118.616    765.8    923.3
     1     1    17     8    11     4     0     0   -23.0   45.621 -118.649    762.2    924.1
     1     1    17     8    11     3     0     0   -24.0   45.582 -118.675    763.6    924.0
     1     1    17     8    11     2     0     0   -25.0   45.545 -118.633    763.3    924.2
     1     1    17     8    11     1     0     0   -26.0   45.523 -118.583    766.5    923.1
     1     1    17     8    11     0     0     0   -27.0   45.501 -118.555    761.4    924.6
     1     1    17     8    10    23     0     0   -28.0   45.460 -118.545    747.3    924.7
     1     1    17     8    10    22     0     0   -29.0   45.422 -118.590    741.4    928.2
