     1     1
    SITE    10     3     1     0     0
     1 BACKWARD OMEGA   
    17     8    13    20   46.392 -119.412   700.0
     1 PRESSURE
     1     1    17     8    13    20     0     0     0.0   46.392 -119.412    700.0    931.4
     1     1    17     8    13    19     0     0    -1.0   46.570 -119.676    694.6    932.1
     1     1    17     8    13    18     0     0    -2.0   46.722 -119.905    703.9    929.3
     1     1    17     8    13    17     0     0    -3.0   46.828 -120.146    687.5    933.1
     1     1    17     8    13    16     0     0    -4.0   46.798 -120.341    681.0    933.7
     1     1    17     8    13    15     0     0    -5.0   46.637 -120.441    697.2    931.1
     1     1    17     8    13    14     0     0    -6.0   46.448 -120.509    726.5    928.6
     1     1    17     8    13    13     0     0    -7.0   46.256 -120.551    747.4    927.2
     1     1    17     8    13    12     0     0    -8.0   46.064 -120.602    758.7    924.3
     1     1    17     8    13    11     0     0    -9.0   45.896 -120.658    769.2    923.5
     1     1    17     8    13    10     0     0   -10.0   45.896 -120.658    769.2    923.5
     1     1    17     8    13     9     0     0   -11.0   45.896 -120.658    769.2    923.5
     1     1    17     8    13     8     0     0   -12.0   45.896 -120.658    769.2    923.5
     1     1    17     8    13     7     0     0   -13.0   45.896 -120.658    769.2    923.5
     1     1    17     8    13     6     0     0   -14.0   45.896 -120.658    769.2    923.5
     1     1    17     8    13     5     0     0   -15.0   45.896 -120.658    769.2    923.5
     1     1    17     8    13     4     0     0   -16.0   45.932 -120.789    766.9    923.6
