     1     1
    SITE    10     3     1     0     0
     1 BACKWARD OMEGA   
    17     8    21     7   46.392 -119.412   700.0
     1 PRESSURE
     1     1    17     8    21     7     0     0     0.0   46.392 -119.412    700.0    931.4
     1     1    17     8    21     6     0     0    -1.0   46.399 -119.357    696.9    931.8
     1     1    17     8    21     5     0     0    -2.0   46.403 -119.326    692.8    932.5
     1     1    17     8    21     4     0     0    -3.0   46.389 -119.318    692.4    932.6
     1     1    17     8    21     3     0     0    -4.0   46.358 -119.291    684.1    932.0
     1     1    17     8    21     2     0     0    -5.0   46.329 -119.270    683.1    934.8
     1     1    17     8    21     1     0     0    -6.0   46.313 -119.243    695.6    932.0
     1     1    17     8    21     0     0     0    -7.0   46.280 -119.206    701.2    930.8
     1     1    17     8    20    23     0     0    -8.0   46.231 -119.209    704.5    932.1
     1     1    17     8    20    22     0     0    -9.0   46.238 -119.239    713.0    929.1
     1     1    17     8    20    21     0     0   -10.0   46.280 -119.256    719.6    927.7
     1     1    17     8    20    20     0     0   -11.0   46.278 -119.249    708.8    930.3
     1     1    17     8    20    19     0     0   -12.0   46.239 -119.223    707.1    930.9
     1     1    17     8    20    18     0     0   -13.0   46.201 -119.116    709.6    929.8
     1     1    17     8    20    17     0     0   -14.0   46.170 -118.954    705.9    928.9
     1     1    17     8    20    16     0     0   -15.0   46.151 -118.786    699.1    931.2
     1     1    17     8    20    15     0     0   -16.0   46.122 -118.632    714.5    931.1
     1     1    17     8    20    14     0     0   -17.0   46.052 -118.581    722.6    927.5
     1     1    17     8    20    13     0     0   -18.0   45.969 -118.625    697.3    931.6
     1     1    17     8    20    12     0     0   -19.0   45.903 -118.632    688.2    933.1
     1     1    17     8    20    11     0     0   -20.0   45.849 -118.631    681.7    933.7
     1     1    17     8    20    10     0     0   -21.0   45.795 -118.657    680.5    934.2
     1     1    17     8    20     9     0     0   -22.0   45.751 -118.688    685.1    933.6
     1     1    17     8    20     8     0     0   -23.0   45.698 -118.692    695.5    932.1
     1     1    17     8    20     7     0     0   -24.0   45.628 -118.662    698.1    931.0
     1     1    17     8    20     6     0     0   -25.0   45.551 -118.630    688.6    933.1
     1     1    17     8    20     5     0     0   -26.0   45.468 -118.625    706.2    931.0
