     1     1
    SITE    10     3     1     0     0
     1 BACKWARD OMEGA   
    17     8    26     5   46.392 -119.412   700.0
     1 PRESSURE
     1     1    17     8    26     5     0     0     0.0   46.392 -119.412    700.0    931.4
     1     1    17     8    26     4     0     0    -1.0   46.406 -119.360    705.5    930.8
     1     1    17     8    26     3     0     0    -2.0   46.433 -119.273    708.6    930.5
     1     1    17     8    26     2     0     0    -3.0   46.438 -119.209    705.8    930.3
     1     1    17     8    26     1     0     0    -4.0   46.415 -119.176    703.6    931.2
     1     1    17     8    26     0     0     0    -5.0   46.412 -119.184    699.7    931.0
     1     1    17     8    25    23     0     0    -6.0   46.414 -119.202    690.9    933.5
     1     1    17     8    25    22     0     0    -7.0   46.410 -119.194    690.2    932.6
     1     1    17     8    25    21     0     0    -8.0   46.407 -119.160    683.6    932.7
     1     1    17     8    25    20     0     0    -9.0   46.391 -119.112    673.5    934.2
     1     1    17     8    25    19     0     0   -10.0   46.360 -119.036    663.1    936.2
     1     1    17     8    25    18     0     0   -11.0   46.314 -118.934    666.2    934.8
     1     1    17     8    25    17     0     0   -12.0   46.265 -118.832    648.3    937.2
     1     1    17     8    25    16     0     0   -13.0   46.215 -118.718    629.1    939.4
     1     1    17     8    25    15     0     0   -14.0   46.165 -118.596    608.7    941.9
     1     1    17     8    25    14     0     0   -15.0   46.123 -118.480    612.2    942.0
     1     1    17     8    25    13     0     0   -16.0   46.099 -118.368    618.8    940.6
     1     1    17     8    25    12     0     0   -17.0   46.087 -118.252    602.8    942.5
     1     1    17     8    25    11     0     0   -18.0   46.051 -118.196    591.1    944.2
     1     1    17     8    25    10     0     0   -19.0   46.001 -118.234    586.9    944.1
     1     1    17     8    25     9     0     0   -20.0   45.966 -118.252    582.7    945.6
     1     1    17     8    25     8     0     0   -21.0   45.927 -118.244    581.5    945.4
     1     1    17     8    25     7     0     0   -22.0   45.894 -118.222    584.8    944.3
     1     1    17     8    25     6     0     0   -23.0   45.860 -118.180    588.6    944.2
     1     1    17     8    25     5     0     0   -24.0   45.810 -118.168    590.8    943.8
     1     1    17     8    25     4     0     0   -25.0   45.762 -118.180    586.8    944.1
     1     1    17     8    25     3     0     0   -26.0   45.723 -118.201    586.2    944.9
     1     1    17     8    25     2     0     0   -27.0   45.684 -118.236    586.1    943.8
     1     1    17     8    25     1     0     0   -28.0   45.665 -118.285    584.5    945.2
     1     1    17     8    25     0     0     0   -29.0   45.637 -118.324    586.4    944.4
     1     1    17     8    24    23     0     0   -30.0   45.604 -118.368    592.8    943.6
     1     1    17     8    24    22     0     0   -31.0   45.635 -118.498    605.1    943.4
     1     1    17     8    24    21     0     0   -32.0   45.739 -118.707    602.8    942.5
     1     1    17     8    24    20     0     0   -33.0   45.885 -118.929    625.1    940.3
     1     1    17     8    24    19     0     0   -34.0   46.051 -119.166    599.1    942.7
     1     1    17     8    24    18     0     0   -35.0   46.268 -119.444    615.2    941.1
     1     1    17     8    24    17     0     0   -36.0   46.498 -119.741    619.9    940.3
     1     1    17     8    24    16     0     0   -37.0   46.725 -120.040    621.7    941.8
     1     1    17     8    24    15     0     0   -38.0   46.934 -120.297    642.5    939.0
     1     1    17     8    24    14     0     0   -39.0   47.085 -120.503    654.2    937.3
     1     1    17     8    24    13     0     0   -40.0   47.113 -120.686    660.9    935.8
