     1     1
    SITE    10     3     1     0     0
     1 BACKWARD OMEGA   
    17     8     1     8   46.392 -119.412   700.0
     1 PRESSURE
     1     1    17     8     1     8     0     0     0.0   46.392 -119.412    700.0    931.4
     1     1    17     8     1     7     0     0    -1.0   46.357 -119.399    698.2    931.6
     1     1    17     8     1     6     0     0    -2.0   46.342 -119.402    694.5    932.4
     1     1    17     8     1     5     0     0    -3.0   46.331 -119.407    692.2    932.1
     1     1    17     8     1     4     0     0    -4.0   46.334 -119.378    685.7    932.5
     1     1    17     8     1     3     0     0    -5.0   46.337 -119.351    678.1    934.9
     1     1    17     8     1     2     0     0    -6.0   46.323 -119.324    682.3    933.8
     1     1    17     8     1     1     0     0    -7.0   46.295 -119.286    679.6    932.8
     1     1    17     8     1     0     0     0    -8.0   46.283 -119.235    665.0    934.6
     1     1    17     7    31    23     0     0    -9.0   46.294 -119.225    665.2    936.7
     1     1    17     7    31    22     0     0   -10.0   46.268 -119.240    673.6    933.8
     1     1    17     7    31    21     0     0   -11.0   46.255 -119.237    670.7    935.0
     1     1    17     7    31    20     0     0   -12.0   46.258 -119.262    673.3    934.9
     1     1    17     7    31    19     0     0   -13.0   46.198 -119.290    675.5    934.1
     1     1    17     7    31    18     0     0   -14.0   46.111 -119.249    682.5    934.3
     1     1    17     7    31    17     0     0   -15.0   46.085 -119.154    709.7    929.8
     1     1    17     7    31    16     0     0   -16.0   46.111 -119.057    721.4    928.2
     1     1    17     7    31    15     0     0   -17.0   46.118 -118.938    724.5    928.3
     1     1    17     7    31    14     0     0   -18.0   46.087 -118.831    722.2    929.4
     1     1    17     7    31    13     0     0   -19.0   46.077 -118.743    722.9    928.1
     1     1    17     7    31    12     0     0   -20.0   46.069 -118.640    720.2    929.4
     1     1    17     7    31    11     0     0   -21.0   46.063 -118.538    719.2    928.4
     1     1    17     7    31    10     0     0   -22.0   46.080 -118.432    711.0    931.0
     1     1    17     7    31     9     0     0   -23.0   46.063 -118.345    705.3    930.5
     1     1    17     7    31     8     0     0   -24.0   46.056 -118.337    706.1    931.1
     1     1    17     7    31     7     0     0   -25.0   46.055 -118.344    714.9    928.5
     1     1    17     7    31     6     0     0   -26.0   46.046 -118.308    714.3    929.9
     1     1    17     7    31     5     0     0   -27.0   46.043 -118.264    710.5    929.8
     1     1    17     7    31     4     0     0   -28.0   46.018 -118.235    702.6    930.5
     1     1    17     7    31     3     0     0   -29.0   45.974 -118.226    691.8    932.8
     1     1    17     7    31     2     0     0   -30.0   45.944 -118.243    691.2    933.4
     1     1    17     7    31     1     0     0   -31.0   45.965 -118.285    701.8    932.2
     1     1    17     7    31     0     0     0   -32.0   45.986 -118.230    714.6    928.0
     1     1    17     7    30    23     0     0   -33.0   45.975 -118.239    712.4    930.1
     1     1    17     7    30    22     0     0   -34.0   46.028 -118.384    723.3    928.9
     1     1    17     7    30    21     0     0   -35.0   46.134 -118.531    717.8    930.3
     1     1    17     7    30    20     0     0   -36.0   46.180 -118.710    723.6    926.8
     1     1    17     7    30    19     0     0   -37.0   46.133 -118.758    710.7    930.3
     1     1    17     7    30    18     0     0   -38.0   46.035 -118.617    698.2    933.2
     1     1    17     7    30    17     0     0   -39.0   45.916 -118.381    650.1    938.0
     1     1    17     7    30    16     0     0   -40.0   45.782 -118.212    626.0    940.6
     1     1    17     7    30    15     0     0   -41.0   45.657 -118.124    621.3    940.7
     1     1    17     7    30    14     0     0   -42.0   45.547 -117.970    642.8    938.8
