     1     1
    SITE    10     3     1     0     0
     1 BACKWARD OMEGA   
    17     8    18     3   46.392 -119.412   700.0
     1 PRESSURE
     1     1    17     8    18     3     0     0     0.0   46.392 -119.412    700.0    931.4
     1     1    17     8    18     2     0     0    -1.0   46.339 -119.400    698.2    931.6
     1     1    17     8    18     1     0     0    -2.0   46.299 -119.402    687.8    932.7
     1     1    17     8    18     0     0     0    -3.0   46.278 -119.437    682.7    933.8
     1     1    17     8    17    23     0     0    -4.0   46.249 -119.497    687.0    933.7
     1     1    17     8    17    22     0     0    -5.0   46.241 -119.587    700.1    931.2
     1     1    17     8    17    21     0     0    -6.0   46.201 -119.655    712.6    928.4
     1     1    17     8    17    20     0     0    -7.0   46.092 -119.675    718.7    929.2
     1     1    17     8    17    19     0     0    -8.0   45.981 -119.640    708.4    930.0
     1     1    17     8    17    18     0     0    -9.0   45.884 -119.545    716.5    931.3
     1     1    17     8    17    17     0     0   -10.0   45.813 -119.397    735.4    928.0
     1     1    17     8    17    16     0     0   -11.0   45.820 -119.226    751.0    924.1
     1     1    17     8    17    15     0     0   -12.0   45.852 -119.077    755.0    926.0
     1     1    17     8    17    14     0     0   -13.0   45.843 -119.071    758.8    924.2
     1     1    17     8    17    13     0     0   -14.0   45.805 -119.155    779.7    922.9
     1     1    17     8    17    12     0     0   -15.0   45.734 -119.159    808.8    918.9
     1     1    17     8    17    11     0     0   -16.0   45.647 -119.110    809.0    918.6
     1     1    17     8    17    10     0     0   -17.0   45.551 -119.038    796.6    920.1
     1     1    17     8    17     9     0     0   -18.0   45.456 -118.962    774.1    923.0
