     1     1
    SITE    10     3     1     0     0
     1 BACKWARD OMEGA   
    17     8     8    13   46.392 -119.412   700.0
     1 PRESSURE
     1     1    17     8     8    13     0     0     0.0   46.392 -119.412    700.0    931.4
     1     1    17     8     8    12     0     0    -1.0   46.370 -119.327    685.7    933.1
     1     1    17     8     8    11     0     0    -2.0   46.387 -119.233    701.1    931.0
     1     1    17     8     8    10     0     0    -3.0   46.412 -119.147    699.5    931.4
     1     1    17     8     8     9     0     0    -4.0   46.418 -119.075    697.1    932.3
     1     1    17     8     8     8     0     0    -5.0   46.413 -119.024    695.4    931.9
     1     1    17     8     8     7     0     0    -6.0   46.412 -118.986    697.2    932.2
     1     1    17     8     8     6     0     0    -7.0   46.398 -118.963    695.0    931.1
     1     1    17     8     8     5     0     0    -8.0   46.371 -118.954    689.9    933.1
     1     1    17     8     8     4     0     0    -9.0   46.369 -118.923    691.4    932.7
     1     1    17     8     8     3     0     0   -10.0   46.385 -118.878    690.4    931.6
     1     1    17     8     8     2     0     0   -11.0   46.375 -118.870    686.6    933.1
     1     1    17     8     8     1     0     0   -12.0   46.348 -118.883    687.8    933.3
     1     1    17     8     8     0     0     0   -13.0   46.302 -118.889    685.0    932.3
     1     1    17     8     7    23     0     0   -14.0   46.252 -118.909    674.5    934.2
     1     1    17     8     7    22     0     0   -15.0   46.222 -118.961    662.5    935.6
     1     1    17     8     7    21     0     0   -16.0   46.195 -118.987    656.9    937.6
     1     1    17     8     7    20     0     0   -17.0   46.153 -118.984    669.0    936.2
     1     1    17     8     7    19     0     0   -18.0   46.090 -118.980    684.0    932.3
     1     1    17     8     7    18     0     0   -19.0   46.004 -118.953    708.8    931.5
     1     1    17     8     7    17     0     0   -20.0   45.912 -118.917    748.2    924.9
     1     1    17     8     7    16     0     0   -21.0   45.820 -118.864    760.5    925.3
     1     1    17     8     7    15     0     0   -22.0   45.740 -118.782    781.3    921.6
     1     1    17     8     7    14     0     0   -23.0   45.665 -118.710    783.1    921.9
     1     1    17     8     7    13     0     0   -24.0   45.597 -118.649    778.8    922.7
     1     1    17     8     7    12     0     0   -25.0   45.539 -118.617    788.0    921.4
     1     1    17     8     7    11     0     0   -26.0   45.527 -118.582    793.4    920.5
     1     1    17     8     7    10     0     0   -27.0   45.557 -118.507    795.7    920.0
     1     1    17     8     7     9     0     0   -28.0   45.596 -118.427    800.6    920.7
     1     1    17     8     7     8     0     0   -29.0   45.619 -118.337    815.0    918.8
     1     1    17     8     7     7     0     0   -30.0   45.617 -118.267    823.9    916.0
     1     1    17     8     7     6     0     0   -31.0   45.603 -118.251    817.6    917.9
     1     1    17     8     7     5     0     0   -32.0   45.598 -118.215    821.9    918.8
     1     1    17     8     7     4     0     0   -33.0   45.576 -118.161    832.1    915.2
     1     1    17     8     7     3     0     0   -34.0   45.550 -118.116    836.8    916.3
     1     1    17     8     7     2     0     0   -35.0   45.534 -118.082    843.5    915.0
     1     1    17     8     7     1     0     0   -36.0   45.492 -118.050    847.3    914.9
     1     1    17     8     7     0     0     0   -37.0   45.446 -117.985    848.3    914.9
     1     1    17     8     6    23     0     0   -38.0   45.415 -117.909    856.9    914.7
