     1     1
    SITE    10     3     1     0     0
     1 BACKWARD OMEGA   
    17     8     9    12   46.392 -119.412   700.0
     1 PRESSURE
     1     1    17     8     9    12     0     0     0.0   46.392 -119.412    700.0    931.4
     1     1    17     8     9    11     0     0    -1.0   46.327 -119.418    698.2    931.6
     1     1    17     8     9    10     0     0    -2.0   46.302 -119.391    704.5    930.8
     1     1    17     8     9     9     0     0    -3.0   46.317 -119.322    705.0    930.6
     1     1    17     8     9     8     0     0    -4.0   46.339 -119.256    714.3    931.1
     1     1    17     8     9     7     0     0    -5.0   46.337 -119.213    726.2    928.1
     1     1    17     8     9     6     0     0    -6.0   46.315 -119.157    736.6    927.0
     1     1    17     8     9     5     0     0    -7.0   46.301 -119.131    740.9    927.1
     1     1    17     8     9     4     0     0    -8.0   46.286 -119.112    745.4    925.5
     1     1    17     8     9     3     0     0    -9.0   46.261 -119.087    748.8    925.1
     1     1    17     8     9     2     0     0   -10.0   46.221 -119.091    753.7    925.5
     1     1    17     8     9     1     0     0   -11.0   46.232 -119.039    754.4    924.7
     1     1    17     8     9     0     0     0   -12.0   46.228 -118.995    758.8    924.5
     1     1    17     8     8    23     0     0   -13.0   46.170 -119.002    749.8    926.0
     1     1    17     8     8    22     0     0   -14.0   46.148 -118.989    748.8    926.0
     1     1    17     8     8    21     0     0   -15.0   46.142 -118.972    747.5    926.2
     1     1    17     8     8    20     0     0   -16.0   46.133 -119.018    745.4    925.7
     1     1    17     8     8    19     0     0   -17.0   46.125 -119.042    732.3    927.2
     1     1    17     8     8    18     0     0   -18.0   46.138 -118.974    726.7    928.0
     1     1    17     8     8    17     0     0   -19.0   46.176 -118.882    735.5    928.7
     1     1    17     8     8    16     0     0   -20.0   46.227 -118.784    740.2    925.1
     1     1    17     8     8    15     0     0   -21.0   46.252 -118.673    740.0    927.2
     1     1    17     8     8    14     0     0   -22.0   46.233 -118.557    745.3    926.3
     1     1    17     8     8    13     0     0   -23.0   46.191 -118.470    743.2    926.0
     1     1    17     8     8    12     0     0   -24.0   46.170 -118.384    740.4    928.1
     1     1    17     8     8    11     0     0   -25.0   46.188 -118.289    750.6    925.9
     1     1    17     8     8    10     0     0   -26.0   46.213 -118.201    756.7    923.4
     1     1    17     8     8     9     0     0   -27.0   46.219 -118.128    760.7    925.6
     1     1    17     8     8     8     0     0   -28.0   46.215 -118.077    776.2    923.0
     1     1    17     8     8     7     0     0   -29.0   46.213 -118.041    788.6    921.1
     1     1    17     8     8     6     0     0   -30.0   46.199 -118.018    793.4    920.4
     1     1    17     8     8     5     0     0   -31.0   46.172 -118.010    795.8    920.7
     1     1    17     8     8     4     0     0   -32.0   46.170 -117.980    797.0    920.2
     1     1    17     8     8     3     0     0   -33.0   46.186 -117.934    800.3    919.7
