     1     1
    SITE    10     3     1     0     0
     1 BACKWARD OMEGA   
    17     8    21    14   46.392 -119.412   700.0
     1 PRESSURE
     1     1    17     8    21    14     0     0     0.0   46.392 -119.412    700.0    931.4
     1     1    17     8    21    13     0     0    -1.0   46.376 -119.358    678.2    934.0
     1     1    17     8    21    12     0     0    -2.0   46.368 -119.279    655.0    937.1
     1     1    17     8    21    11     0     0    -3.0   46.346 -119.186    634.9    938.5
     1     1    17     8    21    10     0     0    -4.0   46.360 -119.108    630.4    939.2
     1     1    17     8    21     9     0     0    -5.0   46.377 -119.070    620.4    941.4
     1     1    17     8    21     8     0     0    -6.0   46.374 -119.019    619.1    941.1
     1     1    17     8    21     7     0     0    -7.0   46.371 -118.952    617.4    941.1
     1     1    17     8    21     6     0     0    -8.0   46.378 -118.898    616.5    941.0
     1     1    17     8    21     5     0     0    -9.0   46.382 -118.866    615.1    941.4
     1     1    17     8    21     4     0     0   -10.0   46.369 -118.858    614.6    941.4
     1     1    17     8    21     3     0     0   -11.0   46.340 -118.828    621.5    941.5
     1     1    17     8    21     2     0     0   -12.0   46.312 -118.806    623.1    939.4
     1     1    17     8    21     1     0     0   -13.0   46.296 -118.779    614.8    941.0
     1     1    17     8    21     0     0     0   -14.0   46.263 -118.741    605.3    941.9
     1     1    17     8    20    23     0     0   -15.0   46.214 -118.744    594.9    944.2
     1     1    17     8    20    22     0     0   -16.0   46.220 -118.774    592.8    943.9
     1     1    17     8    20    21     0     0   -17.0   46.260 -118.792    591.0    944.1
     1     1    17     8    20    20     0     0   -18.0   46.258 -118.788    586.4    944.3
     1     1    17     8    20    19     0     0   -19.0   46.219 -118.763    586.9    944.9
     1     1    17     8    20    18     0     0   -20.0   46.184 -118.656    578.0    943.1
     1     1    17     8    20    17     0     0   -21.0   46.152 -118.491    564.6    946.4
     1     1    17     8    20    16     0     0   -22.0   46.133 -118.320    560.0    946.4
     1     1    17     8    20    15     0     0   -23.0   46.106 -118.159    543.7    949.5
     1     1    17     8    20    14     0     0   -24.0   46.035 -118.105    539.6    949.2
     1     1    17     8    20    13     0     0   -25.0   45.953 -118.146    527.0    950.2
     1     1    17     8    20    12     0     0   -26.0   45.890 -118.153    509.8    953.0
     1     1    17     8    20    11     0     0   -27.0   45.837 -118.149    510.0    953.2
     1     1    17     8    20    10     0     0   -28.0   45.783 -118.178    515.3    952.3
     1     1    17     8    20     9     0     0   -29.0   45.738 -118.209    518.1    951.3
     1     1    17     8    20     8     0     0   -30.0   45.686 -118.209    518.8    952.2
     1     1    17     8    20     7     0     0   -31.0   45.613 -118.178    515.6    952.0
     1     1    17     8    20     6     0     0   -32.0   45.537 -118.144    515.6    951.6
     1     1    17     8    20     5     0     0   -33.0   45.457 -118.137    517.6    952.0
