     1     1
    SITE    10     3     1     0     0
     1 BACKWARD OMEGA   
    17     8    13     0   46.392 -119.412   700.0
     1 PRESSURE
     1     1    17     8    13     0     0     0     0.0   46.392 -119.412    700.0    931.4
     1     1    17     8    12    23     0     0    -1.0   46.338 -119.487    716.1    929.6
     1     1    17     8    12    22     0     0    -2.0   46.330 -119.680    734.1    927.2
     1     1    17     8    12    21     0     0    -3.0   46.415 -119.898    752.4    924.4
     1     1    17     8    12    20     0     0    -4.0   46.455 -120.108    735.9    928.2
     1     1    17     8    12    19     0     0    -5.0   46.371 -120.140    736.0    926.8
     1     1    17     8    12    18     0     0    -6.0   46.255 -120.042    720.5    926.8
     1     1    17     8    12    17     0     0    -7.0   46.110 -119.998    704.7    930.8
     1     1    17     8    12    16     0     0    -8.0   45.952 -119.937    710.5    930.9
     1     1    17     8    12    15     0     0    -9.0   45.818 -119.776    707.6    929.2
     1     1    17     8    12    14     0     0   -10.0   45.686 -119.646    701.3    930.6
     1     1    17     8    12    13     0     0   -11.0   45.544 -119.613    653.2    937.8
     1     1    17     8    12    12     0     0   -12.0   45.407 -119.592    658.9    936.8
