     1     1
    SITE    10     3     1     0     0
     1 BACKWARD OMEGA   
    17     8    11    15   46.392 -119.412   700.0
     1 PRESSURE
     1     1    17     8    11    15     0     0     0.0   46.392 -119.412    700.0    931.4
     1     1    17     8    11    14     0     0    -1.0   46.390 -119.313    701.2    931.3
     1     1    17     8    11    13     0     0    -2.0   46.358 -119.215    696.4    931.7
     1     1    17     8    11    12     0     0    -3.0   46.307 -119.141    688.8    932.3
     1     1    17     8    11    11     0     0    -4.0   46.262 -119.080    681.3    934.4
     1     1    17     8    11    10     0     0    -5.0   46.255 -119.006    683.1    934.2
     1     1    17     8    11     9     0     0    -6.0   46.283 -118.918    674.9    932.4
     1     1    17     8    11     8     0     0    -7.0   46.329 -118.827    640.0    937.4
     1     1    17     8    11     7     0     0    -8.0   46.387 -118.753    611.7    943.8
     1     1    17     8    11     6     0     0    -9.0   46.440 -118.693    621.6    942.0
     1     1    17     8    11     5     0     0   -10.0   46.430 -118.668    639.3    937.4
     1     1    17     8    11     4     0     0   -11.0   46.389 -118.701    636.6    940.8
     1     1    17     8    11     3     0     0   -12.0   46.351 -118.731    636.4    936.5
     1     1    17     8    11     2     0     0   -13.0   46.312 -118.690    615.5    941.8
     1     1    17     8    11     1     0     0   -14.0   46.291 -118.640    607.4    942.1
     1     1    17     8    11     0     0     0   -15.0   46.269 -118.612    599.7    942.8
     1     1    17     8    10    23     0     0   -16.0   46.230 -118.603    594.9    943.9
     1     1    17     8    10    22     0     0   -17.0   46.194 -118.648    594.8    943.1
     1     1    17     8    10    21     0     0   -18.0   46.183 -118.670    592.1    943.8
     1     1    17     8    10    20     0     0   -19.0   46.193 -118.676    590.5    943.6
     1     1    17     8    10    19     0     0   -20.0   46.185 -118.737    580.2    944.4
     1     1    17     8    10    18     0     0   -21.0   46.179 -118.705    580.3    945.5
     1     1    17     8    10    17     0     0   -22.0   46.211 -118.572    580.3    944.6
     1     1    17     8    10    16     0     0   -23.0   46.254 -118.436    579.8    944.6
     1     1    17     8    10    15     0     0   -24.0   46.290 -118.303    581.1    945.5
     1     1    17     8    10    14     0     0   -25.0   46.326 -118.178    590.4    943.4
     1     1    17     8    10    13     0     0   -26.0   46.360 -118.066    579.1    945.1
     1     1    17     8    10    12     0     0   -27.0   46.378 -117.968    580.0    945.3
