     1     1
    SITE    10     3     1     0     0
     1 BACKWARD OMEGA   
    17     8     2     3   46.392 -119.412   700.0
     1 PRESSURE
     1     1    17     8     2     3     0     0     0.0   46.392 -119.412    700.0    931.4
     1     1    17     8     2     2     0     0    -1.0   46.438 -119.510    695.8    931.9
     1     1    17     8     2     1     0     0    -2.0   46.416 -119.616    715.2    929.7
     1     1    17     8     2     0     0     0    -3.0   46.401 -119.692    724.4    928.2
     1     1    17     8     1    23     0     0    -4.0   46.403 -119.758    721.6    928.9
     1     1    17     8     1    22     0     0    -5.0   46.436 -119.764    728.6    929.2
     1     1    17     8     1    21     0     0    -6.0   46.497 -119.778    734.8    927.3
     1     1    17     8     1    20     0     0    -7.0   46.546 -119.832    737.9    927.0
     1     1    17     8     1    19     0     0    -8.0   46.555 -119.802    744.2    926.1
     1     1    17     8     1    18     0     0    -9.0   46.574 -119.699    743.7    926.8
     1     1    17     8     1    17     0     0   -10.0   46.650 -119.548    722.3    930.4
     1     1    17     8     1    16     0     0   -11.0   46.721 -119.357    724.0    927.4
     1     1    17     8     1    15     0     0   -12.0   46.779 -119.152    711.7    930.3
     1     1    17     8     1    14     0     0   -13.0   46.851 -119.016    723.0    927.9
     1     1    17     8     1    13     0     0   -14.0   46.892 -118.918    687.7    933.1
     1     1    17     8     1    12     0     0   -15.0   46.880 -118.903    648.9    937.8
     1     1    17     8     1    11     0     0   -16.0   46.830 -118.963    630.7    940.1
     1     1    17     8     1    10     0     0   -17.0   46.749 -118.964    614.8    941.4
     1     1    17     8     1     9     0     0   -18.0   46.683 -118.953    601.3    942.7
     1     1    17     8     1     8     0     0   -19.0   46.640 -118.948    597.3    943.4
     1     1    17     8     1     7     0     0   -20.0   46.604 -118.935    603.1    942.7
     1     1    17     8     1     6     0     0   -21.0   46.589 -118.938    602.9    942.0
     1     1    17     8     1     5     0     0   -22.0   46.579 -118.944    598.6    943.3
     1     1    17     8     1     4     0     0   -23.0   46.582 -118.913    600.1    943.3
     1     1    17     8     1     3     0     0   -24.0   46.585 -118.886    602.3    942.3
     1     1    17     8     1     2     0     0   -25.0   46.572 -118.858    599.1    942.8
     1     1    17     8     1     1     0     0   -26.0   46.544 -118.818    594.6    943.7
     1     1    17     8     1     0     0     0   -27.0   46.533 -118.765    598.2    943.7
     1     1    17     7    31    23     0     0   -28.0   46.543 -118.753    603.7    942.0
     1     1    17     7    31    22     0     0   -29.0   46.516 -118.767    601.7    942.5
     1     1    17     7    31    21     0     0   -30.0   46.506 -118.763    593.9    943.6
     1     1    17     7    31    20     0     0   -31.0   46.510 -118.786    592.1    944.3
     1     1    17     7    31    19     0     0   -32.0   46.447 -118.811    587.3    943.4
     1     1    17     7    31    18     0     0   -33.0   46.362 -118.768    579.7    945.4
     1     1    17     7    31    17     0     0   -34.0   46.336 -118.673    579.6    945.5
     1     1    17     7    31    16     0     0   -35.0   46.361 -118.576    602.9    943.9
     1     1    17     7    31    15     0     0   -36.0   46.369 -118.456    609.2    940.6
     1     1    17     7    31    14     0     0   -37.0   46.341 -118.351    593.2    944.0
     1     1    17     7    31    13     0     0   -38.0   46.332 -118.263    599.0    943.2
     1     1    17     7    31    12     0     0   -39.0   46.321 -118.162    599.9    942.5
     1     1    17     7    31    11     0     0   -40.0   46.316 -118.059    594.8    943.8
     1     1    17     7    31    10     0     0   -41.0   46.334 -117.954    598.3    943.1
