     1     1
    SITE    10     3     1     0     0
     1 BACKWARD OMEGA   
    17     8    24     9   46.392 -119.412   700.0
     1 PRESSURE
     1     1    17     8    24     9     0     0     0.0   46.392 -119.412    700.0    931.4
     1     1    17     8    24     8     0     0    -1.0   46.410 -119.596    678.9    933.9
     1     1    17     8    24     7     0     0    -2.0   46.488 -119.815    704.9    930.9
     1     1    17     8    24     6     0     0    -3.0   46.490 -119.941    715.8    929.3
     1     1    17     8    24     5     0     0    -4.0   46.478 -120.003    714.4    929.8
     1     1    17     8    24     4     0     0    -5.0   46.482 -120.068    717.6    928.8
     1     1    17     8    24     3     0     0    -6.0   46.445 -120.082    713.6    930.1
     1     1    17     8    24     2     0     0    -7.0   46.393 -120.085    712.0    930.9
     1     1    17     8    24     1     0     0    -8.0   46.351 -120.080    713.5    929.0
     1     1    17     8    24     0     0     0    -9.0   46.350 -120.056    720.4    930.2
     1     1    17     8    23    23     0     0   -10.0   46.348 -120.053    721.1    927.6
     1     1    17     8    23    22     0     0   -11.0   46.317 -120.079    712.4    930.1
     1     1    17     8    23    21     0     0   -12.0   46.277 -120.149    726.8    931.0
     1     1    17     8    23    20     0     0   -13.0   46.207 -120.181    774.9    922.3
     1     1    17     8    23    19     0     0   -14.0   46.138 -120.124    784.2    921.8
     1     1    17     8    23    18     0     0   -15.0   46.076 -120.054    790.2    921.8
     1     1    17     8    23    17     0     0   -16.0   46.005 -119.971    808.1    919.4
     1     1    17     8    23    16     0     0   -17.0   45.935 -119.849    837.3    915.7
     1     1    17     8    23    15     0     0   -18.0   45.830 -119.728    840.9    915.9
     1     1    17     8    23    14     0     0   -19.0   45.714 -119.601    863.9    914.3
     1     1    17     8    23    13     0     0   -20.0   45.583 -119.477    930.0    907.1
     1     1    17     8    23    12     0     0   -21.0   45.422 -119.364    942.2    904.5
