     1     1
    SITE    10     3     1     0     0
     1 BACKWARD OMEGA   
    17     8     4    16   46.392 -119.412   700.0
     1 PRESSURE
     1     1    17     8     4    16     0     0     0.0   46.392 -119.412    700.0    931.4
     1     1    17     8     4    15     0     0    -1.0   46.427 -119.303    687.2    932.9
     1     1    17     8     4    14     0     0    -2.0   46.450 -119.296    695.6    932.0
     1     1    17     8     4    13     0     0    -3.0   46.446 -119.367    694.3    930.9
     1     1    17     8     4    12     0     0    -4.0   46.404 -119.446    694.8    932.7
     1     1    17     8     4    11     0     0    -5.0   46.429 -119.507    719.6    929.8
     1     1    17     8     4    10     0     0    -6.0   46.543 -119.536    749.3    925.5
     1     1    17     8     4     9     0     0    -7.0   46.652 -119.572    734.8    928.3
     1     1    17     8     4     8     0     0    -8.0   46.684 -119.617    736.4    926.8
     1     1    17     8     4     7     0     0    -9.0   46.673 -119.654    730.3    928.0
     1     1    17     8     4     6     0     0   -10.0   46.653 -119.662    724.3    928.4
     1     1    17     8     4     5     0     0   -11.0   46.641 -119.688    721.1    929.6
     1     1    17     8     4     4     0     0   -12.0   46.607 -119.717    722.1    928.2
     1     1    17     8     4     3     0     0   -13.0   46.545 -119.689    705.1    929.7
     1     1    17     8     4     2     0     0   -14.0   46.490 -119.669    687.2    934.5
     1     1    17     8     4     1     0     0   -15.0   46.433 -119.672    689.6    932.9
     1     1    17     8     4     0     0     0   -16.0   46.378 -119.664    687.2    932.0
     1     1    17     8     3    23     0     0   -17.0   46.322 -119.669    695.1    934.2
     1     1    17     8     3    22     0     0   -18.0   46.253 -119.679    694.4    931.4
     1     1    17     8     3    21     0     0   -19.0   46.179 -119.643    684.9    934.0
     1     1    17     8     3    20     0     0   -20.0   46.087 -119.621    686.8    932.8
     1     1    17     8     3    19     0     0   -21.0   45.986 -119.641    669.5    934.6
     1     1    17     8     3    18     0     0   -22.0   45.895 -119.615    660.6    937.0
     1     1    17     8     3    17     0     0   -23.0   45.855 -119.505    645.4    937.3
     1     1    17     8     3    16     0     0   -24.0   45.889 -119.374    631.9    940.4
     1     1    17     8     3    15     0     0   -25.0   45.932 -119.267    633.0    939.4
     1     1    17     8     3    14     0     0   -26.0   45.905 -119.207    635.3    939.3
     1     1    17     8     3    13     0     0   -27.0   45.896 -119.163    624.5    939.8
     1     1    17     8     3    12     0     0   -28.0   45.960 -119.087    619.9    943.3
     1     1    17     8     3    11     0     0   -29.0   45.992 -119.128    626.8    938.4
     1     1    17     8     3    10     0     0   -30.0   45.958 -119.212    645.1    937.9
     1     1    17     8     3     9     0     0   -31.0   45.897 -119.214    640.2    938.2
     1     1    17     8     3     8     0     0   -32.0   45.862 -119.186    627.6    940.3
     1     1    17     8     3     7     0     0   -33.0   45.836 -119.157    621.6    941.2
     1     1    17     8     3     6     0     0   -34.0   45.832 -119.160    620.1    940.7
     1     1    17     8     3     5     0     0   -35.0   45.827 -119.170    620.0    940.9
     1     1    17     8     3     4     0     0   -36.0   45.838 -119.133    619.5    940.9
     1     1    17     8     3     3     0     0   -37.0   45.894 -119.081    612.9    941.6
     1     1    17     8     3     2     0     0   -38.0   45.958 -119.051    610.1    942.6
     1     1    17     8     3     1     0     0   -39.0   45.985 -118.989    605.6    941.5
     1     1    17     8     3     0     0     0   -40.0   45.964 -118.954    602.5    942.8
     1     1    17     8     2    23     0     0   -41.0   45.942 -118.925    608.5    942.5
     1     1    17     8     2    22     0     0   -42.0   45.913 -118.883    616.2    940.5
     1     1    17     8     2    21     0     0   -43.0   45.913 -118.900    614.0    941.7
     1     1    17     8     2    20     0     0   -44.0   45.928 -118.876    599.8    941.3
     1     1    17     8     2    19     0     0   -45.0   45.957 -118.848    586.7    943.5
     1     1    17     8     2    18     0     0   -46.0   46.060 -118.850    608.9    943.0
     1     1    17     8     2    17     0     0   -47.0   46.197 -118.805    622.9    939.9
     1     1    17     8     2    16     0     0   -48.0   46.348 -118.716    611.7    940.6
     1     1    17     8     2    15     0     0   -49.0   46.482 -118.609    604.8    942.2
     1     1    17     8     2    14     0     0   -50.0   46.604 -118.509    607.9    942.2
     1     1    17     8     2    13     0     0   -51.0   46.732 -118.417    622.8    940.0
     1     1    17     8     2    12     0     0   -52.0   46.792 -118.263    611.4    940.8
     1     1    17     8     2    11     0     0   -53.0   46.873 -118.122    579.1    945.3
     1     1    17     8     2    10     0     0   -54.0   47.062 -118.072    570.0    945.8
     1     1    17     8     2     9     0     0   -55.0   47.056 -118.067    557.4    947.4
     1     1    17     8     2     8     0     0   -56.0   47.033 -118.093    598.3    943.2
     1     1    17     8     2     7     0     0   -57.0   47.146 -118.092    616.1    941.0
     1     1    17     8     2     6     0     0   -58.0   47.193 -118.063    613.4    941.6
     1     1    17     8     2     5     0     0   -59.0   47.186 -118.048    629.8    940.9
     1     1    17     8     2     4     0     0   -60.0   47.153 -117.995    622.3    937.7
     1     1    17     8     2     3     0     0   -61.0   47.199 -117.978    619.1    941.3
     1     1    17     8     2     2     0     0   -62.0   47.243 -118.076    625.9    940.3
     1     1    17     8     2     1     0     0   -63.0   47.220 -118.179    622.5    940.6
     1     1    17     8     2     0     0     0   -64.0   47.204 -118.255    619.3    941.0
     1     1    17     8     1    23     0     0   -65.0   47.206 -118.325    622.6    940.8
     1     1    17     8     1    22     0     0   -66.0   47.241 -118.331    622.2    940.1
     1     1    17     8     1    21     0     0   -67.0   47.305 -118.346    606.9    941.6
     1     1    17     8     1    20     0     0   -68.0   47.352 -118.403    593.9    944.6
