     1     1
    SITE    10     3     1     0     0
     1 BACKWARD OMEGA   
    17     8    29    15   46.392 -119.412   700.0
     1 PRESSURE
     1     1    17     8    29    15     0     0     0.0   46.392 -119.412    700.0    931.4
     1     1    17     8    29    14     0     0    -1.0   46.374 -119.323    698.2    931.6
     1     1    17     8    29    13     0     0    -2.0   46.353 -119.232    699.0    932.8
     1     1    17     8    29    12     0     0    -3.0   46.343 -119.133    699.1    930.2
     1     1    17     8    29    11     0     0    -4.0   46.345 -119.042    701.5    931.8
     1     1    17     8    29    10     0     0    -5.0   46.320 -118.999    704.9    929.0
     1     1    17     8    29     9     0     0    -6.0   46.271 -119.001    699.1    931.3
     1     1    17     8    29     8     0     0    -7.0   46.224 -119.018    699.5    932.0
     1     1    17     8    29     7     0     0    -8.0   46.198 -119.014    701.9    930.9
     1     1    17     8    29     6     0     0    -9.0   46.193 -118.991    701.8    931.1
     1     1    17     8    29     5     0     0   -10.0   46.177 -118.976    699.2    931.3
     1     1    17     8    29     4     0     0   -11.0   46.171 -118.916    686.1    931.9
     1     1    17     8    29     3     0     0   -12.0   46.195 -118.806    656.6    937.1
     1     1    17     8    29     2     0     0   -13.0   46.241 -118.697    659.5    936.4
     1     1    17     8    29     1     0     0   -14.0   46.288 -118.617    672.1    934.8
     1     1    17     8    29     0     0     0   -15.0   46.287 -118.593    673.5    933.1
     1     1    17     8    28    23     0     0   -16.0   46.250 -118.604    674.9    935.3
     1     1    17     8    28    22     0     0   -17.0   46.222 -118.589    685.6    933.3
     1     1    17     8    28    21     0     0   -18.0   46.197 -118.554    690.1    931.0
     1     1    17     8    28    20     0     0   -19.0   46.170 -118.583    683.2    933.8
     1     1    17     8    28    19     0     0   -20.0   46.133 -118.624    665.6    935.7
     1     1    17     8    28    18     0     0   -21.0   46.146 -118.671    670.2    937.6
     1     1    17     8    28    17     0     0   -22.0   46.227 -118.761    659.5    937.0
     1     1    17     8    28    16     0     0   -23.0   46.314 -118.808    661.8    936.5
     1     1    17     8    28    15     0     0   -24.0   46.402 -118.825    670.6    935.0
     1     1    17     8    28    14     0     0   -25.0   46.404 -118.832    691.7    932.7
     1     1    17     8    28    13     0     0   -26.0   46.313 -118.845    712.5    931.0
     1     1    17     8    28    12     0     0   -27.0   46.305 -118.813    731.7    927.2
     1     1    17     8    28    11     0     0   -28.0   46.387 -118.764    732.1    928.4
     1     1    17     8    28    10     0     0   -29.0   46.387 -118.767    747.5    925.6
     1     1    17     8    28     9     0     0   -30.0   46.394 -118.787    740.6    926.6
     1     1    17     8    28     8     0     0   -31.0   46.401 -118.821    744.6    926.8
     1     1    17     8    28     7     0     0   -32.0   46.343 -118.800    740.3    926.3
     1     1    17     8    28     6     0     0   -33.0   46.299 -118.804    716.2    929.5
     1     1    17     8    28     5     0     0   -34.0   46.254 -118.780    714.8    931.7
     1     1    17     8    28     4     0     0   -35.0   46.211 -118.709    699.8    932.0
     1     1    17     8    28     3     0     0   -36.0   46.163 -118.745    695.4    931.9
     1     1    17     8    28     2     0     0   -37.0   46.157 -118.772    696.1    932.4
     1     1    17     8    28     1     0     0   -38.0   46.163 -118.725    697.3    931.1
     1     1    17     8    28     0     0     0   -39.0   46.140 -118.667    699.9    932.3
     1     1    17     8    27    23     0     0   -40.0   46.110 -118.609    703.9    930.5
     1     1    17     8    27    22     0     0   -41.0   46.090 -118.543    710.7    930.9
     1     1    17     8    27    21     0     0   -42.0   46.076 -118.483    716.6    928.8
     1     1    17     8    27    20     0     0   -43.0   46.050 -118.457    716.5    929.3
     1     1    17     8    27    19     0     0   -44.0   46.023 -118.459    717.2    929.8
     1     1    17     8    27    18     0     0   -45.0   46.010 -118.451    717.5    928.7
     1     1    17     8    27    17     0     0   -46.0   46.004 -118.430    715.2    929.9
     1     1    17     8    27    16     0     0   -47.0   45.990 -118.393    722.2    929.6
     1     1    17     8    27    15     0     0   -48.0   45.963 -118.326    728.1    927.8
     1     1    17     8    27    14     0     0   -49.0   45.925 -118.248    715.6    927.8
     1     1    17     8    27    13     0     0   -50.0   45.885 -118.173    700.2    933.1
     1     1    17     8    27    12     0     0   -51.0   45.888 -118.109    708.5    931.4
     1     1    17     8    27    11     0     0   -52.0   45.883 -118.061    708.5    927.4
     1     1    17     8    27    10     0     0   -53.0   45.847 -118.014    696.3    933.0
     1     1    17     8    27     9     0     0   -54.0   45.838 -117.956    707.3    932.1
     1     1    17     8    27     8     0     0   -55.0   45.834 -117.892    724.0    928.2
