     1     1
    SITE    10     3     1     0     0
     1 BACKWARD OMEGA   
    17     8    20    16   46.392 -119.412   700.0
     1 PRESSURE
     1     1    17     8    20    16     0     0     0.0   46.392 -119.412    700.0    931.4
     1     1    17     8    20    15     0     0    -1.0   46.366 -119.256    721.9    928.9
     1     1    17     8    20    14     0     0    -2.0   46.296 -119.206    713.2    929.7
     1     1    17     8    20    13     0     0    -3.0   46.213 -119.254    732.2    927.0
     1     1    17     8    20    12     0     0    -4.0   46.149 -119.262    727.3    928.2
     1     1    17     8    20    11     0     0    -5.0   46.097 -119.258    717.4    929.9
     1     1    17     8    20    10     0     0    -6.0   46.044 -119.286    710.5    930.4
     1     1    17     8    20     9     0     0    -7.0   45.998 -119.318    709.3    930.6
     1     1    17     8    20     8     0     0    -8.0   45.947 -119.321    700.6    930.4
     1     1    17     8    20     7     0     0    -9.0   45.876 -119.288    695.7    932.1
     1     1    17     8    20     6     0     0   -10.0   45.800 -119.255    687.0    932.3
     1     1    17     8    20     5     0     0   -11.0   45.718 -119.250    665.4    935.2
     1     1    17     8    20     4     0     0   -12.0   45.630 -119.262    647.0    937.4
     1     1    17     8    20     3     0     0   -13.0   45.539 -119.251    639.3    939.3
     1     1    17     8    20     2     0     0   -14.0   45.475 -119.249    638.1    938.6
     1     1    17     8    20     1     0     0   -15.0   45.447 -119.272    638.5    939.1
     1     1    17     8    20     0     0     0   -16.0   45.411 -119.293    641.5    937.6
