     1     1
    SITE    10     3     1     0     0
     1 BACKWARD OMEGA   
    17     8    15     5   46.392 -119.412   700.0
     1 PRESSURE
     1     1    17     8    15     5     0     0     0.0   46.392 -119.412    700.0    931.4
     1     1    17     8    15     4     0     0    -1.0   46.392 -119.384    701.8    931.2
     1     1    17     8    15     3     0     0    -2.0   46.396 -119.337    703.5    930.6
     1     1    17     8    15     2     0     0    -3.0   46.383 -119.242    707.8    931.1
     1     1    17     8    15     1     0     0    -4.0   46.399 -119.158    701.2    931.1
     1     1    17     8    15     0     0     0    -5.0   46.449 -119.164    700.6    932.6
     1     1    17     8    14    23     0     0    -6.0   46.475 -119.233    718.3    930.0
     1     1    17     8    14    22     0     0    -7.0   46.461 -119.275    726.2    928.2
     1     1    17     8    14    21     0     0    -8.0   46.410 -119.261    709.0    928.3
     1     1    17     8    14    20     0     0    -9.0   46.338 -119.245    697.7    931.4
     1     1    17     8    14    19     0     0   -10.0   46.260 -119.189    687.0    933.3
     1     1    17     8    14    18     0     0   -11.0   46.171 -119.067    683.4    931.8
     1     1    17     8    14    17     0     0   -12.0   46.083 -118.923    632.4    940.2
     1     1    17     8    14    16     0     0   -13.0   45.994 -118.785    592.5    944.8
     1     1    17     8    14    15     0     0   -14.0   45.928 -118.632    609.7    942.1
     1     1    17     8    14    14     0     0   -15.0   45.859 -118.585    617.5    940.6
     1     1    17     8    14    13     0     0   -16.0   45.769 -118.547    631.1    940.7
     1     1    17     8    14    12     0     0   -17.0   45.661 -118.426    655.3    935.6
     1     1    17     8    14    11     0     0   -18.0   45.539 -118.387    648.2    937.1
     1     1    17     8    14    10     0     0   -19.0   45.426 -118.386    644.3    938.2
