     1     1
    SITE    10     3     1     0     0
     1 BACKWARD OMEGA   
    17     8     8    23   46.392 -119.412   700.0
     1 PRESSURE
     1     1    17     8     8    23     0     0     0.0   46.392 -119.412    700.0    931.4
     1     1    17     8     8    22     0     0    -1.0   46.370 -119.399    694.8    932.0
     1     1    17     8     8    21     0     0    -2.0   46.364 -119.381    688.5    933.5
     1     1    17     8     8    20     0     0    -3.0   46.355 -119.428    689.7    932.9
     1     1    17     8     8    19     0     0    -4.0   46.346 -119.450    683.3    933.6
     1     1    17     8     8    18     0     0    -5.0   46.358 -119.383    687.7    933.5
     1     1    17     8     8    17     0     0    -6.0   46.396 -119.291    692.4    932.7
     1     1    17     8     8    16     0     0    -7.0   46.446 -119.190    688.0    933.1
     1     1    17     8     8    15     0     0    -8.0   46.470 -119.076    686.0    932.9
     1     1    17     8     8    14     0     0    -9.0   46.451 -118.961    700.2    931.9
     1     1    17     8     8    13     0     0   -10.0   46.409 -118.876    715.7    928.9
     1     1    17     8     8    12     0     0   -11.0   46.389 -118.789    709.9    930.2
     1     1    17     8     8    11     0     0   -12.0   46.408 -118.695    702.6    931.1
     1     1    17     8     8    10     0     0   -13.0   46.434 -118.608    698.5    931.9
     1     1    17     8     8     9     0     0   -14.0   46.440 -118.536    699.9    931.7
     1     1    17     8     8     8     0     0   -15.0   46.435 -118.485    703.9    930.3
     1     1    17     8     8     7     0     0   -16.0   46.434 -118.448    703.1    931.1
     1     1    17     8     8     6     0     0   -17.0   46.419 -118.427    704.5    931.2
     1     1    17     8     8     5     0     0   -18.0   46.392 -118.420    709.7    930.3
     1     1    17     8     8     4     0     0   -19.0   46.389 -118.390    706.7    929.7
     1     1    17     8     8     3     0     0   -20.0   46.405 -118.345    700.2    931.6
     1     1    17     8     8     2     0     0   -21.0   46.395 -118.336    695.2    931.9
     1     1    17     8     8     1     0     0   -22.0   46.368 -118.348    695.5    932.5
     1     1    17     8     8     0     0     0   -23.0   46.321 -118.354    699.0    931.5
     1     1    17     8     7    23     0     0   -24.0   46.271 -118.375    700.9    930.9
     1     1    17     8     7    22     0     0   -25.0   46.242 -118.426    698.4    931.3
     1     1    17     8     7    21     0     0   -26.0   46.214 -118.450    690.7    932.3
     1     1    17     8     7    20     0     0   -27.0   46.170 -118.446    686.2    933.4
     1     1    17     8     7    19     0     0   -28.0   46.104 -118.438    674.2    932.7
     1     1    17     8     7    18     0     0   -29.0   46.019 -118.406    651.3    938.0
     1     1    17     8     7    17     0     0   -30.0   45.929 -118.368    658.5    935.8
     1     1    17     8     7    16     0     0   -31.0   45.840 -118.318    644.1    937.9
     1     1    17     8     7    15     0     0   -32.0   45.760 -118.233    633.9    939.6
     1     1    17     8     7    14     0     0   -33.0   45.688 -118.160    634.6    939.0
     1     1    17     8     7    13     0     0   -34.0   45.620 -118.104    631.6    939.7
     1     1    17     8     7    12     0     0   -35.0   45.562 -118.076    629.1    939.9
     1     1    17     8     7    11     0     0   -36.0   45.551 -118.041    631.7    940.4
     1     1    17     8     7    10     0     0   -37.0   45.583 -117.967    660.5    937.7
     1     1    17     8     7     9     0     0   -38.0   45.620 -117.886    687.9    930.6
