     1     1
    SITE    10     3     1     0     0
     1 BACKWARD OMEGA   
    17     8    26     0   46.392 -119.412   700.0
     1 PRESSURE
     1     1    17     8    26     0     0     0     0.0   46.392 -119.412    700.0    931.4
     1     1    17     8    25    23     0     0    -1.0   46.394 -119.430    703.8    931.0
     1     1    17     8    25    22     0     0    -2.0   46.390 -119.423    701.1    930.7
     1     1    17     8    25    21     0     0    -3.0   46.388 -119.389    700.1    931.9
     1     1    17     8    25    20     0     0    -4.0   46.371 -119.341    701.1    931.3
     1     1    17     8    25    19     0     0    -5.0   46.339 -119.264    704.8    931.2
     1     1    17     8    25    18     0     0    -6.0   46.292 -119.157    705.6    930.7
     1     1    17     8    25    17     0     0    -7.0   46.245 -119.053    712.6    930.4
     1     1    17     8    25    16     0     0    -8.0   46.195 -118.942    721.6    928.5
     1     1    17     8    25    15     0     0    -9.0   46.144 -118.819    717.7    929.1
     1     1    17     8    25    14     0     0   -10.0   46.104 -118.700    708.2    929.5
     1     1    17     8    25    13     0     0   -11.0   46.080 -118.586    696.2    931.7
     1     1    17     8    25    12     0     0   -12.0   46.070 -118.467    680.8    933.4
     1     1    17     8    25    11     0     0   -13.0   46.035 -118.413    676.2    934.6
     1     1    17     8    25    10     0     0   -14.0   45.989 -118.453    682.2    933.3
     1     1    17     8    25     9     0     0   -15.0   45.954 -118.470    689.1    933.0
     1     1    17     8    25     8     0     0   -16.0   45.913 -118.459    703.1    930.6
     1     1    17     8    25     7     0     0   -17.0   45.879 -118.436    715.3    930.1
     1     1    17     8    25     6     0     0   -18.0   45.845 -118.394    727.9    928.1
     1     1    17     8    25     5     0     0   -19.0   45.796 -118.381    732.3    927.1
     1     1    17     8    25     4     0     0   -20.0   45.748 -118.391    733.6    929.0
     1     1    17     8    25     3     0     0   -21.0   45.709 -118.411    732.7    926.7
     1     1    17     8    25     2     0     0   -22.0   45.670 -118.446    722.7    928.8
     1     1    17     8    25     1     0     0   -23.0   45.649 -118.496    718.6    929.9
     1     1    17     8    25     0     0     0   -24.0   45.618 -118.536    711.6    929.1
     1     1    17     8    24    23     0     0   -25.0   45.584 -118.580    697.4    932.7
     1     1    17     8    24    22     0     0   -26.0   45.615 -118.706    682.0    932.5
     1     1    17     8    24    21     0     0   -27.0   45.726 -118.906    705.2    931.0
     1     1    17     8    24    20     0     0   -28.0   45.876 -119.133    742.8    927.2
     1     1    17     8    24    19     0     0   -29.0   46.049 -119.376    813.3    919.2
     1     1    17     8    24    18     0     0   -30.0   46.266 -119.650    818.6    918.4
     1     1    17     8    24    17     0     0   -31.0   46.499 -119.954    840.3    912.4
     1     1    17     8    24    16     0     0   -32.0   46.727 -120.245    832.9    916.8
     1     1    17     8    24    15     0     0   -33.0   46.940 -120.498    931.1    905.4
     1     1    17     8    24    14     0     0   -34.0   47.093 -120.702    975.4    901.1
