     1     1
    SITE    10     3     1     0     0
     1 BACKWARD OMEGA   
    17     8    11    12   46.392 -119.412   700.0
     1 PRESSURE
     1     1    17     8    11    12     0     0     0.0   46.392 -119.412    700.0    931.4
     1     1    17     8    11    11     0     0    -1.0   46.347 -119.350    705.8    930.7
     1     1    17     8    11    10     0     0    -2.0   46.341 -119.278    706.8    930.2
     1     1    17     8    11     9     0     0    -3.0   46.370 -119.193    707.4    930.1
     1     1    17     8    11     8     0     0    -4.0   46.414 -119.099    704.8    930.9
     1     1    17     8    11     7     0     0    -5.0   46.472 -119.020    711.0    931.1
     1     1    17     8    11     6     0     0    -6.0   46.525 -118.960    735.2    928.1
     1     1    17     8    11     5     0     0    -7.0   46.515 -118.933    758.7    923.6
     1     1    17     8    11     4     0     0    -8.0   46.473 -118.968    771.5    922.7
     1     1    17     8    11     3     0     0    -9.0   46.436 -118.996    768.7    922.7
     1     1    17     8    11     2     0     0   -10.0   46.400 -118.954    768.9    924.2
     1     1    17     8    11     1     0     0   -11.0   46.378 -118.904    769.2    924.1
     1     1    17     8    11     0     0     0   -12.0   46.355 -118.875    769.0    923.0
     1     1    17     8    10    23     0     0   -13.0   46.314 -118.865    758.0    924.2
     1     1    17     8    10    22     0     0   -14.0   46.276 -118.912    759.0    925.6
     1     1    17     8    10    21     0     0   -15.0   46.266 -118.934    760.5    924.4
     1     1    17     8    10    20     0     0   -16.0   46.274 -118.941    761.4    924.2
     1     1    17     8    10    19     0     0   -17.0   46.267 -119.002    755.0    925.4
     1     1    17     8    10    18     0     0   -18.0   46.258 -118.975    776.9    924.5
     1     1    17     8    10    17     0     0   -19.0   46.289 -118.846    792.4    921.2
     1     1    17     8    10    16     0     0   -20.0   46.332 -118.714    819.4    918.5
     1     1    17     8    10    15     0     0   -21.0   46.371 -118.585    853.1    914.5
     1     1    17     8    10    14     0     0   -22.0   46.409 -118.460    878.1    912.3
     1     1    17     8    10    13     0     0   -23.0   46.443 -118.350    882.4    911.4
     1     1    17     8    10    12     0     0   -24.0   46.459 -118.252    876.6    911.4
     1     1    17     8    10    11     0     0   -25.0   46.485 -118.172    869.3    913.2
     1     1    17     8    10    10     0     0   -26.0   46.498 -118.111    869.1    911.4
     1     1    17     8    10     9     0     0   -27.0   46.461 -118.034    865.0    913.2
     1     1    17     8    10     8     0     0   -28.0   46.395 -117.960    864.3    913.7
     1     1    17     8    10     7     0     0   -29.0   46.338 -117.913    861.8    912.8
