     1     1
    SITE    10     3     1     0     0
     1 BACKWARD OMEGA   
    17     8     6    19   46.392 -119.412   700.0
     1 PRESSURE
     1     1    17     8     6    19     0     0     0.0   46.392 -119.412    700.0    931.4
     1     1    17     8     6    18     0     0    -1.0   46.409 -119.433    699.0    931.5
     1     1    17     8     6    17     0     0    -2.0   46.404 -119.525    698.4    931.4
     1     1    17     8     6    16     0     0    -3.0   46.430 -119.540    686.1    932.0
     1     1    17     8     6    15     0     0    -4.0   46.442 -119.467    666.7    935.3
     1     1    17     8     6    14     0     0    -5.0   46.455 -119.386    674.0    934.8
     1     1    17     8     6    13     0     0    -6.0   46.459 -119.313    688.7    933.7
     1     1    17     8     6    12     0     0    -7.0   46.419 -119.241    696.4    932.2
     1     1    17     8     6    11     0     0    -8.0   46.375 -119.185    694.6    930.4
     1     1    17     8     6    10     0     0    -9.0   46.360 -119.127    689.5    933.7
     1     1    17     8     6     9     0     0   -10.0   46.376 -119.056    690.8    931.8
     1     1    17     8     6     8     0     0   -11.0   46.369 -118.982    695.6    932.7
     1     1    17     8     6     7     0     0   -12.0   46.394 -118.892    688.5    931.8
     1     1    17     8     6     6     0     0   -13.0   46.421 -118.808    712.3    929.8
     1     1    17     8     6     5     0     0   -14.0   46.400 -118.759    719.5    927.4
     1     1    17     8     6     4     0     0   -15.0   46.376 -118.760    716.9    929.9
     1     1    17     8     6     3     0     0   -16.0   46.343 -118.764    718.5    929.1
     1     1    17     8     6     2     0     0   -17.0   46.318 -118.736    715.7    929.6
     1     1    17     8     6     1     0     0   -18.0   46.281 -118.708    721.5    929.8
     1     1    17     8     6     0     0     0   -19.0   46.231 -118.713    722.5    928.0
     1     1    17     8     5    23     0     0   -20.0   46.246 -118.689    716.0    932.4
     1     1    17     8     5    22     0     0   -21.0   46.277 -118.632    717.9    927.7
     1     1    17     8     5    21     0     0   -22.0   46.260 -118.602    703.9    930.2
     1     1    17     8     5    20     0     0   -23.0   46.203 -118.613    680.7    933.6
     1     1    17     8     5    19     0     0   -24.0   46.130 -118.660    676.3    933.9
     1     1    17     8     5    18     0     0   -25.0   46.063 -118.664    674.3    934.5
     1     1    17     8     5    17     0     0   -26.0   46.055 -118.592    677.7    934.3
     1     1    17     8     5    16     0     0   -27.0   46.095 -118.476    696.4    932.0
     1     1    17     8     5    15     0     0   -28.0   46.138 -118.352    687.7    931.9
     1     1    17     8     5    14     0     0   -29.0   46.185 -118.231    688.7    933.3
     1     1    17     8     5    13     0     0   -30.0   46.221 -118.115    684.8    932.9
     1     1    17     8     5    12     0     0   -31.0   46.276 -118.026    679.8    934.5
     1     1    17     8     5    11     0     0   -32.0   46.362 -117.947    681.7    933.8
