     1     1
    SITE    10     3     1     0     0
     1 BACKWARD OMEGA   
    17     8    11     4   46.392 -119.412   700.0
     1 PRESSURE
     1     1    17     8    11     4     0     0     0.0   46.392 -119.412    700.0    931.4
     1     1    17     8    11     3     0     0    -1.0   46.354 -119.439    706.2    930.7
     1     1    17     8    11     2     0     0    -2.0   46.317 -119.398    709.6    930.3
     1     1    17     8    11     1     0     0    -3.0   46.296 -119.348    709.7    930.6
     1     1    17     8    11     0     0     0    -4.0   46.273 -119.319    710.5    929.9
     1     1    17     8    10    23     0     0    -5.0   46.233 -119.306    709.6    930.4
     1     1    17     8    10    22     0     0    -6.0   46.196 -119.350    710.4    930.0
     1     1    17     8    10    21     0     0    -7.0   46.186 -119.372    710.9    930.5
     1     1    17     8    10    20     0     0    -8.0   46.194 -119.378    715.9    930.0
     1     1    17     8    10    19     0     0    -9.0   46.186 -119.438    724.3    928.4
     1     1    17     8    10    18     0     0   -10.0   46.177 -119.410    716.7    928.5
     1     1    17     8    10    17     0     0   -11.0   46.209 -119.281    701.3    931.8
     1     1    17     8    10    16     0     0   -12.0   46.253 -119.148    710.5    929.7
     1     1    17     8    10    15     0     0   -13.0   46.292 -119.017    714.1    929.0
     1     1    17     8    10    14     0     0   -14.0   46.330 -118.894    688.4    932.5
     1     1    17     8    10    13     0     0   -15.0   46.365 -118.783    667.1    935.8
     1     1    17     8    10    12     0     0   -16.0   46.380 -118.684    669.2    935.2
     1     1    17     8    10    11     0     0   -17.0   46.407 -118.605    664.5    935.0
     1     1    17     8    10    10     0     0   -18.0   46.419 -118.546    649.5    938.5
     1     1    17     8    10     9     0     0   -19.0   46.382 -118.470    651.0    938.2
     1     1    17     8    10     8     0     0   -20.0   46.319 -118.399    659.3    935.7
     1     1    17     8    10     7     0     0   -21.0   46.262 -118.354    656.0    936.7
     1     1    17     8    10     6     0     0   -22.0   46.249 -118.305    662.6    936.9
     1     1    17     8    10     5     0     0   -23.0   46.268 -118.258    669.4    934.0
     1     1    17     8    10     4     0     0   -24.0   46.270 -118.252    669.1    935.4
     1     1    17     8    10     3     0     0   -25.0   46.246 -118.244    669.2    935.3
     1     1    17     8    10     2     0     0   -26.0   46.236 -118.201    668.4    935.7
     1     1    17     8    10     1     0     0   -27.0   46.264 -118.155    672.2    934.7
     1     1    17     8    10     0     0     0   -28.0   46.275 -118.162    672.2    934.6
     1     1    17     8     9    23     0     0   -29.0   46.249 -118.151    669.4    935.6
     1     1    17     8     9    22     0     0   -30.0   46.214 -118.106    671.8    934.5
     1     1    17     8     9    21     0     0   -31.0   46.175 -118.093    668.7    934.6
     1     1    17     8     9    20     0     0   -32.0   46.144 -118.139    661.8    935.9
     1     1    17     8     9    19     0     0   -33.0   46.141 -118.119    661.5    936.2
     1     1    17     8     9    18     0     0   -34.0   46.179 -118.000    658.6    936.0
     1     1    17     8     9    17     0     0   -35.0   46.230 -117.886    680.0    934.5
