     1     1
    SITE    10     3     1     0     0
     1 BACKWARD OMEGA   
    17     8    17    12   46.392 -119.412   700.0
     1 PRESSURE
     1     1    17     8    17    12     0     0     0.0   46.392 -119.412    700.0    931.4
     1     1    17     8    17    11     0     0    -1.0   46.302 -119.366    698.1    931.6
     1     1    17     8    17    10     0     0    -2.0   46.206 -119.297    705.7    930.9
     1     1    17     8    17     9     0     0    -3.0   46.112 -119.215    720.2    928.5
     1     1    17     8    17     8     0     0    -4.0   45.997 -119.167    725.8    928.8
     1     1    17     8    17     7     0     0    -5.0   45.868 -119.147    744.5    925.0
     1     1    17     8    17     6     0     0    -6.0   45.756 -119.136    706.7    931.3
     1     1    17     8    17     5     0     0    -7.0   45.687 -119.173    693.6    931.9
     1     1    17     8    17     4     0     0    -8.0   45.636 -119.252    683.0    933.7
     1     1    17     8    17     3     0     0    -9.0   45.587 -119.346    679.1    933.9
     1     1    17     8    17     2     0     0   -10.0   45.572 -119.474    671.1    934.6
     1     1    17     8    17     1     0     0   -11.0   45.569 -119.624    651.5    936.5
     1     1    17     8    17     0     0     0   -12.0   45.592 -119.803    655.1    938.2
     1     1    17     8    16    23     0     0   -13.0   45.670 -119.965    677.2    934.1
     1     1    17     8    16    22     0     0   -14.0   45.808 -120.169    656.9    936.2
     1     1    17     8    16    21     0     0   -15.0   45.984 -120.424    647.1    937.0
     1     1    17     8    16    20     0     0   -16.0   46.122 -120.663    627.8    939.6
