     1     1
    SITE    10     3     1     0     0
     1 BACKWARD OMEGA   
    17     8    25    13   46.392 -119.412   700.0
     1 PRESSURE
     1     1    17     8    25    13     0     0     0.0   46.392 -119.412    700.0    931.4
     1     1    17     8    25    12     0     0    -1.0   46.379 -119.293    703.8    931.0
     1     1    17     8    25    11     0     0    -2.0   46.345 -119.236    700.3    931.6
     1     1    17     8    25    10     0     0    -3.0   46.298 -119.274    698.7    931.0
     1     1    17     8    25     9     0     0    -4.0   46.264 -119.291    697.3    931.9
     1     1    17     8    25     8     0     0    -5.0   46.225 -119.282    689.6    932.4
     1     1    17     8    25     7     0     0    -6.0   46.191 -119.260    682.2    933.7
     1     1    17     8    25     6     0     0    -7.0   46.155 -119.219    684.5    934.5
     1     1    17     8    25     5     0     0    -8.0   46.105 -119.205    679.7    931.7
     1     1    17     8    25     4     0     0    -9.0   46.056 -119.216    669.0    936.6
     1     1    17     8    25     3     0     0   -10.0   46.016 -119.237    670.4    934.9
     1     1    17     8    25     2     0     0   -11.0   45.976 -119.271    667.3    934.7
     1     1    17     8    25     1     0     0   -12.0   45.956 -119.321    667.8    936.4
     1     1    17     8    25     0     0     0   -13.0   45.927 -119.358    663.8    933.9
     1     1    17     8    24    23     0     0   -14.0   45.893 -119.401    642.5    937.3
     1     1    17     8    24    22     0     0   -15.0   45.922 -119.531    623.9    940.8
     1     1    17     8    24    21     0     0   -16.0   46.032 -119.742    579.3    944.7
     1     1    17     8    24    20     0     0   -17.0   46.183 -119.968    573.1    945.4
     1     1    17     8    24    19     0     0   -18.0   46.359 -120.215    561.2    949.0
     1     1    17     8    24    18     0     0   -19.0   46.582 -120.490    572.8    946.3
