     1     1
    SITE    10     3     1     0     0
     1 BACKWARD OMEGA   
    17     8    27     7   46.392 -119.412   700.0
     1 PRESSURE
     1     1    17     8    27     7     0     0     0.0   46.392 -119.412    700.0    931.4
     1     1    17     8    27     6     0     0    -1.0   46.409 -119.400    710.0    930.2
     1     1    17     8    27     5     0     0    -2.0   46.402 -119.408    711.2    930.0
     1     1    17     8    27     4     0     0    -3.0   46.414 -119.370    711.1    930.1
     1     1    17     8    27     3     0     0    -4.0   46.439 -119.300    718.0    929.4
     1     1    17     8    27     2     0     0    -5.0   46.452 -119.223    728.6    927.9
     1     1    17     8    27     1     0     0    -6.0   46.461 -119.158    737.3    927.2
     1     1    17     8    27     0     0     0    -7.0   46.454 -119.109    743.4    926.0
     1     1    17     8    26    23     0     0    -8.0   46.464 -119.062    746.1    926.0
     1     1    17     8    26    22     0     0    -9.0   46.499 -119.008    740.0    925.7
     1     1    17     8    26    21     0     0   -10.0   46.509 -118.999    733.1    928.6
     1     1    17     8    26    20     0     0   -11.0   46.494 -119.031    739.0    927.2
     1     1    17     8    26    19     0     0   -12.0   46.484 -119.007    743.2    925.9
     1     1    17     8    26    18     0     0   -13.0   46.513 -118.945    747.0    926.9
     1     1    17     8    26    17     0     0   -14.0   46.580 -118.891    766.0    923.4
     1     1    17     8    26    16     0     0   -15.0   46.653 -118.829    780.6    922.1
     1     1    17     8    26    15     0     0   -16.0   46.726 -118.766    791.0    921.0
     1     1    17     8    26    14     0     0   -17.0   46.757 -118.688    805.7    919.8
     1     1    17     8    26    13     0     0   -18.0   46.762 -118.589    821.5    917.6
     1     1    17     8    26    12     0     0   -19.0   46.778 -118.486    852.4    914.5
     1     1    17     8    26    11     0     0   -20.0   46.781 -118.391    870.0    912.4
     1     1    17     8    26    10     0     0   -21.0   46.789 -118.310    862.6    911.8
     1     1    17     8    26     9     0     0   -22.0   46.813 -118.243    852.5    915.6
     1     1    17     8    26     8     0     0   -23.0   46.828 -118.191    848.4    914.4
     1     1    17     8    26     7     0     0   -24.0   46.845 -118.129    842.9    915.5
     1     1    17     8    26     6     0     0   -25.0   46.850 -118.068    849.8    915.9
     1     1    17     8    26     5     0     0   -26.0   46.843 -118.042    857.1    913.2
     1     1    17     8    26     4     0     0   -27.0   46.857 -117.991    856.1    914.0
     1     1    17     8    26     3     0     0   -28.0   46.883 -117.905    851.8    914.1
