     1     1
    SITE    10     3     1     0     0
     1 BACKWARD OMEGA   
    17     8    15     7   46.392 -119.412   700.0
     1 PRESSURE
     1     1    17     8    15     7     0     0     0.0   46.392 -119.412    700.0    931.4
     1     1    17     8    15     6     0     0    -1.0   46.369 -119.408    698.9    931.5
     1     1    17     8    15     5     0     0    -2.0   46.347 -119.410    698.0    932.0
     1     1    17     8    15     4     0     0    -3.0   46.347 -119.384    702.0    931.4
     1     1    17     8    15     3     0     0    -4.0   46.350 -119.337    705.3    930.5
     1     1    17     8    15     2     0     0    -5.0   46.338 -119.243    703.3    930.5
     1     1    17     8    15     1     0     0    -6.0   46.353 -119.158    690.0    932.7
     1     1    17     8    15     0     0     0    -7.0   46.403 -119.165    695.3    933.6
     1     1    17     8    14    23     0     0    -8.0   46.429 -119.233    711.8    929.5
     1     1    17     8    14    22     0     0    -9.0   46.416 -119.274    710.4    930.2
     1     1    17     8    14    21     0     0   -10.0   46.364 -119.260    700.6    930.2
     1     1    17     8    14    20     0     0   -11.0   46.291 -119.243    698.6    930.8
     1     1    17     8    14    19     0     0   -12.0   46.213 -119.184    688.4    933.3
     1     1    17     8    14    18     0     0   -13.0   46.126 -119.065    678.9    932.7
     1     1    17     8    14    17     0     0   -14.0   46.035 -118.924    625.3    941.6
     1     1    17     8    14    16     0     0   -15.0   45.944 -118.786    593.1    944.7
     1     1    17     8    14    15     0     0   -16.0   45.877 -118.631    593.4    944.8
     1     1    17     8    14    14     0     0   -17.0   45.811 -118.583    605.6    942.0
     1     1    17     8    14    13     0     0   -18.0   45.723 -118.548    629.8    940.4
     1     1    17     8    14    12     0     0   -19.0   45.614 -118.430    638.4    937.1
     1     1    17     8    14    11     0     0   -20.0   45.493 -118.393    610.4    941.4
     1     1    17     8    14    10     0     0   -21.0   45.379 -118.391    600.0    943.2
