     1     1
    SITE    10     3     1     0     0
     1 BACKWARD OMEGA   
    17     8    21    20   46.392 -119.412   700.0
     1 PRESSURE
     1     1    17     8    21    20     0     0     0.0   46.392 -119.412    700.0    931.4
     1     1    17     8    21    19     0     0    -1.0   46.390 -119.430    706.9    930.6
     1     1    17     8    21    18     0     0    -2.0   46.456 -119.473    720.6    928.6
     1     1    17     8    21    17     0     0    -3.0   46.489 -119.554    708.1    930.1
     1     1    17     8    21    16     0     0    -4.0   46.517 -119.631    705.1    931.6
     1     1    17     8    21    15     0     0    -5.0   46.521 -119.661    713.3    928.9
     1     1    17     8    21    14     0     0    -6.0   46.461 -119.663    703.0    931.7
     1     1    17     8    21    13     0     0    -7.0   46.442 -119.607    700.7    932.0
     1     1    17     8    21    12     0     0    -8.0   46.432 -119.527    687.1    932.0
     1     1    17     8    21    11     0     0    -9.0   46.409 -119.436    681.8    935.5
     1     1    17     8    21    10     0     0   -10.0   46.424 -119.358    678.3    934.3
     1     1    17     8    21     9     0     0   -11.0   46.440 -119.320    677.9    933.7
     1     1    17     8    21     8     0     0   -12.0   46.438 -119.268    681.5    934.3
     1     1    17     8    21     7     0     0   -13.0   46.434 -119.199    692.5    932.1
     1     1    17     8    21     6     0     0   -14.0   46.441 -119.145    690.4    931.4
     1     1    17     8    21     5     0     0   -15.0   46.445 -119.114    679.8    933.9
     1     1    17     8    21     4     0     0   -16.0   46.431 -119.106    680.5    934.9
     1     1    17     8    21     3     0     0   -17.0   46.400 -119.077    669.2    932.1
     1     1    17     8    21     2     0     0   -18.0   46.368 -119.056    658.4    937.8
     1     1    17     8    21     1     0     0   -19.0   46.352 -119.031    651.6    936.1
     1     1    17     8    21     0     0     0   -20.0   46.321 -118.994    641.1    937.9
     1     1    17     8    20    23     0     0   -21.0   46.273 -118.998    630.3    940.1
     1     1    17     8    20    22     0     0   -22.0   46.279 -119.026    625.6    940.4
     1     1    17     8    20    21     0     0   -23.0   46.320 -119.041    630.2    940.3
     1     1    17     8    20    20     0     0   -24.0   46.318 -119.035    636.7    938.4
     1     1    17     8    20    19     0     0   -25.0   46.280 -119.010    637.7    938.5
     1     1    17     8    20    18     0     0   -26.0   46.244 -118.907    631.2    938.9
     1     1    17     8    20    17     0     0   -27.0   46.212 -118.741    617.1    943.1
     1     1    17     8    20    16     0     0   -28.0   46.189 -118.574    624.2    939.7
     1     1    17     8    20    15     0     0   -29.0   46.161 -118.415    622.1    940.0
     1     1    17     8    20    14     0     0   -30.0   46.090 -118.362    610.5    943.1
     1     1    17     8    20    13     0     0   -31.0   46.008 -118.407    639.9    938.8
     1     1    17     8    20    12     0     0   -32.0   45.944 -118.415    653.3    936.2
     1     1    17     8    20    11     0     0   -33.0   45.890 -118.413    642.7    938.2
     1     1    17     8    20    10     0     0   -34.0   45.837 -118.441    630.7    939.7
     1     1    17     8    20     9     0     0   -35.0   45.791 -118.472    632.8    940.9
     1     1    17     8    20     8     0     0   -36.0   45.739 -118.476    644.2    937.7
     1     1    17     8    20     7     0     0   -37.0   45.670 -118.447    611.5    942.1
     1     1    17     8    20     6     0     0   -38.0   45.595 -118.415    599.0    943.2
     1     1    17     8    20     5     0     0   -39.0   45.512 -118.409    603.1    942.5
     1     1    17     8    20     4     0     0   -40.0   45.423 -118.418    597.3    943.3
