     1     1
    SITE    10     3     1     0     0
     1 BACKWARD OMEGA   
    17     8     5    15   46.392 -119.412   700.0
     1 PRESSURE
     1     1    17     8     5    15     0     0     0.0   46.392 -119.412    700.0    931.4
     1     1    17     8     5    14     0     0    -1.0   46.438 -119.293    702.0    931.2
     1     1    17     8     5    13     0     0    -2.0   46.475 -119.177    708.4    930.5
     1     1    17     8     5    12     0     0    -3.0   46.532 -119.089    676.5    933.2
     1     1    17     8     5    11     0     0    -4.0   46.621 -119.010    662.0    935.8
     1     1    17     8     5    10     0     0    -5.0   46.711 -118.972    675.4    935.0
     1     1    17     8     5     9     0     0    -6.0   46.725 -118.979    689.6    932.1
     1     1    17     8     5     8     0     0    -7.0   46.677 -118.958    685.3    933.4
     1     1    17     8     5     7     0     0    -8.0   46.634 -118.935    690.2    933.7
     1     1    17     8     5     6     0     0    -9.0   46.591 -118.920    698.2    930.5
     1     1    17     8     5     5     0     0   -10.0   46.594 -118.875    714.3    931.6
     1     1    17     8     5     4     0     0   -11.0   46.628 -118.801    729.8    925.3
     1     1    17     8     5     3     0     0   -12.0   46.628 -118.748    726.7    928.8
     1     1    17     8     5     2     0     0   -13.0   46.589 -118.721    729.0    927.9
     1     1    17     8     5     1     0     0   -14.0   46.556 -118.687    729.7    928.0
     1     1    17     8     5     0     0     0   -15.0   46.570 -118.641    733.4    927.9
     1     1    17     8     4    23     0     0   -16.0   46.625 -118.597    727.8    928.2
     1     1    17     8     4    22     0     0   -17.0   46.653 -118.537    720.5    929.1
     1     1    17     8     4    21     0     0   -18.0   46.649 -118.536    720.4    929.3
     1     1    17     8     4    20     0     0   -19.0   46.668 -118.603    728.0    928.0
     1     1    17     8     4    19     0     0   -20.0   46.676 -118.596    726.5    928.2
     1     1    17     8     4    18     0     0   -21.0   46.700 -118.516    734.6    928.3
     1     1    17     8     4    17     0     0   -22.0   46.768 -118.405    744.2    926.5
     1     1    17     8     4    16     0     0   -23.0   46.834 -118.279    771.7    923.3
     1     1    17     8     4    15     0     0   -24.0   46.867 -118.172    788.2    921.4
     1     1    17     8     4    14     0     0   -25.0   46.889 -118.165    797.2    920.3
     1     1    17     8     4    13     0     0   -26.0   46.883 -118.236    796.1    920.6
     1     1    17     8     4    12     0     0   -27.0   46.840 -118.314    804.0    918.4
     1     1    17     8     4    11     0     0   -28.0   46.865 -118.372    804.3    920.9
     1     1    17     8     4    10     0     0   -29.0   46.982 -118.401    824.6    919.0
     1     1    17     8     4     9     0     0   -30.0   47.093 -118.438    836.8    915.7
     1     1    17     8     4     8     0     0   -31.0   47.124 -118.483    831.1    917.1
     1     1    17     8     4     7     0     0   -32.0   47.113 -118.522    832.3    916.6
     1     1    17     8     4     6     0     0   -33.0   47.094 -118.529    827.8    916.5
     1     1    17     8     4     5     0     0   -34.0   47.081 -118.555    823.8    918.0
     1     1    17     8     4     4     0     0   -35.0   47.046 -118.585    827.0    917.4
     1     1    17     8     4     3     0     0   -36.0   46.983 -118.556    828.7    916.9
     1     1    17     8     4     2     0     0   -37.0   46.927 -118.534    829.8    916.9
     1     1    17     8     4     1     0     0   -38.0   46.869 -118.538    820.7    917.7
     1     1    17     8     4     0     0     0   -39.0   46.815 -118.530    815.8    919.2
     1     1    17     8     3    23     0     0   -40.0   46.758 -118.536    834.6    918.0
     1     1    17     8     3    22     0     0   -41.0   46.690 -118.547    848.1    915.3
     1     1    17     8     3    21     0     0   -42.0   46.615 -118.513    858.6    913.7
     1     1    17     8     3    20     0     0   -43.0   46.522 -118.494    862.8    914.0
     1     1    17     8     3    19     0     0   -44.0   46.420 -118.511    865.5    912.9
     1     1    17     8     3    18     0     0   -45.0   46.325 -118.487    875.7    913.2
     1     1    17     8     3    17     0     0   -46.0   46.285 -118.382    875.1    911.6
     1     1    17     8     3    16     0     0   -47.0   46.320 -118.252    855.3    914.3
     1     1    17     8     3    15     0     0   -48.0   46.364 -118.143    852.0    914.8
     1     1    17     8     3    14     0     0   -49.0   46.340 -118.084    871.5    912.3
     1     1    17     8     3    13     0     0   -50.0   46.332 -118.043    884.8    911.1
     1     1    17     8     3    12     0     0   -51.0   46.395 -117.968    910.5    909.3
     1     1    17     8     3    11     0     0   -52.0   46.428 -118.008    920.5    904.9
     1     1    17     8     3    10     0     0   -53.0   46.394 -118.092    907.8    908.9
     1     1    17     8     3     9     0     0   -54.0   46.334 -118.094    905.8    909.0
     1     1    17     8     3     8     0     0   -55.0   46.298 -118.064    900.2    908.7
     1     1    17     8     3     7     0     0   -56.0   46.273 -118.034    895.5    910.9
     1     1    17     8     3     6     0     0   -57.0   46.269 -118.037    897.2    909.7
     1     1    17     8     3     5     0     0   -58.0   46.264 -118.047    898.7    910.0
     1     1    17     8     3     4     0     0   -59.0   46.277 -118.011    908.5    908.3
     1     1    17     8     3     3     0     0   -60.0   46.334 -117.958    917.6    908.2
     1     1    17     8     3     2     0     0   -61.0   46.400 -117.926    929.7    906.4
