     1     1
    SITE    10     3     1     0     0
     1 BACKWARD OMEGA   
    17     8     5    20   46.392 -119.412   700.0
     1 PRESSURE
     1     1    17     8     5    20     0     0     0.0   46.392 -119.412    700.0    931.4
     1     1    17     8     5    19     0     0    -1.0   46.320 -119.460    683.5    933.4
     1     1    17     8     5    18     0     0    -2.0   46.254 -119.464    671.8    934.6
     1     1    17     8     5    17     0     0    -3.0   46.246 -119.392    654.2    936.3
     1     1    17     8     5    16     0     0    -4.0   46.288 -119.276    643.1    938.9
     1     1    17     8     5    15     0     0    -5.0   46.334 -119.152    661.3    935.8
     1     1    17     8     5    14     0     0    -6.0   46.383 -119.035    681.0    934.2
     1     1    17     8     5    13     0     0    -7.0   46.421 -118.921    702.4    931.0
     1     1    17     8     5    12     0     0    -8.0   46.480 -118.828    716.6    929.9
     1     1    17     8     5    11     0     0    -9.0   46.567 -118.746    729.8    928.4
     1     1    17     8     5    10     0     0   -10.0   46.657 -118.707    731.3    927.0
     1     1    17     8     5     9     0     0   -11.0   46.672 -118.714    729.6    929.0
     1     1    17     8     5     8     0     0   -12.0   46.624 -118.693    750.4    924.2
     1     1    17     8     5     7     0     0   -13.0   46.582 -118.670    751.7    925.1
     1     1    17     8     5     6     0     0   -14.0   46.540 -118.655    747.0    926.2
     1     1    17     8     5     5     0     0   -15.0   46.542 -118.611    744.8    926.4
     1     1    17     8     5     4     0     0   -16.0   46.577 -118.539    744.8    927.0
     1     1    17     8     5     3     0     0   -17.0   46.577 -118.486    745.1    925.5
     1     1    17     8     5     2     0     0   -18.0   46.537 -118.461    739.6    927.1
     1     1    17     8     5     1     0     0   -19.0   46.503 -118.428    737.0    927.1
     1     1    17     8     5     0     0     0   -20.0   46.516 -118.384    740.3    927.6
     1     1    17     8     4    23     0     0   -21.0   46.574 -118.338    749.8    925.5
     1     1    17     8     4    22     0     0   -22.0   46.603 -118.277    761.8    924.3
     1     1    17     8     4    21     0     0   -23.0   46.598 -118.275    759.5    922.6
     1     1    17     8     4    20     0     0   -24.0   46.617 -118.340    746.5    927.2
     1     1    17     8     4    19     0     0   -25.0   46.623 -118.332    756.0    926.1
     1     1    17     8     4    18     0     0   -26.0   46.645 -118.249    755.8    922.0
     1     1    17     8     4    17     0     0   -27.0   46.716 -118.140    762.8    924.2
     1     1    17     8     4    16     0     0   -28.0   46.783 -118.017    774.6    923.1
     1     1    17     8     4    15     0     0   -29.0   46.817 -117.911    777.2    922.7
