     1     1
    SITE    10     3     1     0     0
     1 BACKWARD OMEGA   
    17     8     7    10   46.392 -119.412   700.0
     1 PRESSURE
     1     1    17     8     7    10     0     0     0.0   46.392 -119.412    700.0    931.4
     1     1    17     8     7     9     0     0    -1.0   46.431 -119.333    699.1    931.5
     1     1    17     8     7     8     0     0    -2.0   46.455 -119.243    709.0    929.3
     1     1    17     8     7     7     0     0    -3.0   46.452 -119.170    707.4    930.7
     1     1    17     8     7     6     0     0    -4.0   46.438 -119.153    708.7    930.4
     1     1    17     8     7     5     0     0    -5.0   46.432 -119.115    699.6    930.5
     1     1    17     8     7     4     0     0    -6.0   46.409 -119.057    693.3    931.9
     1     1    17     8     7     3     0     0    -7.0   46.383 -119.011    684.5    933.6
     1     1    17     8     7     2     0     0    -8.0   46.367 -118.977    678.8    933.7
     1     1    17     8     7     1     0     0    -9.0   46.323 -118.943    660.8    934.8
     1     1    17     8     7     0     0     0   -10.0   46.277 -118.875    651.9    938.2
     1     1    17     8     6    23     0     0   -11.0   46.245 -118.798    655.4    936.9
     1     1    17     8     6    22     0     0   -12.0   46.259 -118.726    656.6    936.3
     1     1    17     8     6    21     0     0   -13.0   46.267 -118.728    650.9    937.1
     1     1    17     8     6    20     0     0   -14.0   46.233 -118.755    640.2    940.1
     1     1    17     8     6    19     0     0   -15.0   46.239 -118.726    641.6    938.2
     1     1    17     8     6    18     0     0   -16.0   46.257 -118.750    641.6    938.9
     1     1    17     8     6    17     0     0   -17.0   46.251 -118.843    638.6    937.8
     1     1    17     8     6    16     0     0   -18.0   46.276 -118.859    639.0    940.0
     1     1    17     8     6    15     0     0   -19.0   46.288 -118.783    640.3    937.1
     1     1    17     8     6    14     0     0   -20.0   46.301 -118.701    637.9    938.6
     1     1    17     8     6    13     0     0   -21.0   46.307 -118.627    637.9    937.3
     1     1    17     8     6    12     0     0   -22.0   46.267 -118.553    633.5    938.3
     1     1    17     8     6    11     0     0   -23.0   46.224 -118.498    622.3    940.8
     1     1    17     8     6    10     0     0   -24.0   46.210 -118.441    628.4    941.3
     1     1    17     8     6     9     0     0   -25.0   46.226 -118.367    636.2    935.1
     1     1    17     8     6     8     0     0   -26.0   46.217 -118.291    635.3    941.3
     1     1    17     8     6     7     0     0   -27.0   46.241 -118.201    629.5    936.9
     1     1    17     8     6     6     0     0   -28.0   46.266 -118.119    619.3    941.3
     1     1    17     8     6     5     0     0   -29.0   46.244 -118.071    621.2    941.0
     1     1    17     8     6     4     0     0   -30.0   46.220 -118.072    622.5    940.4
     1     1    17     8     6     3     0     0   -31.0   46.187 -118.076    624.9    940.1
     1     1    17     8     6     2     0     0   -32.0   46.162 -118.047    627.3    940.3
     1     1    17     8     6     1     0     0   -33.0   46.125 -118.018    613.3    939.7
     1     1    17     8     6     0     0     0   -34.0   46.073 -118.023    601.5    942.7
     1     1    17     8     5    23     0     0   -35.0   46.088 -117.999    598.5    943.6
     1     1    17     8     5    22     0     0   -36.0   46.120 -117.943    600.1    942.5
     1     1    17     8     5    21     0     0   -37.0   46.102 -117.913    602.5    942.9
