     1     1
    SITE    10     3     1     0     0
     1 BACKWARD OMEGA   
    17     8    26     1   46.392 -119.412   700.0
     1 PRESSURE
     1     1    17     8    26     1     0     0     0.0   46.392 -119.412    700.0    931.4
     1     1    17     8    26     0     0     0    -1.0   46.389 -119.420    703.7    931.0
     1     1    17     8    25    23     0     0    -2.0   46.391 -119.438    707.3    930.4
     1     1    17     8    25    22     0     0    -3.0   46.387 -119.431    704.1    930.4
     1     1    17     8    25    21     0     0    -4.0   46.384 -119.397    702.6    931.6
     1     1    17     8    25    20     0     0    -5.0   46.368 -119.348    703.3    931.1
     1     1    17     8    25    19     0     0    -6.0   46.335 -119.272    707.8    930.9
     1     1    17     8    25    18     0     0    -7.0   46.288 -119.165    709.6    930.2
     1     1    17     8    25    17     0     0    -8.0   46.241 -119.061    718.0    929.8
     1     1    17     8    25    16     0     0    -9.0   46.192 -118.949    726.9    927.8
     1     1    17     8    25    15     0     0   -10.0   46.141 -118.827    719.8    928.8
     1     1    17     8    25    14     0     0   -11.0   46.101 -118.707    707.3    929.5
     1     1    17     8    25    13     0     0   -12.0   46.077 -118.593    693.7    932.0
     1     1    17     8    25    12     0     0   -13.0   46.067 -118.475    678.2    933.7
     1     1    17     8    25    11     0     0   -14.0   46.032 -118.420    674.1    934.8
     1     1    17     8    25    10     0     0   -15.0   45.986 -118.461    680.0    933.6
     1     1    17     8    25     9     0     0   -16.0   45.952 -118.478    687.1    933.0
     1     1    17     8    25     8     0     0   -17.0   45.910 -118.467    700.5    931.0
     1     1    17     8    25     7     0     0   -18.0   45.876 -118.443    711.6    930.4
     1     1    17     8    25     6     0     0   -19.0   45.842 -118.402    723.9    928.4
     1     1    17     8    25     5     0     0   -20.0   45.793 -118.389    725.6    927.7
     1     1    17     8    25     4     0     0   -21.0   45.745 -118.398    725.4    930.3
     1     1    17     8    25     3     0     0   -22.0   45.706 -118.419    724.2    927.5
     1     1    17     8    25     2     0     0   -23.0   45.667 -118.453    715.0    929.9
     1     1    17     8    25     1     0     0   -24.0   45.646 -118.504    711.7    930.5
     1     1    17     8    25     0     0     0   -25.0   45.616 -118.543    704.4    930.0
     1     1    17     8    24    23     0     0   -26.0   45.581 -118.587    690.2    933.5
     1     1    17     8    24    22     0     0   -27.0   45.612 -118.713    670.6    933.5
     1     1    17     8    24    21     0     0   -28.0   45.724 -118.913    691.1    932.6
     1     1    17     8    24    20     0     0   -29.0   45.874 -119.140    727.8    928.9
     1     1    17     8    24    19     0     0   -30.0   46.047 -119.383    795.2    921.2
     1     1    17     8    24    18     0     0   -31.0   46.264 -119.657    798.7    920.5
     1     1    17     8    24    17     0     0   -32.0   46.497 -119.961    821.6    914.3
     1     1    17     8    24    16     0     0   -33.0   46.725 -120.252    819.1    918.3
     1     1    17     8    24    15     0     0   -34.0   46.938 -120.505    921.8    906.5
