     1     1
    SITE    10     3     1     0     0
     1 BACKWARD OMEGA   
    17     8     4    15   46.392 -119.412   700.0
     1 PRESSURE
     1     1    17     8     4    15     0     0     0.0   46.392 -119.412    700.0    931.4
     1     1    17     8     4    14     0     0    -1.0   46.415 -119.406    707.3    930.6
     1     1    17     8     4    13     0     0    -2.0   46.411 -119.478    707.7    928.9
     1     1    17     8     4    12     0     0    -3.0   46.371 -119.556    692.4    934.6
     1     1    17     8     4    11     0     0    -4.0   46.397 -119.616    705.0    932.1
     1     1    17     8     4    10     0     0    -5.0   46.514 -119.645    729.8    929.0
     1     1    17     8     4     9     0     0    -6.0   46.625 -119.682    744.8    926.6
     1     1    17     8     4     8     0     0    -7.0   46.657 -119.727    748.3    925.3
     1     1    17     8     4     7     0     0    -8.0   46.646 -119.764    741.8    927.0
     1     1    17     8     4     6     0     0    -9.0   46.627 -119.772    737.4    927.1
     1     1    17     8     4     5     0     0   -10.0   46.615 -119.800    738.6    927.9
     1     1    17     8     4     4     0     0   -11.0   46.580 -119.830    744.9    926.3
     1     1    17     8     4     3     0     0   -12.0   46.517 -119.804    736.5    926.9
     1     1    17     8     4     2     0     0   -13.0   46.461 -119.784    733.6    929.4
     1     1    17     8     4     1     0     0   -14.0   46.404 -119.788    735.6    926.2
     1     1    17     8     4     0     0     0   -15.0   46.349 -119.781    733.0    928.0
     1     1    17     8     3    23     0     0   -16.0   46.291 -119.787    734.3    927.7
     1     1    17     8     3    22     0     0   -17.0   46.222 -119.799    737.1    926.8
     1     1    17     8     3    21     0     0   -18.0   46.145 -119.762    743.4    927.5
     1     1    17     8     3    20     0     0   -19.0   46.050 -119.743    751.6    924.7
     1     1    17     8     3    19     0     0   -20.0   45.949 -119.762    775.3    923.1
     1     1    17     8     3    18     0     0   -21.0   45.854 -119.738    764.6    924.2
     1     1    17     8     3    17     0     0   -22.0   45.813 -119.633    736.6    927.4
     1     1    17     8     3    16     0     0   -23.0   45.847 -119.505    707.9    930.4
     1     1    17     8     3    15     0     0   -24.0   45.890 -119.399    685.6    933.0
     1     1    17     8     3    14     0     0   -25.0   45.863 -119.341    672.5    935.1
     1     1    17     8     3    13     0     0   -26.0   45.856 -119.301    659.4    935.8
     1     1    17     8     3    12     0     0   -27.0   45.917 -119.226    634.7    940.6
     1     1    17     8     3    11     0     0   -28.0   45.949 -119.266    646.8    940.9
     1     1    17     8     3    10     0     0   -29.0   45.913 -119.351    636.9    939.3
     1     1    17     8     3     9     0     0   -30.0   45.855 -119.354    634.3    939.3
     1     1    17     8     3     8     0     0   -31.0   45.819 -119.325    635.3    939.8
     1     1    17     8     3     7     0     0   -32.0   45.794 -119.295    638.4    939.0
     1     1    17     8     3     6     0     0   -33.0   45.790 -119.297    638.8    938.1
     1     1    17     8     3     5     0     0   -34.0   45.785 -119.306    638.1    939.4
     1     1    17     8     3     4     0     0   -35.0   45.798 -119.271    635.9    938.3
     1     1    17     8     3     3     0     0   -36.0   45.859 -119.219    635.5    939.1
     1     1    17     8     3     2     0     0   -37.0   45.926 -119.190    634.8    939.2
     1     1    17     8     3     1     0     0   -38.0   45.954 -119.129    624.8    939.9
     1     1    17     8     3     0     0     0   -39.0   45.933 -119.095    613.8    942.4
     1     1    17     8     2    23     0     0   -40.0   45.911 -119.067    615.2    942.2
     1     1    17     8     2    22     0     0   -41.0   45.881 -119.026    610.1    940.4
     1     1    17     8     2    21     0     0   -42.0   45.881 -119.043    602.2    943.7
     1     1    17     8     2    20     0     0   -43.0   45.897 -119.020    600.7    941.4
     1     1    17     8     2    19     0     0   -44.0   45.926 -118.990    600.4    941.2
     1     1    17     8     2    18     0     0   -45.0   46.024 -118.996    596.9    944.1
     1     1    17     8     2    17     0     0   -46.0   46.164 -118.950    609.5    941.5
     1     1    17     8     2    16     0     0   -47.0   46.310 -118.865    610.6    942.6
     1     1    17     8     2    15     0     0   -48.0   46.443 -118.756    624.1    941.2
     1     1    17     8     2    14     0     0   -49.0   46.568 -118.653    644.3    938.5
     1     1    17     8     2    13     0     0   -50.0   46.700 -118.561    625.2    939.6
     1     1    17     8     2    12     0     0   -51.0   46.763 -118.409    604.2    941.4
     1     1    17     8     2    11     0     0   -52.0   46.844 -118.268    584.5    945.4
     1     1    17     8     2    10     0     0   -53.0   47.027 -118.221    602.0    943.2
     1     1    17     8     2     9     0     0   -54.0   47.017 -118.212    663.1    936.2
     1     1    17     8     2     8     0     0   -55.0   47.004 -118.229    675.1    935.0
     1     1    17     8     2     7     0     0   -56.0   47.116 -118.223    700.7    931.1
     1     1    17     8     2     6     0     0   -57.0   47.162 -118.194    704.2    930.9
     1     1    17     8     2     5     0     0   -58.0   47.152 -118.178    714.3    930.3
     1     1    17     8     2     4     0     0   -59.0   47.119 -118.125    718.7    930.6
     1     1    17     8     2     3     0     0   -60.0   47.166 -118.108    693.3    931.8
     1     1    17     8     2     2     0     0   -61.0   47.212 -118.205    668.3    934.8
     1     1    17     8     2     1     0     0   -62.0   47.190 -118.310    656.6    936.8
     1     1    17     8     2     0     0     0   -63.0   47.174 -118.385    654.7    937.1
     1     1    17     8     1    23     0     0   -64.0   47.176 -118.452    650.7    936.0
     1     1    17     8     1    22     0     0   -65.0   47.211 -118.459    642.6    939.5
     1     1    17     8     1    21     0     0   -66.0   47.275 -118.472    656.0    936.3
     1     1    17     8     1    20     0     0   -67.0   47.324 -118.526    651.3    935.5
