     1     1
    SITE    10     3     1     0     0
     1 BACKWARD OMEGA   
    17     8    19     8   46.392 -119.412   700.0
     1 PRESSURE
     1     1    17     8    19     8     0     0     0.0   46.392 -119.412    700.0    931.4
     1     1    17     8    19     7     0     0    -1.0   46.400 -119.514    686.0    933.1
     1     1    17     8    19     6     0     0    -2.0   46.349 -119.579    664.0    936.5
     1     1    17     8    19     5     0     0    -3.0   46.301 -119.618    666.2    934.8
     1     1    17     8    19     4     0     0    -4.0   46.221 -119.647    650.2    935.9
     1     1    17     8    19     3     0     0    -5.0   46.144 -119.707    648.1    937.2
     1     1    17     8    19     2     0     0    -6.0   46.155 -119.835    640.5    938.4
     1     1    17     8    19     1     0     0    -7.0   46.235 -119.964    636.0    937.9
     1     1    17     8    19     0     0     0    -8.0   46.317 -120.080    624.2    940.9
     1     1    17     8    18    23     0     0    -9.0   46.446 -120.282    662.4    935.4
     1     1    17     8    18    22     0     0   -10.0   46.622 -120.533    679.8    933.2
     1     1    17     8    18    21     0     0   -11.0   46.772 -120.737    703.4    931.7
