     1     1
    SITE    10     3     1     0     0
     1 BACKWARD OMEGA   
    17     8    27     9   46.392 -119.412   700.0
     1 PRESSURE
     1     1    17     8    27     9     0     0     0.0   46.392 -119.412    700.0    931.4
     1     1    17     8    27     8     0     0    -1.0   46.389 -119.347    691.8    932.4
     1     1    17     8    27     7     0     0    -2.0   46.403 -119.285    688.5    934.3
     1     1    17     8    27     6     0     0    -3.0   46.421 -119.274    690.4    931.2
     1     1    17     8    27     5     0     0    -4.0   46.414 -119.281    686.0    933.6
     1     1    17     8    27     4     0     0    -5.0   46.426 -119.242    693.3    933.0
     1     1    17     8    27     3     0     0    -6.0   46.451 -119.172    709.3    929.2
     1     1    17     8    27     2     0     0    -7.0   46.465 -119.095    713.8    929.4
     1     1    17     8    27     1     0     0    -8.0   46.475 -119.030    718.8    929.5
     1     1    17     8    27     0     0     0    -9.0   46.467 -118.982    724.3    928.3
     1     1    17     8    26    23     0     0   -10.0   46.477 -118.936    720.8    928.1
     1     1    17     8    26    22     0     0   -11.0   46.511 -118.882    720.1    928.9
     1     1    17     8    26    21     0     0   -12.0   46.520 -118.874    720.1    929.4
     1     1    17     8    26    20     0     0   -13.0   46.505 -118.906    724.2    928.9
     1     1    17     8    26    19     0     0   -14.0   46.495 -118.881    725.2    927.9
     1     1    17     8    26    18     0     0   -15.0   46.524 -118.819    720.1    928.7
     1     1    17     8    26    17     0     0   -16.0   46.590 -118.766    725.4    929.3
     1     1    17     8    26    16     0     0   -17.0   46.663 -118.704    735.6    927.1
     1     1    17     8    26    15     0     0   -18.0   46.735 -118.643    739.7    926.8
     1     1    17     8    26    14     0     0   -19.0   46.766 -118.565    736.6    926.9
     1     1    17     8    26    13     0     0   -20.0   46.770 -118.466    740.8    928.4
     1     1    17     8    26    12     0     0   -21.0   46.785 -118.364    762.5    924.1
     1     1    17     8    26    11     0     0   -22.0   46.788 -118.270    765.3    924.0
     1     1    17     8    26    10     0     0   -23.0   46.796 -118.188    765.6    923.3
     1     1    17     8    26     9     0     0   -24.0   46.819 -118.120    772.3    924.6
     1     1    17     8    26     8     0     0   -25.0   46.834 -118.067    781.4    921.2
     1     1    17     8    26     7     0     0   -26.0   46.851 -118.007    784.5    922.0
     1     1    17     8    26     6     0     0   -27.0   46.855 -117.945    783.1    921.2
     1     1    17     8    26     5     0     0   -28.0   46.848 -117.918    780.1    922.7
