     1     1
    SITE    10     3     1     0     0
     1 BACKWARD OMEGA   
    17     8    20    13   46.392 -119.412   700.0
     1 PRESSURE
     1     1    17     8    20    13     0     0     0.0   46.392 -119.412    700.0    931.4
     1     1    17     8    20    12     0     0    -1.0   46.327 -119.419    680.8    933.7
     1     1    17     8    20    11     0     0    -2.0   46.274 -119.415    668.5    935.2
     1     1    17     8    20    10     0     0    -3.0   46.223 -119.441    666.4    935.8
     1     1    17     8    20     9     0     0    -4.0   46.179 -119.471    664.3    935.1
     1     1    17     8    20     8     0     0    -5.0   46.127 -119.472    643.0    936.1
     1     1    17     8    20     7     0     0    -6.0   46.054 -119.443    641.5    938.6
     1     1    17     8    20     6     0     0    -7.0   45.978 -119.411    660.4    936.3
     1     1    17     8    20     5     0     0    -8.0   45.900 -119.405    668.1    934.9
     1     1    17     8    20     4     0     0    -9.0   45.815 -119.414    657.7    936.4
     1     1    17     8    20     3     0     0   -10.0   45.724 -119.405    654.8    937.2
     1     1    17     8    20     2     0     0   -11.0   45.659 -119.407    654.7    936.5
     1     1    17     8    20     1     0     0   -12.0   45.631 -119.429    648.2    937.7
     1     1    17     8    20     0     0     0   -13.0   45.596 -119.451    653.1    938.1
     1     1    17     8    19    23     0     0   -14.0   45.514 -119.453    667.7    935.5
     1     1    17     8    19    22     0     0   -15.0   45.502 -119.439    679.4    933.7
     1     1    17     8    19    21     0     0   -16.0   45.597 -119.465    676.9    934.2
     1     1    17     8    19    20     0     0   -17.0   45.644 -119.555    681.4    933.4
     1     1    17     8    19    19     0     0   -18.0   45.592 -119.586    661.6    935.3
     1     1    17     8    19    18     0     0   -19.0   45.491 -119.511    666.2    935.7
     1     1    17     8    19    17     0     0   -20.0   45.385 -119.401    667.4    935.5
