     1     1
    SITE    10     3     1     0     0
     1 BACKWARD OMEGA   
    17     8    16     0   46.392 -119.412   700.0
     1 PRESSURE
     1     1    17     8    16     0     0     0     0.0   46.392 -119.412    700.0    931.4
     1     1    17     8    15    23     0     0    -1.0   46.371 -119.381    695.9    931.9
     1     1    17     8    15    22     0     0    -2.0   46.379 -119.391    690.1    932.0
     1     1    17     8    15    21     0     0    -3.0   46.340 -119.427    676.8    933.7
     1     1    17     8    15    20     0     0    -4.0   46.239 -119.426    678.2    933.7
     1     1    17     8    15    19     0     0    -5.0   46.137 -119.407    680.8    933.5
     1     1    17     8    15    18     0     0    -6.0   46.046 -119.332    684.1    932.9
     1     1    17     8    15    17     0     0    -7.0   45.952 -119.213    676.9    933.3
     1     1    17     8    15    16     0     0    -8.0   45.854 -119.085    633.7    940.1
     1     1    17     8    15    15     0     0    -9.0   45.764 -119.004    613.1    941.5
     1     1    17     8    15    14     0     0   -10.0   45.709 -118.912    604.1    942.9
     1     1    17     8    15    13     0     0   -11.0   45.670 -118.891    605.9    942.3
     1     1    17     8    15    12     0     0   -12.0   45.609 -118.931    621.2    941.5
     1     1    17     8    15    11     0     0   -13.0   45.565 -118.883    628.3    939.7
     1     1    17     8    15    10     0     0   -14.0   45.552 -118.796    628.7    940.2
     1     1    17     8    15     9     0     0   -15.0   45.527 -118.735    640.9    939.7
     1     1    17     8    15     8     0     0   -16.0   45.489 -118.724    647.9    935.7
     1     1    17     8    15     7     0     0   -17.0   45.460 -118.718    643.0    938.7
     1     1    17     8    15     6     0     0   -18.0   45.436 -118.714    634.5    938.3
     1     1    17     8    15     5     0     0   -19.0   45.414 -118.717    620.4    941.2
