     1     1
    SITE    10     3     1     0     0
     1 BACKWARD OMEGA   
    17     8    18    18   46.392 -119.412   700.0
     1 PRESSURE
     1     1    17     8    18    18     0     0     0.0   46.392 -119.412    700.0    931.4
     1     1    17     8    18    17     0     0    -1.0   46.580 -119.609    746.3    926.2
     1     1    17     8    18    16     0     0    -2.0   46.671 -119.841    786.6    921.4
     1     1    17     8    18    15     0     0    -3.0   46.616 -119.937    785.2    921.8
     1     1    17     8    18    14     0     0    -4.0   46.511 -119.925    775.9    922.9
     1     1    17     8    18    13     0     0    -5.0   46.415 -119.949    769.8    922.1
     1     1    17     8    18    12     0     0    -6.0   46.305 -119.928    759.4    924.6
     1     1    17     8    18    11     0     0    -7.0   46.170 -119.874    753.8    925.3
     1     1    17     8    18    10     0     0    -8.0   46.042 -119.830    738.2    926.8
     1     1    17     8    18     9     0     0    -9.0   45.928 -119.817    728.9    927.6
     1     1    17     8    18     8     0     0   -10.0   45.823 -119.817    725.7    928.7
     1     1    17     8    18     7     0     0   -11.0   45.731 -119.818    731.9    928.1
     1     1    17     8    18     6     0     0   -12.0   45.681 -119.830    736.9    926.8
     1     1    17     8    18     5     0     0   -13.0   45.655 -119.863    734.4    927.9
     1     1    17     8    18     4     0     0   -14.0   45.610 -119.861    735.8    927.5
     1     1    17     8    18     3     0     0   -15.0   45.558 -119.850    735.0    927.4
     1     1    17     8    18     2     0     0   -16.0   45.506 -119.840    726.0    928.0
     1     1    17     8    18     1     0     0   -17.0   45.466 -119.840    718.7    929.5
     1     1    17     8    18     0     0     0   -18.0   45.445 -119.874    712.2    930.0
     1     1    17     8    17    23     0     0   -19.0   45.417 -119.934    710.1    930.6
