     1     1
    SITE    10     3     1     0     0
     1 BACKWARD OMEGA   
    17     8     4     3   46.392 -119.412   700.0
     1 PRESSURE
     1     1    17     8     4     3     0     0     0.0   46.392 -119.412    700.0    931.4
     1     1    17     8     4     2     0     0    -1.0   46.338 -119.391    685.3    933.1
     1     1    17     8     4     1     0     0    -2.0   46.281 -119.393    675.8    936.0
     1     1    17     8     4     0     0     0    -3.0   46.226 -119.384    678.9    933.2
     1     1    17     8     3    23     0     0    -4.0   46.168 -119.390    680.2    934.1
     1     1    17     8     3    22     0     0    -5.0   46.101 -119.400    691.1    932.9
     1     1    17     8     3    21     0     0    -6.0   46.027 -119.364    713.0    930.2
     1     1    17     8     3    20     0     0    -7.0   45.935 -119.346    724.9    928.6
     1     1    17     8     3    19     0     0    -8.0   45.833 -119.363    709.4    931.0
     1     1    17     8     3    18     0     0    -9.0   45.738 -119.338    716.1    928.9
     1     1    17     8     3    17     0     0   -10.0   45.698 -119.234    694.8    930.8
     1     1    17     8     3    16     0     0   -11.0   45.734 -119.107    685.9    934.1
     1     1    17     8     3    15     0     0   -12.0   45.778 -119.004    707.6    930.2
     1     1    17     8     3    14     0     0   -13.0   45.753 -118.948    701.3    931.0
     1     1    17     8     3    13     0     0   -14.0   45.745 -118.908    687.8    933.0
     1     1    17     8     3    12     0     0   -15.0   45.807 -118.835    666.9    934.0
     1     1    17     8     3    11     0     0   -16.0   45.839 -118.873    657.1    939.4
     1     1    17     8     3    10     0     0   -17.0   45.807 -118.954    644.5    937.7
     1     1    17     8     3     9     0     0   -18.0   45.747 -118.953    641.7    938.3
     1     1    17     8     3     8     0     0   -19.0   45.712 -118.925    644.4    938.4
     1     1    17     8     3     7     0     0   -20.0   45.687 -118.895    647.1    937.8
     1     1    17     8     3     6     0     0   -21.0   45.683 -118.898    647.3    937.4
     1     1    17     8     3     5     0     0   -22.0   45.678 -118.909    644.7    938.0
     1     1    17     8     3     4     0     0   -23.0   45.690 -118.872    632.3    938.2
     1     1    17     8     3     3     0     0   -24.0   45.747 -118.821    617.0    943.5
     1     1    17     8     3     2     0     0   -25.0   45.813 -118.788    635.6    940.2
     1     1    17     8     3     1     0     0   -26.0   45.842 -118.724    651.8    935.8
     1     1    17     8     3     0     0     0   -27.0   45.821 -118.691    642.3    938.0
     1     1    17     8     2    23     0     0   -28.0   45.799 -118.665    636.4    938.7
     1     1    17     8     2    22     0     0   -29.0   45.770 -118.624    623.9    940.0
     1     1    17     8     2    21     0     0   -30.0   45.769 -118.639    606.4    941.9
     1     1    17     8     2    20     0     0   -31.0   45.785 -118.614    595.7    943.4
     1     1    17     8     2    19     0     0   -32.0   45.814 -118.585    579.2    947.4
     1     1    17     8     2    18     0     0   -33.0   45.915 -118.589    578.3    945.1
     1     1    17     8     2    17     0     0   -34.0   46.053 -118.541    589.3    944.1
     1     1    17     8     2    16     0     0   -35.0   46.198 -118.455    587.5    943.8
     1     1    17     8     2    15     0     0   -36.0   46.333 -118.348    543.0    947.9
     1     1    17     8     2    14     0     0   -37.0   46.459 -118.248    519.6    951.9
     1     1    17     8     2    13     0     0   -38.0   46.583 -118.158    515.7    951.5
     1     1    17     8     2    12     0     0   -39.0   46.642 -118.001    497.3    953.9
