     1     1
    SITE    10     3     1     0     0
     1 BACKWARD OMEGA   
    17     8    15     8   46.392 -119.412   700.0
     1 PRESSURE
     1     1    17     8    15     8     0     0     0.0   46.392 -119.412    700.0    931.4
     1     1    17     8    15     7     0     0    -1.0   46.363 -119.406    696.9    931.8
     1     1    17     8    15     6     0     0    -2.0   46.340 -119.402    693.0    932.0
     1     1    17     8    15     5     0     0    -3.0   46.318 -119.404    692.3    932.8
     1     1    17     8    15     4     0     0    -4.0   46.318 -119.377    695.2    931.8
     1     1    17     8    15     3     0     0    -5.0   46.321 -119.331    698.4    931.6
     1     1    17     8    15     2     0     0    -6.0   46.309 -119.236    698.9    931.2
     1     1    17     8    15     1     0     0    -7.0   46.324 -119.152    690.2    932.8
     1     1    17     8    15     0     0     0    -8.0   46.373 -119.160    698.9    933.2
     1     1    17     8    14    23     0     0    -9.0   46.399 -119.227    712.9    928.9
     1     1    17     8    14    22     0     0   -10.0   46.386 -119.269    711.8    930.0
     1     1    17     8    14    21     0     0   -11.0   46.333 -119.254    712.6    930.0
     1     1    17     8    14    20     0     0   -12.0   46.260 -119.236    713.5    929.1
     1     1    17     8    14    19     0     0   -13.0   46.182 -119.176    703.9    931.4
     1     1    17     8    14    18     0     0   -14.0   46.095 -119.057    694.0    931.1
     1     1    17     8    14    17     0     0   -15.0   46.002 -118.917    644.0    940.2
     1     1    17     8    14    16     0     0   -16.0   45.910 -118.780    612.5    942.3
     1     1    17     8    14    15     0     0   -17.0   45.843 -118.624    601.3    944.2
     1     1    17     8    14    14     0     0   -18.0   45.777 -118.575    613.3    941.4
     1     1    17     8    14    13     0     0   -19.0   45.689 -118.541    638.8    938.9
     1     1    17     8    14    12     0     0   -20.0   45.581 -118.425    638.6    937.3
     1     1    17     8    14    11     0     0   -21.0   45.459 -118.386    603.3    942.4
