     1     1
    SITE    10     3     1     0     0
     1 BACKWARD OMEGA   
    17     8    22     3   46.392 -119.412   700.0
     1 PRESSURE
     1     1    17     8    22     3     0     0     0.0   46.392 -119.412    700.0    931.4
     1     1    17     8    22     2     0     0    -1.0   46.414 -119.370    698.2    931.6
     1     1    17     8    22     1     0     0    -2.0   46.398 -119.349    695.3    931.7
     1     1    17     8    22     0     0     0    -3.0   46.378 -119.311    688.3    932.7
     1     1    17     8    21    23     0     0    -4.0   46.388 -119.253    687.4    933.1
     1     1    17     8    21    22     0     0    -5.0   46.404 -119.271    686.0    933.4
     1     1    17     8    21    21     0     0    -6.0   46.400 -119.340    686.9    933.9
     1     1    17     8    21    20     0     0    -7.0   46.368 -119.371    691.3    931.9
     1     1    17     8    21    19     0     0    -8.0   46.367 -119.388    701.2    933.8
     1     1    17     8    21    18     0     0    -9.0   46.433 -119.431    717.4    928.8
     1     1    17     8    21    17     0     0   -10.0   46.466 -119.510    709.0    929.8
     1     1    17     8    21    16     0     0   -11.0   46.493 -119.587    700.0    932.0
     1     1    17     8    21    15     0     0   -12.0   46.497 -119.617    700.6    930.7
     1     1    17     8    21    14     0     0   -13.0   46.436 -119.618    688.5    933.1
     1     1    17     8    21    13     0     0   -14.0   46.417 -119.562    682.8    934.0
     1     1    17     8    21    12     0     0   -15.0   46.406 -119.483    667.6    935.0
     1     1    17     8    21    11     0     0   -16.0   46.383 -119.393    658.7    937.4
     1     1    17     8    21    10     0     0   -17.0   46.397 -119.315    654.4    937.2
     1     1    17     8    21     9     0     0   -18.0   46.414 -119.276    658.4    936.2
     1     1    17     8    21     8     0     0   -19.0   46.412 -119.224    669.7    936.0
     1     1    17     8    21     7     0     0   -20.0   46.408 -119.155    680.1    932.7
     1     1    17     8    21     6     0     0   -21.0   46.415 -119.100    676.5    933.7
     1     1    17     8    21     5     0     0   -22.0   46.419 -119.070    669.7    935.4
     1     1    17     8    21     4     0     0   -23.0   46.406 -119.062    673.8    935.5
     1     1    17     8    21     3     0     0   -24.0   46.375 -119.033    669.5    933.4
     1     1    17     8    21     2     0     0   -25.0   46.345 -119.012    669.2    935.6
     1     1    17     8    21     1     0     0   -26.0   46.328 -118.986    667.3    934.4
     1     1    17     8    21     0     0     0   -27.0   46.295 -118.947    660.0    934.5
     1     1    17     8    20    23     0     0   -28.0   46.247 -118.952    643.0    938.7
     1     1    17     8    20    22     0     0   -29.0   46.253 -118.981    636.8    939.9
     1     1    17     8    20    21     0     0   -30.0   46.295 -118.993    642.8    938.8
     1     1    17     8    20    20     0     0   -31.0   46.293 -118.988    645.9    936.9
     1     1    17     8    20    19     0     0   -32.0   46.256 -118.962    637.3    938.7
     1     1    17     8    20    18     0     0   -33.0   46.222 -118.856    619.6    940.4
     1     1    17     8    20    17     0     0   -34.0   46.189 -118.691    618.1    941.9
     1     1    17     8    20    16     0     0   -35.0   46.166 -118.525    611.1    942.3
     1     1    17     8    20    15     0     0   -36.0   46.137 -118.364    599.3    941.4
     1     1    17     8    20    14     0     0   -37.0   46.068 -118.311    584.9    945.6
     1     1    17     8    20    13     0     0   -38.0   45.987 -118.360    607.5    942.2
     1     1    17     8    20    12     0     0   -39.0   45.922 -118.369    618.2    940.7
     1     1    17     8    20    11     0     0   -40.0   45.867 -118.368    608.6    942.1
     1     1    17     8    20    10     0     0   -41.0   45.813 -118.395    600.7    943.1
     1     1    17     8    20     9     0     0   -42.0   45.767 -118.425    600.5    943.4
     1     1    17     8    20     8     0     0   -43.0   45.715 -118.430    594.5    942.3
     1     1    17     8    20     7     0     0   -44.0   45.644 -118.400    574.5    945.9
     1     1    17     8    20     6     0     0   -45.0   45.570 -118.366    571.1    946.2
     1     1    17     8    20     5     0     0   -46.0   45.488 -118.363    576.1    945.1
     1     1    17     8    20     4     0     0   -47.0   45.398 -118.373    563.5    947.1
