     1     1
    SITE    10     3     1     0     0
     1 BACKWARD OMEGA   
    17     8     1     5   46.392 -119.412   700.0
     1 PRESSURE
     1     1    17     8     1     5     0     0     0.0   46.392 -119.412    700.0    931.4
     1     1    17     8     1     4     0     0    -1.0   46.394 -119.382    699.5    931.5
     1     1    17     8     1     3     0     0    -2.0   46.396 -119.355    700.4    931.3
     1     1    17     8     1     2     0     0    -3.0   46.382 -119.328    699.1    931.2
     1     1    17     8     1     1     0     0    -4.0   46.354 -119.290    688.1    932.2
     1     1    17     8     1     0     0     0    -5.0   46.344 -119.239    676.5    934.6
     1     1    17     7    31    23     0     0    -6.0   46.356 -119.230    678.9    933.9
     1     1    17     7    31    22     0     0    -7.0   46.330 -119.246    683.3    932.7
     1     1    17     7    31    21     0     0    -8.0   46.319 -119.244    678.7    934.5
     1     1    17     7    31    20     0     0    -9.0   46.323 -119.269    682.6    933.6
     1     1    17     7    31    19     0     0   -10.0   46.263 -119.297    679.7    933.1
     1     1    17     7    31    18     0     0   -11.0   46.177 -119.258    687.3    932.8
     1     1    17     7    31    17     0     0   -12.0   46.150 -119.163    704.1    931.3
     1     1    17     7    31    16     0     0   -13.0   46.175 -119.066    720.1    927.8
     1     1    17     7    31    15     0     0   -14.0   46.180 -118.947    727.7    928.1
     1     1    17     7    31    14     0     0   -15.0   46.150 -118.840    717.4    929.8
     1     1    17     7    31    13     0     0   -16.0   46.140 -118.749    720.2    929.4
     1     1    17     7    31    12     0     0   -17.0   46.131 -118.645    727.5    927.7
     1     1    17     7    31    11     0     0   -18.0   46.128 -118.542    712.5    929.6
     1     1    17     7    31    10     0     0   -19.0   46.147 -118.436    723.0    930.1
     1     1    17     7    31     9     0     0   -20.0   46.131 -118.347    733.4    926.8
     1     1    17     7    31     8     0     0   -21.0   46.127 -118.337    719.5    929.3
     1     1    17     7    31     7     0     0   -22.0   46.126 -118.341    713.1    930.4
     1     1    17     7    31     6     0     0   -23.0   46.117 -118.304    716.9    929.3
     1     1    17     7    31     5     0     0   -24.0   46.115 -118.259    714.9    929.1
     1     1    17     7    31     4     0     0   -25.0   46.090 -118.230    715.4    930.5
     1     1    17     7    31     3     0     0   -26.0   46.046 -118.221    711.8    929.6
     1     1    17     7    31     2     0     0   -27.0   46.014 -118.238    704.1    930.9
     1     1    17     7    31     1     0     0   -28.0   46.034 -118.280    704.7    932.4
     1     1    17     7    31     0     0     0   -29.0   46.056 -118.226    706.6    930.3
     1     1    17     7    30    23     0     0   -30.0   46.045 -118.235    711.8    929.7
     1     1    17     7    30    22     0     0   -31.0   46.098 -118.381    720.0    928.9
     1     1    17     7    30    21     0     0   -32.0   46.202 -118.530    742.3    927.7
     1     1    17     7    30    20     0     0   -33.0   46.245 -118.710    763.7    922.7
     1     1    17     7    30    19     0     0   -34.0   46.197 -118.762    776.4    923.0
     1     1    17     7    30    18     0     0   -35.0   46.097 -118.620    767.9    924.4
     1     1    17     7    30    17     0     0   -36.0   45.978 -118.386    736.3    927.3
     1     1    17     7    30    16     0     0   -37.0   45.845 -118.219    712.2    930.8
     1     1    17     7    30    15     0     0   -38.0   45.720 -118.131    722.8    928.6
     1     1    17     7    30    14     0     0   -39.0   45.613 -117.977    733.1    928.3
