     1     1
    SITE    10     3     1     0     0
     1 BACKWARD OMEGA   
    17     8     4    12   46.392 -119.412   700.0
     1 PRESSURE
     1     1    17     8     4    12     0     0     0.0   46.392 -119.412    700.0    931.4
     1     1    17     8     4    11     0     0    -1.0   46.417 -119.473    716.9    929.5
     1     1    17     8     4    10     0     0    -2.0   46.530 -119.502    743.2    926.5
     1     1    17     8     4     9     0     0    -3.0   46.639 -119.537    722.8    929.4
     1     1    17     8     4     8     0     0    -4.0   46.670 -119.582    715.1    929.5
     1     1    17     8     4     7     0     0    -5.0   46.659 -119.619    710.8    930.3
     1     1    17     8     4     6     0     0    -6.0   46.640 -119.627    704.2    930.6
     1     1    17     8     4     5     0     0    -7.0   46.627 -119.653    698.6    932.1
     1     1    17     8     4     4     0     0    -8.0   46.594 -119.682    699.9    931.4
     1     1    17     8     4     3     0     0    -9.0   46.532 -119.654    681.6    931.8
     1     1    17     8     4     2     0     0   -10.0   46.477 -119.633    660.3    938.0
     1     1    17     8     4     1     0     0   -11.0   46.419 -119.637    661.2    936.6
     1     1    17     8     4     0     0     0   -12.0   46.364 -119.629    658.5    935.3
     1     1    17     8     3    23     0     0   -13.0   46.308 -119.632    663.7    937.7
     1     1    17     8     3    22     0     0   -14.0   46.241 -119.642    657.8    933.2
     1     1    17     8     3    21     0     0   -15.0   46.168 -119.606    645.2    938.8
     1     1    17     8     3    20     0     0   -16.0   46.075 -119.585    649.4    937.5
     1     1    17     8     3    19     0     0   -17.0   45.974 -119.605    630.5    938.7
     1     1    17     8     3    18     0     0   -18.0   45.883 -119.578    617.3    941.7
     1     1    17     8     3    17     0     0   -19.0   45.843 -119.467    599.5    942.8
     1     1    17     8     3    16     0     0   -20.0   45.875 -119.337    599.8    943.6
     1     1    17     8     3    15     0     0   -21.0   45.920 -119.229    613.3    941.3
     1     1    17     8     3    14     0     0   -22.0   45.893 -119.168    618.4    941.0
     1     1    17     8     3    13     0     0   -23.0   45.885 -119.124    609.3    941.6
     1     1    17     8     3    12     0     0   -24.0   45.947 -119.049    616.0    941.2
     1     1    17     8     3    11     0     0   -25.0   45.979 -119.089    612.6    939.7
     1     1    17     8     3    10     0     0   -26.0   45.946 -119.174    635.4    938.6
     1     1    17     8     3     9     0     0   -27.0   45.885 -119.176    631.1    939.5
     1     1    17     8     3     8     0     0   -28.0   45.849 -119.148    621.4    940.7
     1     1    17     8     3     7     0     0   -29.0   45.824 -119.118    616.5    941.9
     1     1    17     8     3     6     0     0   -30.0   45.819 -119.122    615.6    941.0
     1     1    17     8     3     5     0     0   -31.0   45.814 -119.133    615.6    941.4
     1     1    17     8     3     4     0     0   -32.0   45.824 -119.096    614.4    941.5
     1     1    17     8     3     3     0     0   -33.0   45.879 -119.043    613.4    941.8
     1     1    17     8     3     2     0     0   -34.0   45.943 -119.013    613.4    941.8
     1     1    17     8     3     1     0     0   -35.0   45.972 -118.951    608.9    941.2
     1     1    17     8     3     0     0     0   -36.0   45.950 -118.917    611.0    941.3
     1     1    17     8     2    23     0     0   -37.0   45.929 -118.889    616.9    941.7
     1     1    17     8     2    22     0     0   -38.0   45.899 -118.847    626.6    939.5
     1     1    17     8     2    21     0     0   -39.0   45.899 -118.863    626.1    940.1
     1     1    17     8     2    20     0     0   -40.0   45.914 -118.839    616.1    940.4
     1     1    17     8     2    19     0     0   -41.0   45.942 -118.812    607.6    941.2
     1     1    17     8     2    18     0     0   -42.0   46.044 -118.814    612.9    941.9
     1     1    17     8     2    17     0     0   -43.0   46.181 -118.771    613.7    941.5
     1     1    17     8     2    16     0     0   -44.0   46.332 -118.682    612.7    941.0
     1     1    17     8     2    15     0     0   -45.0   46.467 -118.573    616.3    941.1
     1     1    17     8     2    14     0     0   -46.0   46.588 -118.472    617.0    941.4
     1     1    17     8     2    13     0     0   -47.0   46.714 -118.379    633.6    938.7
     1     1    17     8     2    12     0     0   -48.0   46.774 -118.222    616.7    939.2
     1     1    17     8     2    11     0     0   -49.0   46.857 -118.081    590.0    943.8
     1     1    17     8     2    10     0     0   -50.0   47.049 -118.031    569.5    945.6
     1     1    17     8     2     9     0     0   -51.0   47.041 -118.026    550.3    948.5
     1     1    17     8     2     8     0     0   -52.0   47.017 -118.052    600.9    942.8
     1     1    17     8     2     7     0     0   -53.0   47.128 -118.052    612.8    941.3
     1     1    17     8     2     6     0     0   -54.0   47.175 -118.023    604.8    942.5
     1     1    17     8     2     5     0     0   -55.0   47.168 -118.008    608.6    942.5
     1     1    17     8     2     4     0     0   -56.0   47.135 -117.956    601.0    941.5
     1     1    17     8     2     3     0     0   -57.0   47.180 -117.940    601.8    943.1
     1     1    17     8     2     2     0     0   -58.0   47.226 -118.037    614.5    941.5
     1     1    17     8     2     1     0     0   -59.0   47.202 -118.141    617.3    941.0
     1     1    17     8     2     0     0     0   -60.0   47.186 -118.217    612.1    941.7
     1     1    17     8     1    23     0     0   -61.0   47.187 -118.286    613.1    942.2
     1     1    17     8     1    22     0     0   -62.0   47.222 -118.292    613.1    941.0
     1     1    17     8     1    21     0     0   -63.0   47.285 -118.305    598.4    943.0
     1     1    17     8     1    20     0     0   -64.0   47.333 -118.360    587.9    944.8
