     1     1
    SITE    10     3     1     0     0
     1 BACKWARD OMEGA   
    17     8     7     4   46.392 -119.412   700.0
     1 PRESSURE
     1     1    17     8     7     4     0     0     0.0   46.392 -119.412    700.0    931.4
     1     1    17     8     7     3     0     0    -1.0   46.367 -119.366    691.8    932.4
     1     1    17     8     7     2     0     0    -2.0   46.351 -119.331    686.5    933.0
     1     1    17     8     7     1     0     0    -3.0   46.308 -119.298    682.4    933.7
     1     1    17     8     7     0     0     0    -4.0   46.262 -119.230    675.5    933.9
     1     1    17     8     6    23     0     0    -5.0   46.232 -119.149    687.5    935.4
     1     1    17     8     6    22     0     0    -6.0   46.246 -119.073    719.2    927.8
     1     1    17     8     6    21     0     0    -7.0   46.251 -119.075    735.6    925.5
     1     1    17     8     6    20     0     0    -8.0   46.216 -119.103    745.6    926.5
     1     1    17     8     6    19     0     0    -9.0   46.222 -119.073    752.1    924.2
     1     1    17     8     6    18     0     0   -10.0   46.241 -119.093    741.8    925.8
     1     1    17     8     6    17     0     0   -11.0   46.236 -119.184    737.0    926.7
     1     1    17     8     6    16     0     0   -12.0   46.260 -119.197    737.2    928.2
     1     1    17     8     6    15     0     0   -13.0   46.271 -119.122    742.8    926.2
     1     1    17     8     6    14     0     0   -14.0   46.283 -119.039    732.3    926.6
     1     1    17     8     6    13     0     0   -15.0   46.288 -118.964    731.1    928.5
     1     1    17     8     6    12     0     0   -16.0   46.250 -118.891    732.2    927.9
     1     1    17     8     6    11     0     0   -17.0   46.206 -118.835    726.1    927.3
     1     1    17     8     6    10     0     0   -18.0   46.189 -118.776    727.1    929.6
     1     1    17     8     6     9     0     0   -19.0   46.204 -118.703    731.5    928.7
     1     1    17     8     6     8     0     0   -20.0   46.198 -118.630    739.1    926.3
     1     1    17     8     6     7     0     0   -21.0   46.222 -118.542    741.1    926.6
     1     1    17     8     6     6     0     0   -22.0   46.248 -118.457    756.6    925.1
     1     1    17     8     6     5     0     0   -23.0   46.228 -118.410    767.9    922.2
     1     1    17     8     6     4     0     0   -24.0   46.204 -118.410    767.7    924.0
     1     1    17     8     6     3     0     0   -25.0   46.172 -118.414    768.2    923.1
     1     1    17     8     6     2     0     0   -26.0   46.147 -118.387    768.9    923.5
     1     1    17     8     6     1     0     0   -27.0   46.108 -118.360    773.5    923.4
     1     1    17     8     6     0     0     0   -28.0   46.058 -118.365    785.7    921.8
     1     1    17     8     5    23     0     0   -29.0   46.073 -118.343    778.8    920.0
     1     1    17     8     5    22     0     0   -30.0   46.105 -118.288    765.9    925.6
     1     1    17     8     5    21     0     0   -31.0   46.087 -118.258    766.1    923.4
     1     1    17     8     5    20     0     0   -32.0   46.031 -118.270    750.0    923.8
     1     1    17     8     5    19     0     0   -33.0   45.958 -118.315    740.6    927.3
     1     1    17     8     5    18     0     0   -34.0   45.890 -118.315    728.2    927.7
     1     1    17     8     5    17     0     0   -35.0   45.881 -118.243    722.9    929.7
     1     1    17     8     5    16     0     0   -36.0   45.922 -118.128    740.1    926.4
     1     1    17     8     5    15     0     0   -37.0   45.968 -118.005    744.0    925.9
