     1     1
    SITE    10     3     1     0     0
     1 BACKWARD OMEGA   
    17     8    26    12   46.392 -119.412   700.0
     1 PRESSURE
     1     1    17     8    26    12     0     0     0.0   46.392 -119.412    700.0    931.4
     1     1    17     8    26    11     0     0    -1.0   46.394 -119.320    704.3    930.9
     1     1    17     8    26    10     0     0    -2.0   46.402 -119.241    697.1    931.3
     1     1    17     8    26     9     0     0    -3.0   46.425 -119.175    690.3    934.3
     1     1    17     8    26     8     0     0    -4.0   46.440 -119.124    693.6    931.5
     1     1    17     8    26     7     0     0    -5.0   46.456 -119.063    689.3    932.5
     1     1    17     8    26     6     0     0    -6.0   46.461 -119.001    688.4    933.0
     1     1    17     8    26     5     0     0    -7.0   46.453 -118.976    689.5    932.6
     1     1    17     8    26     4     0     0    -8.0   46.468 -118.924    691.8    932.6
     1     1    17     8    26     3     0     0    -9.0   46.496 -118.839    687.6    932.2
     1     1    17     8    26     2     0     0   -10.0   46.501 -118.778    678.3    933.9
     1     1    17     8    26     1     0     0   -11.0   46.478 -118.746    675.8    934.7
     1     1    17     8    26     0     0     0   -12.0   46.475 -118.753    673.7    934.1
     1     1    17     8    25    23     0     0   -13.0   46.478 -118.771    667.7    935.1
     1     1    17     8    25    22     0     0   -14.0   46.473 -118.763    666.2    935.9
     1     1    17     8    25    21     0     0   -15.0   46.470 -118.727    657.7    935.3
     1     1    17     8    25    20     0     0   -16.0   46.453 -118.678    652.0    938.4
     1     1    17     8    25    19     0     0   -17.0   46.420 -118.599    652.3    936.6
     1     1    17     8    25    18     0     0   -18.0   46.370 -118.493    649.0    936.8
     1     1    17     8    25    17     0     0   -19.0   46.319 -118.389    644.1    938.2
     1     1    17     8    25    16     0     0   -20.0   46.267 -118.280    638.9    938.7
     1     1    17     8    25    15     0     0   -21.0   46.214 -118.162    618.7    941.1
     1     1    17     8    25    14     0     0   -22.0   46.171 -118.042    608.5    942.4
     1     1    17     8    25    13     0     0   -23.0   46.148 -117.931    620.1    940.3
