     1     1
    SITE    10     3     1     0     0
     1 BACKWARD OMEGA   
    17     8    28     5   46.392 -119.412   700.0
     1 PRESSURE
     1     1    17     8    28     5     0     0     0.0   46.392 -119.412    700.0    931.4
     1     1    17     8    28     4     0     0    -1.0   46.351 -119.345    686.7    933.0
     1     1    17     8    28     3     0     0    -2.0   46.303 -119.385    704.8    930.8
     1     1    17     8    28     2     0     0    -3.0   46.295 -119.415    719.9    928.3
     1     1    17     8    28     1     0     0    -4.0   46.302 -119.369    725.8    928.6
     1     1    17     8    28     0     0     0    -5.0   46.280 -119.310    727.1    927.2
     1     1    17     8    27    23     0     0    -6.0   46.249 -119.250    720.8    929.4
     1     1    17     8    27    22     0     0    -7.0   46.228 -119.184    712.1    929.3
     1     1    17     8    27    21     0     0    -8.0   46.215 -119.124    707.0    932.3
     1     1    17     8    27    20     0     0    -9.0   46.189 -119.096    705.8    929.4
     1     1    17     8    27    19     0     0   -10.0   46.162 -119.098    696.5    932.7
     1     1    17     8    27    18     0     0   -11.0   46.150 -119.090    692.7    932.2
     1     1    17     8    27    17     0     0   -12.0   46.144 -119.069    691.5    933.0
     1     1    17     8    27    16     0     0   -13.0   46.130 -119.032    692.7    932.0
     1     1    17     8    27    15     0     0   -14.0   46.102 -118.965    692.2    932.1
     1     1    17     8    27    14     0     0   -15.0   46.063 -118.887    692.9    932.6
     1     1    17     8    27    13     0     0   -16.0   46.022 -118.809    690.3    932.0
     1     1    17     8    27    12     0     0   -17.0   46.023 -118.745    677.0    933.4
     1     1    17     8    27    11     0     0   -18.0   46.017 -118.698    674.2    936.3
     1     1    17     8    27    10     0     0   -19.0   45.984 -118.650    675.3    933.4
     1     1    17     8    27     9     0     0   -20.0   45.974 -118.594    671.3    935.2
     1     1    17     8    27     8     0     0   -21.0   45.972 -118.530    664.0    934.9
     1     1    17     8    27     7     0     0   -22.0   45.985 -118.465    663.9    937.3
     1     1    17     8    27     6     0     0   -23.0   46.001 -118.452    671.8    934.6
     1     1    17     8    27     5     0     0   -24.0   45.993 -118.459    678.0    933.7
     1     1    17     8    27     4     0     0   -25.0   46.005 -118.419    681.7    933.5
     1     1    17     8    27     3     0     0   -26.0   46.030 -118.348    683.8    934.0
     1     1    17     8    27     2     0     0   -27.0   46.042 -118.272    686.7    932.0
     1     1    17     8    27     1     0     0   -28.0   46.051 -118.210    685.0    933.7
     1     1    17     8    27     0     0     0   -29.0   46.044 -118.162    685.9    932.6
     1     1    17     8    26    23     0     0   -30.0   46.053 -118.115    687.4    933.1
     1     1    17     8    26    22     0     0   -31.0   46.088 -118.059    692.0    932.3
     1     1    17     8    26    21     0     0   -32.0   46.098 -118.049    692.5    931.9
     1     1    17     8    26    20     0     0   -33.0   46.084 -118.079    686.7    933.5
     1     1    17     8    26    19     0     0   -34.0   46.074 -118.053    692.5    933.2
     1     1    17     8    26    18     0     0   -35.0   46.103 -117.991    710.9    929.9
     1     1    17     8    26    17     0     0   -36.0   46.168 -117.938    706.1    929.9
