     1     1
    SITE    10     3     1     0     0
     1 BACKWARD OMEGA   
    17     8     9     5   46.392 -119.412   700.0
     1 PRESSURE
     1     1    17     8     9     5     0     0     0.0   46.392 -119.412    700.0    931.4
     1     1    17     8     9     4     0     0    -1.0   46.376 -119.395    695.2    932.0
     1     1    17     8     9     3     0     0    -2.0   46.351 -119.371    685.2    933.2
     1     1    17     8     9     2     0     0    -3.0   46.310 -119.377    676.0    934.4
     1     1    17     8     9     1     0     0    -4.0   46.321 -119.323    669.9    935.4
     1     1    17     8     9     0     0     0    -5.0   46.315 -119.276    658.1    936.8
     1     1    17     8     8    23     0     0    -6.0   46.254 -119.283    655.9    936.8
     1     1    17     8     8    22     0     0    -7.0   46.232 -119.270    656.9    936.7
     1     1    17     8     8    21     0     0    -8.0   46.226 -119.254    651.8    936.6
     1     1    17     8     8    20     0     0    -9.0   46.216 -119.299    655.4    938.1
     1     1    17     8     8    19     0     0   -10.0   46.207 -119.321    658.9    935.1
     1     1    17     8     8    18     0     0   -11.0   46.220 -119.252    666.6    936.6
     1     1    17     8     8    17     0     0   -12.0   46.259 -119.161    684.6    932.8
     1     1    17     8     8    16     0     0   -13.0   46.309 -119.063    687.8    933.0
     1     1    17     8     8    15     0     0   -14.0   46.333 -118.952    684.5    932.4
     1     1    17     8     8    14     0     0   -15.0   46.315 -118.838    682.8    933.6
     1     1    17     8     8    13     0     0   -16.0   46.275 -118.754    680.1    933.4
     1     1    17     8     8    12     0     0   -17.0   46.255 -118.670    671.5    935.5
     1     1    17     8     8    11     0     0   -18.0   46.273 -118.577    666.6    935.1
     1     1    17     8     8    10     0     0   -19.0   46.297 -118.490    659.4    937.0
     1     1    17     8     8     9     0     0   -20.0   46.303 -118.418    652.3    936.4
     1     1    17     8     8     8     0     0   -21.0   46.299 -118.367    650.4    938.4
     1     1    17     8     8     7     0     0   -22.0   46.297 -118.331    653.1    936.7
     1     1    17     8     8     6     0     0   -23.0   46.282 -118.308    652.1    936.8
     1     1    17     8     8     5     0     0   -24.0   46.256 -118.301    648.4    937.5
     1     1    17     8     8     4     0     0   -25.0   46.255 -118.270    656.8    938.2
     1     1    17     8     8     3     0     0   -26.0   46.271 -118.225    665.5    934.7
     1     1    17     8     8     2     0     0   -27.0   46.262 -118.217    662.5    935.7
     1     1    17     8     8     1     0     0   -28.0   46.235 -118.230    660.9    936.3
     1     1    17     8     8     0     0     0   -29.0   46.188 -118.238    666.1    936.0
     1     1    17     8     7    23     0     0   -30.0   46.136 -118.260    666.3    934.3
     1     1    17     8     7    22     0     0   -31.0   46.106 -118.310    658.7    936.6
     1     1    17     8     7    21     0     0   -32.0   46.078 -118.334    656.9    937.0
     1     1    17     8     7    20     0     0   -33.0   46.035 -118.330    665.3    936.7
     1     1    17     8     7    19     0     0   -34.0   45.968 -118.325    674.2    933.5
     1     1    17     8     7    18     0     0   -35.0   45.885 -118.297    666.7    934.8
     1     1    17     8     7    17     0     0   -36.0   45.794 -118.258    651.8    937.3
     1     1    17     8     7    16     0     0   -37.0   45.700 -118.207    650.4    937.7
     1     1    17     8     7    15     0     0   -38.0   45.619 -118.124    662.9    935.6
     1     1    17     8     7    14     0     0   -39.0   45.545 -118.053    671.5    934.7
     1     1    17     8     7    13     0     0   -40.0   45.477 -117.992    674.5    934.1
     1     1    17     8     7    12     0     0   -41.0   45.422 -117.960    674.8    934.4
