     1     1
    SITE    10     3     1     0     0
     1 BACKWARD OMEGA   
    17     8     1     7   46.392 -119.412   700.0
     1 PRESSURE
     1     1    17     8     1     7     0     0     0.0   46.392 -119.412    700.0    931.4
     1     1    17     8     1     6     0     0    -1.0   46.377 -119.415    698.1    931.6
     1     1    17     8     1     5     0     0    -2.0   46.366 -119.420    695.2    931.7
     1     1    17     8     1     4     0     0    -3.0   46.369 -119.391    689.2    932.3
     1     1    17     8     1     3     0     0    -4.0   46.371 -119.364    687.2    933.3
     1     1    17     8     1     2     0     0    -5.0   46.358 -119.337    689.2    932.7
     1     1    17     8     1     1     0     0    -6.0   46.330 -119.299    681.8    932.7
     1     1    17     8     1     0     0     0    -7.0   46.319 -119.248    666.4    935.3
     1     1    17     7    31    23     0     0    -8.0   46.331 -119.238    669.8    935.7
     1     1    17     7    31    22     0     0    -9.0   46.305 -119.254    681.2    933.0
     1     1    17     7    31    21     0     0   -10.0   46.293 -119.252    678.8    934.1
     1     1    17     7    31    20     0     0   -11.0   46.296 -119.276    681.2    933.8
     1     1    17     7    31    19     0     0   -12.0   46.236 -119.304    678.1    933.4
     1     1    17     7    31    18     0     0   -13.0   46.149 -119.265    682.3    933.3
     1     1    17     7    31    17     0     0   -14.0   46.122 -119.169    700.0    931.4
     1     1    17     7    31    16     0     0   -15.0   46.148 -119.072    711.3    928.5
     1     1    17     7    31    15     0     0   -16.0   46.154 -118.953    716.4    929.6
     1     1    17     7    31    14     0     0   -17.0   46.124 -118.845    710.0    930.8
     1     1    17     7    31    13     0     0   -18.0   46.114 -118.755    713.5    929.8
     1     1    17     7    31    12     0     0   -19.0   46.105 -118.652    717.0    929.3
     1     1    17     7    31    11     0     0   -20.0   46.101 -118.550    709.3    929.8
     1     1    17     7    31    10     0     0   -21.0   46.119 -118.444    713.2    931.1
     1     1    17     7    31     9     0     0   -22.0   46.103 -118.356    718.4    928.7
     1     1    17     7    31     8     0     0   -23.0   46.097 -118.347    711.6    930.5
     1     1    17     7    31     7     0     0   -24.0   46.097 -118.352    710.6    929.9
     1     1    17     7    31     6     0     0   -25.0   46.088 -118.315    711.5    930.0
     1     1    17     7    31     5     0     0   -26.0   46.086 -118.270    708.4    929.9
     1     1    17     7    31     4     0     0   -27.0   46.061 -118.241    701.6    931.3
     1     1    17     7    31     3     0     0   -28.0   46.016 -118.232    691.3    932.8
     1     1    17     7    31     2     0     0   -29.0   45.985 -118.249    687.8    933.3
     1     1    17     7    31     1     0     0   -30.0   46.006 -118.290    697.5    933.4
     1     1    17     7    31     0     0     0   -31.0   46.029 -118.234    697.4    930.2
     1     1    17     7    30    23     0     0   -32.0   46.017 -118.243    699.8    931.3
     1     1    17     7    30    22     0     0   -33.0   46.071 -118.388    705.4    930.3
     1     1    17     7    30    21     0     0   -34.0   46.176 -118.536    717.7    930.4
     1     1    17     7    30    20     0     0   -35.0   46.220 -118.716    732.5    926.1
     1     1    17     7    30    19     0     0   -36.0   46.173 -118.766    735.0    927.5
     1     1    17     7    30    18     0     0   -37.0   46.074 -118.625    723.9    929.8
     1     1    17     7    30    17     0     0   -38.0   45.955 -118.389    683.8    933.8
     1     1    17     7    30    16     0     0   -39.0   45.821 -118.220    658.9    936.9
     1     1    17     7    30    15     0     0   -40.0   45.697 -118.131    663.7    935.5
     1     1    17     7    30    14     0     0   -41.0   45.589 -117.977    677.6    934.7
