     1     1
    SITE    10     3     1     0     0
     1 BACKWARD OMEGA   
    17     8    29     9   46.392 -119.412   700.0
     1 PRESSURE
     1     1    17     8    29     9     0     0     0.0   46.392 -119.412    700.0    931.4
     1     1    17     8    29     8     0     0    -1.0   46.347 -119.428    698.9    931.5
     1     1    17     8    29     7     0     0    -2.0   46.322 -119.425    695.8    932.4
     1     1    17     8    29     6     0     0    -3.0   46.317 -119.402    696.7    931.6
     1     1    17     8    29     5     0     0    -4.0   46.300 -119.387    692.3    931.8
     1     1    17     8    29     4     0     0    -5.0   46.292 -119.326    690.8    933.1
     1     1    17     8    29     3     0     0    -6.0   46.318 -119.216    699.7    931.8
     1     1    17     8    29     2     0     0    -7.0   46.366 -119.109    697.6    931.1
     1     1    17     8    29     1     0     0    -8.0   46.412 -119.031    693.5    932.5
     1     1    17     8    29     0     0     0    -9.0   46.410 -119.008    707.3    931.2
     1     1    17     8    28    23     0     0   -10.0   46.373 -119.019    716.1    928.4
     1     1    17     8    28    22     0     0   -11.0   46.343 -119.004    719.5    929.7
     1     1    17     8    28    21     0     0   -12.0   46.318 -118.970    726.5    928.7
     1     1    17     8    28    20     0     0   -13.0   46.293 -118.999    737.8    927.1
     1     1    17     8    28    19     0     0   -14.0   46.257 -119.040    731.1    927.2
     1     1    17     8    28    18     0     0   -15.0   46.270 -119.089    721.3    929.1
     1     1    17     8    28    17     0     0   -16.0   46.354 -119.178    708.3    930.8
     1     1    17     8    28    16     0     0   -17.0   46.442 -119.224    705.0    930.7
     1     1    17     8    28    15     0     0   -18.0   46.531 -119.239    713.9    930.6
     1     1    17     8    28    14     0     0   -19.0   46.533 -119.247    727.9    927.4
     1     1    17     8    28    13     0     0   -20.0   46.443 -119.260    715.5    930.4
     1     1    17     8    28    12     0     0   -21.0   46.436 -119.226    686.9    931.4
     1     1    17     8    28    11     0     0   -22.0   46.518 -119.178    670.0    935.6
     1     1    17     8    28    10     0     0   -23.0   46.518 -119.181    665.6    935.3
     1     1    17     8    28     9     0     0   -24.0   46.527 -119.202    658.9    936.4
     1     1    17     8    28     8     0     0   -25.0   46.533 -119.232    645.5    937.2
     1     1    17     8    28     7     0     0   -26.0   46.475 -119.208    624.3    940.5
     1     1    17     8    28     6     0     0   -27.0   46.432 -119.212    611.2    942.0
     1     1    17     8    28     5     0     0   -28.0   46.390 -119.187    600.4    942.3
     1     1    17     8    28     4     0     0   -29.0   46.349 -119.121    611.0    941.4
     1     1    17     8    28     3     0     0   -30.0   46.300 -119.160    603.9    941.8
     1     1    17     8    28     2     0     0   -31.0   46.292 -119.189    600.2    943.4
     1     1    17     8    28     1     0     0   -32.0   46.298 -119.143    601.6    942.9
     1     1    17     8    28     0     0     0   -33.0   46.278 -119.084    603.3    942.6
     1     1    17     8    27    23     0     0   -34.0   46.247 -119.024    601.3    942.2
     1     1    17     8    27    22     0     0   -35.0   46.226 -118.955    596.8    943.6
     1     1    17     8    27    21     0     0   -36.0   46.212 -118.895    591.5    943.2
     1     1    17     8    27    20     0     0   -37.0   46.187 -118.869    587.6    944.7
     1     1    17     8    27    19     0     0   -38.0   46.160 -118.870    587.6    944.0
     1     1    17     8    27    18     0     0   -39.0   46.147 -118.863    588.4    944.4
     1     1    17     8    27    17     0     0   -40.0   46.141 -118.842    591.8    943.5
     1     1    17     8    27    16     0     0   -41.0   46.127 -118.803    597.5    943.6
     1     1    17     8    27    15     0     0   -42.0   46.099 -118.735    583.4    942.4
     1     1    17     8    27    14     0     0   -43.0   46.058 -118.656    561.4    948.3
     1     1    17     8    27    13     0     0   -44.0   46.016 -118.579    560.8    948.2
     1     1    17     8    27    12     0     0   -45.0   46.015 -118.514    567.9    945.9
     1     1    17     8    27    11     0     0   -46.0   46.008 -118.466    566.5    946.7
     1     1    17     8    27    10     0     0   -47.0   45.974 -118.420    571.3    945.0
     1     1    17     8    27     9     0     0   -48.0   45.966 -118.362    559.7    946.7
     1     1    17     8    27     8     0     0   -49.0   45.963 -118.296    555.2    949.1
     1     1    17     8    27     7     0     0   -50.0   45.976 -118.233    548.9    946.7
     1     1    17     8    27     6     0     0   -51.0   45.994 -118.224    537.7    950.0
     1     1    17     8    27     5     0     0   -52.0   45.987 -118.231    534.2    950.0
     1     1    17     8    27     4     0     0   -53.0   46.000 -118.192    527.7    950.7
     1     1    17     8    27     3     0     0   -54.0   46.026 -118.123    530.4    950.1
     1     1    17     8    27     2     0     0   -55.0   46.039 -118.046    540.2    950.2
     1     1    17     8    27     1     0     0   -56.0   46.049 -117.982    549.0    947.3
     1     1    17     8    27     0     0     0   -57.0   46.042 -117.933    541.4    948.5
