     1     1
    SITE    10     3     1     0     0
     1 BACKWARD OMEGA   
    17     8    27     0   46.392 -119.412   700.0
     1 PRESSURE
     1     1    17     8    27     0     0     0     0.0   46.392 -119.412    700.0    931.4
     1     1    17     8    26    23     0     0    -1.0   46.402 -119.362    701.8    931.2
     1     1    17     8    26    22     0     0    -2.0   46.437 -119.306    704.1    930.7
     1     1    17     8    26    21     0     0    -3.0   46.447 -119.296    703.3    930.9
     1     1    17     8    26    20     0     0    -4.0   46.432 -119.327    706.9    930.9
     1     1    17     8    26    19     0     0    -5.0   46.420 -119.299    705.5    929.9
     1     1    17     8    26    18     0     0    -6.0   46.448 -119.238    689.8    931.4
     1     1    17     8    26    17     0     0    -7.0   46.515 -119.185    679.0    936.6
     1     1    17     8    26    16     0     0    -8.0   46.586 -119.123    691.7    932.1
     1     1    17     8    26    15     0     0    -9.0   46.660 -119.063    693.8    932.5
     1     1    17     8    26    14     0     0   -10.0   46.691 -118.986    701.5    931.1
     1     1    17     8    26    13     0     0   -11.0   46.696 -118.886    693.9    930.5
     1     1    17     8    26    12     0     0   -12.0   46.712 -118.781    688.0    932.9
     1     1    17     8    26    11     0     0   -13.0   46.713 -118.687    676.4    933.8
     1     1    17     8    26    10     0     0   -14.0   46.723 -118.607    661.3    936.5
     1     1    17     8    26     9     0     0   -15.0   46.747 -118.542    668.0    936.1
     1     1    17     8    26     8     0     0   -16.0   46.762 -118.490    681.9    933.4
     1     1    17     8    26     7     0     0   -17.0   46.778 -118.428    680.5    932.2
     1     1    17     8    26     6     0     0   -18.0   46.782 -118.367    677.1    934.9
     1     1    17     8    26     5     0     0   -19.0   46.776 -118.341    680.5    933.5
     1     1    17     8    26     4     0     0   -20.0   46.788 -118.290    705.5    933.5
     1     1    17     8    26     3     0     0   -21.0   46.814 -118.204    721.5    926.2
     1     1    17     8    26     2     0     0   -22.0   46.819 -118.140    719.4    929.5
     1     1    17     8    26     1     0     0   -23.0   46.797 -118.107    721.7    928.9
     1     1    17     8    26     0     0     0   -24.0   46.793 -118.115    717.6    928.7
     1     1    17     8    25    23     0     0   -25.0   46.796 -118.133    710.8    930.4
     1     1    17     8    25    22     0     0   -26.0   46.792 -118.125    708.8    930.3
     1     1    17     8    25    21     0     0   -27.0   46.789 -118.090    707.5    930.5
     1     1    17     8    25    20     0     0   -28.0   46.772 -118.042    710.4    930.7
     1     1    17     8    25    19     0     0   -29.0   46.740 -117.966    713.0    929.4
     1     1    17     8    25    18     0     0   -30.0   46.692 -117.861    724.7    929.7
