     1     1
    SITE    10     3     1     0     0
     1 BACKWARD OMEGA   
    17     8    15     1   46.392 -119.412   700.0
     1 PRESSURE
     1     1    17     8    15     1     0     0     0.0   46.392 -119.412    700.0    931.4
     1     1    17     8    15     0     0     0    -1.0   46.442 -119.416    724.7    928.6
     1     1    17     8    14    23     0     0    -2.0   46.469 -119.482    744.8    925.4
     1     1    17     8    14    22     0     0    -3.0   46.456 -119.522    745.9    924.9
     1     1    17     8    14    21     0     0    -4.0   46.405 -119.507    737.5    925.9
     1     1    17     8    14    20     0     0    -5.0   46.333 -119.489    741.1    927.2
     1     1    17     8    14    19     0     0    -6.0   46.256 -119.431    771.1    923.4
     1     1    17     8    14    18     0     0    -7.0   46.167 -119.311    777.9    921.6
     1     1    17     8    14    17     0     0    -8.0   46.077 -119.170    784.2    922.2
     1     1    17     8    14    16     0     0    -9.0   45.985 -119.030    802.0    919.6
     1     1    17     8    14    15     0     0   -10.0   45.915 -118.875    823.4    918.3
     1     1    17     8    14    14     0     0   -11.0   45.850 -118.826    846.2    914.6
     1     1    17     8    14    13     0     0   -12.0   45.762 -118.789    828.6    916.6
     1     1    17     8    14    12     0     0   -13.0   45.657 -118.673    807.2    920.7
     1     1    17     8    14    11     0     0   -14.0   45.534 -118.635    814.4    918.8
     1     1    17     8    14    10     0     0   -15.0   45.420 -118.631    813.0    917.8
