     1     1
    SITE    10     3     1     0     0
     1 BACKWARD OMEGA   
    17     8     1     0   46.392 -119.412   700.0
     1 PRESSURE
     1     1    17     8     1     0     0     0     0.0   46.392 -119.412    700.0    931.4
     1     1    17     7    31    23     0     0    -1.0   46.404 -119.402    696.5    931.8
     1     1    17     7    31    22     0     0    -2.0   46.376 -119.417    695.6    932.0
     1     1    17     7    31    21     0     0    -3.0   46.364 -119.412    701.1    930.3
     1     1    17     7    31    20     0     0    -4.0   46.367 -119.435    696.2    932.0
     1     1    17     7    31    19     0     0    -5.0   46.308 -119.460    695.1    932.4
     1     1    17     7    31    18     0     0    -6.0   46.223 -119.415    678.6    933.8
     1     1    17     7    31    17     0     0    -7.0   46.199 -119.319    685.5    932.9
     1     1    17     7    31    16     0     0    -8.0   46.225 -119.221    670.3    934.7
     1     1    17     7    31    15     0     0    -9.0   46.232 -119.102    672.3    934.6
     1     1    17     7    31    14     0     0   -10.0   46.200 -118.998    674.1    934.1
     1     1    17     7    31    13     0     0   -11.0   46.188 -118.910    673.3    934.8
     1     1    17     7    31    12     0     0   -12.0   46.179 -118.807    658.8    936.0
     1     1    17     7    31    11     0     0   -13.0   46.177 -118.703    651.9    937.5
     1     1    17     7    31    10     0     0   -14.0   46.197 -118.599    652.2    937.3
     1     1    17     7    31     9     0     0   -15.0   46.181 -118.513    654.1    936.4
     1     1    17     7    31     8     0     0   -16.0   46.174 -118.506    651.6    937.6
     1     1    17     7    31     7     0     0   -17.0   46.174 -118.512    645.8    937.7
     1     1    17     7    31     6     0     0   -18.0   46.164 -118.474    641.3    939.3
     1     1    17     7    31     5     0     0   -19.0   46.162 -118.428    642.6    938.5
     1     1    17     7    31     4     0     0   -20.0   46.137 -118.397    645.9    938.2
     1     1    17     7    31     3     0     0   -21.0   46.093 -118.386    648.7    937.4
     1     1    17     7    31     2     0     0   -22.0   46.061 -118.403    644.5    937.6
     1     1    17     7    31     1     0     0   -23.0   46.080 -118.445    638.6    938.4
     1     1    17     7    31     0     0     0   -24.0   46.100 -118.393    644.9    939.4
     1     1    17     7    30    23     0     0   -25.0   46.090 -118.404    659.7    936.4
     1     1    17     7    30    22     0     0   -26.0   46.139 -118.554    655.0    936.2
     1     1    17     7    30    21     0     0   -27.0   46.242 -118.702    641.4    938.0
     1     1    17     7    30    20     0     0   -28.0   46.286 -118.881    634.9    939.5
     1     1    17     7    30    19     0     0   -29.0   46.240 -118.931    617.8    940.7
     1     1    17     7    30    18     0     0   -30.0   46.141 -118.786    624.1    940.0
     1     1    17     7    30    17     0     0   -31.0   46.024 -118.550    617.1    940.8
     1     1    17     7    30    16     0     0   -32.0   45.887 -118.379    580.3    945.5
     1     1    17     7    30    15     0     0   -33.0   45.756 -118.294    584.5    944.6
     1     1    17     7    30    14     0     0   -34.0   45.653 -118.137    597.8    943.4
     1     1    17     7    30    13     0     0   -35.0   45.553 -117.950    623.9    939.1
