     1     1
    SITE    10     3     1     0     0
     1 BACKWARD OMEGA   
    17     8    16     1   46.392 -119.412   700.0
     1 PRESSURE
     1     1    17     8    16     1     0     0     0.0   46.392 -119.412    700.0    931.4
     1     1    17     8    16     0     0     0    -1.0   46.358 -119.402    692.9    932.2
     1     1    17     8    15    23     0     0    -2.0   46.338 -119.372    680.1    933.6
     1     1    17     8    15    22     0     0    -3.0   46.346 -119.383    670.1    935.1
     1     1    17     8    15    21     0     0    -4.0   46.308 -119.416    659.1    936.1
     1     1    17     8    15    20     0     0    -5.0   46.206 -119.416    663.5    935.4
     1     1    17     8    15    19     0     0    -6.0   46.104 -119.398    664.6    935.7
     1     1    17     8    15    18     0     0    -7.0   46.013 -119.323    668.9    935.1
     1     1    17     8    15    17     0     0    -8.0   45.918 -119.205    657.9    935.0
     1     1    17     8    15    16     0     0    -9.0   45.817 -119.077    609.6    942.6
     1     1    17     8    15    15     0     0   -10.0   45.726 -118.997    583.1    944.5
     1     1    17     8    15    14     0     0   -11.0   45.670 -118.902    568.9    946.5
     1     1    17     8    15    13     0     0   -12.0   45.630 -118.881    570.8    946.1
     1     1    17     8    15    12     0     0   -13.0   45.570 -118.921    582.6    945.5
     1     1    17     8    15    11     0     0   -14.0   45.527 -118.874    584.2    943.9
     1     1    17     8    15    10     0     0   -15.0   45.514 -118.787    574.6    946.6
     1     1    17     8    15     9     0     0   -16.0   45.489 -118.727    582.6    945.6
     1     1    17     8    15     8     0     0   -17.0   45.450 -118.716    584.1    943.8
     1     1    17     8    15     7     0     0   -18.0   45.422 -118.711    581.1    945.2
