     1     1
    SITE    10     3     1     0     0
     1 BACKWARD OMEGA   
    17     8    18     9   46.392 -119.412   700.0
     1 PRESSURE
     1     1    17     8    18     9     0     0     0.0   46.392 -119.412    700.0    931.4
     1     1    17     8    18     8     0     0    -1.0   46.285 -119.413    683.6    933.3
     1     1    17     8    18     7     0     0    -2.0   46.191 -119.414    666.2    935.7
     1     1    17     8    18     6     0     0    -3.0   46.141 -119.427    661.2    935.9
     1     1    17     8    18     5     0     0    -4.0   46.116 -119.460    662.6    936.9
     1     1    17     8    18     4     0     0    -5.0   46.071 -119.458    654.2    934.5
     1     1    17     8    18     3     0     0    -6.0   46.019 -119.446    645.1    938.7
     1     1    17     8    18     2     0     0    -7.0   45.968 -119.435    647.7    938.5
     1     1    17     8    18     1     0     0    -8.0   45.927 -119.434    653.0    937.2
     1     1    17     8    18     0     0     0    -9.0   45.905 -119.470    655.3    936.8
     1     1    17     8    17    23     0     0   -10.0   45.877 -119.530    655.3    936.6
     1     1    17     8    17    22     0     0   -11.0   45.869 -119.619    648.3    936.5
     1     1    17     8    17    21     0     0   -12.0   45.831 -119.685    642.2    940.0
     1     1    17     8    17    20     0     0   -13.0   45.726 -119.703    652.6    937.7
     1     1    17     8    17    19     0     0   -14.0   45.614 -119.668    668.8    934.9
     1     1    17     8    17    18     0     0   -15.0   45.518 -119.571    686.7    933.2
     1     1    17     8    17    17     0     0   -16.0   45.447 -119.427    687.5    933.0
     1     1    17     8    17    16     0     0   -17.0   45.457 -119.261    671.9    935.0
     1     1    17     8    17    15     0     0   -18.0   45.490 -119.110    669.3    935.5
     1     1    17     8    17    14     0     0   -19.0   45.484 -119.106    670.8    934.8
     1     1    17     8    17    13     0     0   -20.0   45.446 -119.191    667.8    935.1
     1     1    17     8    17    12     0     0   -21.0   45.374 -119.197    667.2    935.5
