     1     1
    SITE    10     3     1     0     0
     1 BACKWARD OMEGA   
    17     8     8     1   46.392 -119.412   700.0
     1 PRESSURE
     1     1    17     8     8     1     0     0     0.0   46.392 -119.412    700.0    931.4
     1     1    17     8     8     0     0     0    -1.0   46.345 -119.418    709.2    930.4
     1     1    17     8     7    23     0     0    -2.0   46.294 -119.439    725.1    927.5
     1     1    17     8     7    22     0     0    -3.0   46.265 -119.488    724.6    927.3
     1     1    17     8     7    21     0     0    -4.0   46.238 -119.512    724.1    929.8
     1     1    17     8     7    20     0     0    -5.0   46.195 -119.506    728.5    927.0
     1     1    17     8     7    19     0     0    -6.0   46.128 -119.497    719.4    929.0
     1     1    17     8     7    18     0     0    -7.0   46.043 -119.469    720.9    928.6
     1     1    17     8     7    17     0     0    -8.0   45.952 -119.433    712.6    929.6
     1     1    17     8     7    16     0     0    -9.0   45.860 -119.380    725.0    930.1
     1     1    17     8     7    15     0     0   -10.0   45.782 -119.296    734.5    926.8
     1     1    17     8     7    14     0     0   -11.0   45.709 -119.222    712.2    930.1
     1     1    17     8     7    13     0     0   -12.0   45.642 -119.164    717.4    929.9
     1     1    17     8     7    12     0     0   -13.0   45.586 -119.134    726.0    928.0
     1     1    17     8     7    11     0     0   -14.0   45.572 -119.099    726.1    929.1
     1     1    17     8     7    10     0     0   -15.0   45.601 -119.025    734.2    927.9
     1     1    17     8     7     9     0     0   -16.0   45.638 -118.946    735.4    926.1
     1     1    17     8     7     8     0     0   -17.0   45.661 -118.859    731.7    928.5
     1     1    17     8     7     7     0     0   -18.0   45.659 -118.788    734.0    928.4
     1     1    17     8     7     6     0     0   -19.0   45.645 -118.771    738.0    926.5
     1     1    17     8     7     5     0     0   -20.0   45.641 -118.735    730.8    927.2
     1     1    17     8     7     4     0     0   -21.0   45.620 -118.681    723.7    929.1
     1     1    17     8     7     3     0     0   -22.0   45.595 -118.635    722.4    928.2
     1     1    17     8     7     2     0     0   -23.0   45.578 -118.601    717.5    929.5
     1     1    17     8     7     1     0     0   -24.0   45.537 -118.568    720.3    929.8
     1     1    17     8     7     0     0     0   -25.0   45.493 -118.503    731.4    927.5
     1     1    17     8     6    23     0     0   -26.0   45.463 -118.427    731.6    926.8
     1     1    17     8     6    22     0     0   -27.0   45.475 -118.356    718.3    928.1
     1     1    17     8     6    21     0     0   -28.0   45.482 -118.359    701.1    932.6
     1     1    17     8     6    20     0     0   -29.0   45.446 -118.387    695.7    932.1
     1     1    17     8     6    19     0     0   -30.0   45.454 -118.356    702.0    931.7
     1     1    17     8     6    18     0     0   -31.0   45.473 -118.375    710.3    930.2
     1     1    17     8     6    17     0     0   -32.0   45.468 -118.464    702.8    929.9
     1     1    17     8     6    16     0     0   -33.0   45.494 -118.478    692.5    933.1
     1     1    17     8     6    15     0     0   -34.0   45.508 -118.406    675.4    934.7
     1     1    17     8     6    14     0     0   -35.0   45.521 -118.326    659.6    936.5
     1     1    17     8     6    13     0     0   -36.0   45.525 -118.257    661.2    935.5
     1     1    17     8     6    12     0     0   -37.0   45.485 -118.185    656.0    936.3
     1     1    17     8     6    11     0     0   -38.0   45.441 -118.129    665.3    937.5
     1     1    17     8     6    10     0     0   -39.0   45.425 -118.070    684.3    931.9
