     1     1
    SITE    10     3     1     0     0
     1 BACKWARD OMEGA   
    17     8     2    14   46.392 -119.412   700.0
     1 PRESSURE
     1     1    17     8     2    14     0     0     0.0   46.392 -119.412    700.0    931.4
     1     1    17     8     2    13     0     0    -1.0   46.519 -119.317    670.3    934.9
     1     1    17     8     2    12     0     0    -2.0   46.578 -119.167    670.6    936.2
     1     1    17     8     2    11     0     0    -3.0   46.658 -119.025    677.3    932.6
     1     1    17     8     2    10     0     0    -4.0   46.844 -118.978    680.5    934.8
     1     1    17     8     2     9     0     0    -5.0   46.834 -118.967    745.2    925.6
     1     1    17     8     2     8     0     0    -6.0   46.814 -118.988    768.9    923.0
     1     1    17     8     2     7     0     0    -7.0   46.926 -118.985    779.6    922.1
     1     1    17     8     2     6     0     0    -8.0   46.972 -118.955    788.9    921.5
     1     1    17     8     2     5     0     0    -9.0   46.962 -118.940    796.3    918.4
     1     1    17     8     2     4     0     0   -10.0   46.928 -118.887    784.6    920.8
     1     1    17     8     2     3     0     0   -11.0   46.972 -118.869    768.9    923.2
     1     1    17     8     2     2     0     0   -12.0   47.017 -118.968    773.4    922.6
     1     1    17     8     2     1     0     0   -13.0   46.993 -119.075    771.7    922.9
     1     1    17     8     2     0     0     0   -14.0   46.976 -119.152    761.0    924.7
     1     1    17     8     1    23     0     0   -15.0   46.978 -119.220    757.5    924.7
     1     1    17     8     1    22     0     0   -16.0   47.012 -119.229    741.0    925.6
     1     1    17     8     1    21     0     0   -17.0   47.077 -119.243    745.0    925.7
     1     1    17     8     1    20     0     0   -18.0   47.127 -119.298    746.1    926.6
     1     1    17     8     1    19     0     0   -19.0   47.134 -119.269    739.9    925.6
     1     1    17     8     1    18     0     0   -20.0   47.151 -119.164    725.8    930.4
     1     1    17     8     1    17     0     0   -21.0   47.224 -119.013    749.8    926.1
     1     1    17     8     1    16     0     0   -22.0   47.295 -118.822    763.6    924.3
