     1     1
    SITE    10     3     1     0     0
     1 BACKWARD OMEGA   
    17     8     5    22   46.392 -119.412   700.0
     1 PRESSURE
     1     1    17     8     5    22     0     0     0.0   46.392 -119.412    700.0    931.4
     1     1    17     8     5    21     0     0    -1.0   46.375 -119.381    701.0    931.3
     1     1    17     8     5    20     0     0    -2.0   46.319 -119.396    691.1    930.6
     1     1    17     8     5    19     0     0    -3.0   46.245 -119.443    680.0    933.9
     1     1    17     8     5    18     0     0    -4.0   46.177 -119.445    670.1    934.8
     1     1    17     8     5    17     0     0    -5.0   46.166 -119.373    659.3    936.2
     1     1    17     8     5    16     0     0    -6.0   46.208 -119.258    656.0    937.3
     1     1    17     8     5    15     0     0    -7.0   46.254 -119.134    655.9    936.3
     1     1    17     8     5    14     0     0    -8.0   46.301 -119.014    658.9    936.9
     1     1    17     8     5    13     0     0    -9.0   46.338 -118.896    679.1    934.6
     1     1    17     8     5    12     0     0   -10.0   46.397 -118.806    700.5    930.8
     1     1    17     8     5    11     0     0   -11.0   46.486 -118.724    693.0    931.8
     1     1    17     8     5    10     0     0   -12.0   46.577 -118.682    675.4    934.6
     1     1    17     8     5     9     0     0   -13.0   46.590 -118.688    677.4    934.7
     1     1    17     8     5     8     0     0   -14.0   46.540 -118.665    685.6    932.1
     1     1    17     8     5     7     0     0   -15.0   46.498 -118.642    686.6    933.0
     1     1    17     8     5     6     0     0   -16.0   46.456 -118.626    688.6    933.2
     1     1    17     8     5     5     0     0   -17.0   46.458 -118.581    686.2    932.2
     1     1    17     8     5     4     0     0   -18.0   46.493 -118.509    678.0    934.6
     1     1    17     8     5     3     0     0   -19.0   46.494 -118.455    678.5    934.1
     1     1    17     8     5     2     0     0   -20.0   46.456 -118.429    685.2    933.4
     1     1    17     8     5     1     0     0   -21.0   46.423 -118.397    692.9    932.1
     1     1    17     8     5     0     0     0   -22.0   46.438 -118.351    695.8    931.5
     1     1    17     8     4    23     0     0   -23.0   46.496 -118.304    686.8    931.6
     1     1    17     8     4    22     0     0   -24.0   46.526 -118.241    686.4    935.4
     1     1    17     8     4    21     0     0   -25.0   46.521 -118.240    687.5    930.1
     1     1    17     8     4    20     0     0   -26.0   46.539 -118.306    684.5    936.6
     1     1    17     8     4    19     0     0   -27.0   46.545 -118.298    701.9    931.4
     1     1    17     8     4    18     0     0   -28.0   46.565 -118.215    728.6    929.3
     1     1    17     8     4    17     0     0   -29.0   46.636 -118.104    728.1    927.7
     1     1    17     8     4    16     0     0   -30.0   46.703 -117.978    723.8    929.2
