     1     1
    SITE    10     3     1     0     0
     1 BACKWARD OMEGA   
    17     8    27     1   46.392 -119.412   700.0
     1 PRESSURE
     1     1    17     8    27     1     0     0     0.0   46.392 -119.412    700.0    931.4
     1     1    17     8    27     0     0     0    -1.0   46.384 -119.362    700.9    931.3
     1     1    17     8    26    23     0     0    -2.0   46.394 -119.313    701.5    930.7
     1     1    17     8    26    22     0     0    -3.0   46.430 -119.257    704.9    931.2
     1     1    17     8    26    21     0     0    -4.0   46.440 -119.248    707.6    930.0
     1     1    17     8    26    20     0     0    -5.0   46.425 -119.279    709.5    930.7
     1     1    17     8    26    19     0     0    -6.0   46.414 -119.252    709.5    929.7
     1     1    17     8    26    18     0     0    -7.0   46.442 -119.192    705.4    930.5
     1     1    17     8    26    17     0     0    -8.0   46.507 -119.139    712.3    933.1
     1     1    17     8    26    16     0     0    -9.0   46.578 -119.077    741.7    926.0
     1     1    17     8    26    15     0     0   -10.0   46.652 -119.015    746.3    926.5
     1     1    17     8    26    14     0     0   -11.0   46.682 -118.937    757.7    924.5
     1     1    17     8    26    13     0     0   -12.0   46.687 -118.837    741.7    924.7
     1     1    17     8    26    12     0     0   -13.0   46.703 -118.732    735.7    927.4
     1     1    17     8    26    11     0     0   -14.0   46.705 -118.637    723.7    928.1
     1     1    17     8    26    10     0     0   -15.0   46.714 -118.557    708.9    930.8
     1     1    17     8    26     9     0     0   -16.0   46.738 -118.491    712.5    930.3
     1     1    17     8    26     8     0     0   -17.0   46.754 -118.439    723.7    929.1
     1     1    17     8    26     7     0     0   -18.0   46.770 -118.378    729.5    927.0
     1     1    17     8    26     6     0     0   -19.0   46.774 -118.318    727.9    928.1
     1     1    17     8    26     5     0     0   -20.0   46.768 -118.292    727.5    928.4
     1     1    17     8    26     4     0     0   -21.0   46.781 -118.242    748.3    928.1
     1     1    17     8    26     3     0     0   -22.0   46.807 -118.157    756.3    924.3
     1     1    17     8    26     2     0     0   -23.0   46.812 -118.092    759.3    925.0
     1     1    17     8    26     1     0     0   -24.0   46.789 -118.059    764.0    924.0
     1     1    17     8    26     0     0     0   -25.0   46.786 -118.067    762.5    923.8
     1     1    17     8    25    23     0     0   -26.0   46.788 -118.085    756.0    925.6
     1     1    17     8    25    22     0     0   -27.0   46.784 -118.078    759.2    924.5
     1     1    17     8    25    21     0     0   -28.0   46.781 -118.043    761.2    924.3
     1     1    17     8    25    20     0     0   -29.0   46.765 -117.996    762.5    924.2
     1     1    17     8    25    19     0     0   -30.0   46.733 -117.919    751.9    924.2
