     1     1
    SITE    10     3     1     0     0
     1 BACKWARD OMEGA   
    17     8     2    17   46.392 -119.412   700.0
     1 PRESSURE
     1     1    17     8     2    17     0     0     0.0   46.392 -119.412    700.0    931.4
     1     1    17     8     2    16     0     0    -1.0   46.539 -119.332    706.7    930.6
     1     1    17     8     2    15     0     0    -2.0   46.670 -119.225    703.7    931.0
     1     1    17     8     2    14     0     0    -3.0   46.794 -119.123    714.7    930.9
     1     1    17     8     2    13     0     0    -4.0   46.922 -119.033    696.0    930.5
     1     1    17     8     2    12     0     0    -5.0   46.984 -118.877    645.4    939.5
     1     1    17     8     2    11     0     0    -6.0   47.067 -118.732    680.5    936.9
     1     1    17     8     2    10     0     0    -7.0   47.252 -118.682    712.2    930.3
     1     1    17     8     2     9     0     0    -8.0   47.245 -118.676    752.0    924.7
     1     1    17     8     2     8     0     0    -9.0   47.230 -118.695    728.9    928.6
