     1     1
    SITE    10     3     1     0     0
     1 BACKWARD OMEGA   
    17     8    27     4   46.392 -119.412   700.0
     1 PRESSURE
     1     1    17     8    27     4     0     0     0.0   46.392 -119.412    700.0    931.4
     1     1    17     8    27     3     0     0    -1.0   46.417 -119.341    714.6    929.7
     1     1    17     8    27     2     0     0    -2.0   46.430 -119.263    736.2    927.2
     1     1    17     8    27     1     0     0    -3.0   46.439 -119.197    751.5    925.0
     1     1    17     8    27     0     0     0    -4.0   46.432 -119.148    760.0    924.1
     1     1    17     8    26    23     0     0    -5.0   46.443 -119.102    770.4    923.9
     1     1    17     8    26    22     0     0    -6.0   46.479 -119.048    776.4    922.0
     1     1    17     8    26    21     0     0    -7.0   46.489 -119.039    778.0    922.7
     1     1    17     8    26    20     0     0    -8.0   46.473 -119.071    783.2    922.3
     1     1    17     8    26    19     0     0    -9.0   46.463 -119.046    787.9    921.0
     1     1    17     8    26    18     0     0   -10.0   46.492 -118.986    793.9    921.3
     1     1    17     8    26    17     0     0   -11.0   46.558 -118.933    810.1    918.1
     1     1    17     8    26    16     0     0   -12.0   46.631 -118.870    814.9    918.4
     1     1    17     8    26    15     0     0   -13.0   46.704 -118.806    822.4    917.4
     1     1    17     8    26    14     0     0   -14.0   46.735 -118.728    829.8    917.2
     1     1    17     8    26    13     0     0   -15.0   46.740 -118.627    837.0    915.7
     1     1    17     8    26    12     0     0   -16.0   46.756 -118.524    864.2    913.5
     1     1    17     8    26    11     0     0   -17.0   46.759 -118.429    884.0    910.8
     1     1    17     8    26    10     0     0   -18.0   46.767 -118.348    876.5    910.6
     1     1    17     8    26     9     0     0   -19.0   46.790 -118.282    862.7    914.2
     1     1    17     8    26     8     0     0   -20.0   46.806 -118.230    859.6    914.3
     1     1    17     8    26     7     0     0   -21.0   46.822 -118.169    856.5    913.1
     1     1    17     8    26     6     0     0   -22.0   46.827 -118.107    857.5    915.0
     1     1    17     8    26     5     0     0   -23.0   46.820 -118.081    860.0    913.4
     1     1    17     8    26     4     0     0   -24.0   46.834 -118.030    858.9    913.7
     1     1    17     8    26     3     0     0   -25.0   46.860 -117.944    853.7    913.8
     1     1    17     8    26     2     0     0   -26.0   46.866 -117.880    858.2    915.1
