     1     1
    SITE    10     3     1     0     0
     1 BACKWARD OMEGA   
    17     8    26    14   46.392 -119.412   700.0
     1 PRESSURE
     1     1    17     8    26    14     0     0     0.0   46.392 -119.412    700.0    931.4
     1     1    17     8    26    13     0     0    -1.0   46.396 -119.313    691.9    932.4
     1     1    17     8    26    12     0     0    -2.0   46.413 -119.209    696.8    931.1
     1     1    17     8    26    11     0     0    -3.0   46.417 -119.114    693.3    932.3
     1     1    17     8    26    10     0     0    -4.0   46.426 -119.033    693.0    932.0
     1     1    17     8    26     9     0     0    -5.0   46.451 -118.966    692.5    932.8
     1     1    17     8    26     8     0     0    -6.0   46.467 -118.915    692.4    931.6
     1     1    17     8    26     7     0     0    -7.0   46.483 -118.854    699.4    932.9
     1     1    17     8    26     6     0     0    -8.0   46.487 -118.792    709.0    928.9
     1     1    17     8    26     5     0     0    -9.0   46.479 -118.765    706.3    931.0
     1     1    17     8    26     4     0     0   -10.0   46.493 -118.715    703.7    930.7
     1     1    17     8    26     3     0     0   -11.0   46.520 -118.628    706.2    930.9
     1     1    17     8    26     2     0     0   -12.0   46.524 -118.563    709.4    930.5
     1     1    17     8    26     1     0     0   -13.0   46.501 -118.531    719.4    929.3
     1     1    17     8    26     0     0     0   -14.0   46.498 -118.540    729.7    928.1
     1     1    17     8    25    23     0     0   -15.0   46.500 -118.559    741.8    926.3
     1     1    17     8    25    22     0     0   -16.0   46.496 -118.551    747.2    925.8
     1     1    17     8    25    21     0     0   -17.0   46.492 -118.517    748.5    925.6
     1     1    17     8    25    20     0     0   -18.0   46.476 -118.470    747.5    926.0
     1     1    17     8    25    19     0     0   -19.0   46.443 -118.395    756.7    926.0
     1     1    17     8    25    18     0     0   -20.0   46.395 -118.288    756.9    925.7
     1     1    17     8    25    17     0     0   -21.0   46.348 -118.184    761.5    924.0
     1     1    17     8    25    16     0     0   -22.0   46.298 -118.071    763.1    924.3
     1     1    17     8    25    15     0     0   -23.0   46.243 -117.948    762.7    925.3
