     1     1
    SITE    10     3     1     0     0
     1 BACKWARD OMEGA   
    17     8    24    10   46.392 -119.412   700.0
     1 PRESSURE
     1     1    17     8    24    10     0     0     0.0   46.392 -119.412    700.0    931.4
     1     1    17     8    24     9     0     0    -1.0   46.310 -119.467    694.1    932.1
     1     1    17     8    24     8     0     0    -2.0   46.327 -119.648    717.7    929.4
     1     1    17     8    24     7     0     0    -3.0   46.406 -119.866    741.3    926.4
     1     1    17     8    24     6     0     0    -4.0   46.408 -119.993    749.0    925.4
     1     1    17     8    24     5     0     0    -5.0   46.395 -120.054    735.7    927.1
     1     1    17     8    24     4     0     0    -6.0   46.400 -120.118    722.6    929.8
     1     1    17     8    24     3     0     0    -7.0   46.363 -120.133    718.8    929.1
     1     1    17     8    24     2     0     0    -8.0   46.312 -120.134    720.2    929.8
     1     1    17     8    24     1     0     0    -9.0   46.270 -120.129    715.9    927.8
     1     1    17     8    24     0     0     0   -10.0   46.268 -120.106    711.8    931.5
     1     1    17     8    23    23     0     0   -11.0   46.266 -120.104    717.8    928.9
     1     1    17     8    23    22     0     0   -12.0   46.235 -120.129    729.4    928.6
     1     1    17     8    23    21     0     0   -13.0   46.195 -120.199    760.8    925.6
     1     1    17     8    23    20     0     0   -14.0   46.125 -120.229    780.9    922.1
     1     1    17     8    23    19     0     0   -15.0   46.057 -120.170    784.7    921.6
     1     1    17     8    23    18     0     0   -16.0   45.997 -120.100    793.4    921.5
     1     1    17     8    23    17     0     0   -17.0   45.925 -120.018    817.5    918.2
     1     1    17     8    23    16     0     0   -18.0   45.855 -119.895    850.6    915.5
     1     1    17     8    23    15     0     0   -19.0   45.749 -119.775    883.3    911.1
     1     1    17     8    23    14     0     0   -20.0   45.634 -119.649    887.1    911.5
     1     1    17     8    23    13     0     0   -21.0   45.503 -119.525    918.5    906.1
