     1     1
    SITE    10     3     1     0     0
     1 BACKWARD OMEGA   
    17     8    27    17   46.392 -119.412   700.0
     1 PRESSURE
     1     1    17     8    27    17     0     0     0.0   46.392 -119.412    700.0    931.4
     1     1    17     8    27    16     0     0    -1.0   46.378 -119.374    696.6    931.8
     1     1    17     8    27    15     0     0    -2.0   46.351 -119.306    694.3    932.7
     1     1    17     8    27    14     0     0    -3.0   46.312 -119.226    707.4    931.7
     1     1    17     8    27    13     0     0    -4.0   46.271 -119.147    719.5    928.0
     1     1    17     8    27    12     0     0    -5.0   46.274 -119.080    735.4    928.8
     1     1    17     8    27    11     0     0    -6.0   46.268 -119.031    742.3    925.9
     1     1    17     8    27    10     0     0    -7.0   46.234 -118.982    760.6    925.1
     1     1    17     8    27     9     0     0    -8.0   46.225 -118.924    775.8    921.4
     1     1    17     8    27     8     0     0    -9.0   46.223 -118.860    767.4    922.5
     1     1    17     8    27     7     0     0   -10.0   46.236 -118.798    749.1    926.0
     1     1    17     8    27     6     0     0   -11.0   46.254 -118.787    740.3    928.0
     1     1    17     8    27     5     0     0   -12.0   46.247 -118.794    747.9    926.2
     1     1    17     8    27     4     0     0   -13.0   46.258 -118.755    766.1    925.1
     1     1    17     8    27     3     0     0   -14.0   46.283 -118.683    780.1    920.6
     1     1    17     8    27     2     0     0   -15.0   46.296 -118.605    786.6    922.1
     1     1    17     8    27     1     0     0   -16.0   46.305 -118.540    802.6    920.3
     1     1    17     8    27     0     0     0   -17.0   46.298 -118.490    809.2    917.9
     1     1    17     8    26    23     0     0   -18.0   46.308 -118.443    797.1    919.6
     1     1    17     8    26    22     0     0   -19.0   46.344 -118.389    788.0    921.8
     1     1    17     8    26    21     0     0   -20.0   46.354 -118.380    785.5    922.1
     1     1    17     8    26    20     0     0   -21.0   46.339 -118.412    780.5    921.7
     1     1    17     8    26    19     0     0   -22.0   46.330 -118.386    756.7    923.3
     1     1    17     8    26    18     0     0   -23.0   46.358 -118.325    763.6    926.5
     1     1    17     8    26    17     0     0   -24.0   46.424 -118.274    770.9    920.6
     1     1    17     8    26    16     0     0   -25.0   46.497 -118.213    744.6    924.7
     1     1    17     8    26    15     0     0   -26.0   46.572 -118.150    708.5    931.3
     1     1    17     8    26    14     0     0   -27.0   46.603 -118.073    731.2    928.8
     1     1    17     8    26    13     0     0   -28.0   46.607 -117.976    766.3    920.4
     1     1    17     8    26    12     0     0   -29.0   46.625 -117.874    765.4    923.9
