     1     1
    SITE    10     3     1     0     0
     1 BACKWARD OMEGA   
    17     8    18    19   46.392 -119.412   700.0
     1 PRESSURE
     1     1    17     8    18    19     0     0     0.0   46.392 -119.412    700.0    931.4
     1     1    17     8    18    18     0     0    -1.0   46.591 -119.649    704.6    930.7
     1     1    17     8    18    17     0     0    -2.0   46.777 -119.853    700.8    930.3
     1     1    17     8    18    16     0     0    -3.0   46.863 -120.078    709.5    928.5
     1     1    17     8    18    15     0     0    -4.0   46.805 -120.177    651.8    937.6
     1     1    17     8    18    14     0     0    -5.0   46.700 -120.164    639.0    937.9
     1     1    17     8    18    13     0     0    -6.0   46.607 -120.186    628.2    940.8
     1     1    17     8    18    12     0     0    -7.0   46.494 -120.172    615.2    941.2
     1     1    17     8    18    11     0     0    -8.0   46.355 -120.113    614.4    941.9
     1     1    17     8    18    10     0     0    -9.0   46.226 -120.068    626.9    939.6
     1     1    17     8    18     9     0     0   -10.0   46.112 -120.059    603.8    942.7
     1     1    17     8    18     8     0     0   -11.0   46.007 -120.062    596.8    943.4
     1     1    17     8    18     7     0     0   -12.0   45.914 -120.065    596.7    943.0
     1     1    17     8    18     6     0     0   -13.0   45.864 -120.074    592.7    943.9
     1     1    17     8    18     5     0     0   -14.0   45.839 -120.106    595.3    943.5
     1     1    17     8    18     4     0     0   -15.0   45.795 -120.105    599.3    943.0
     1     1    17     8    18     3     0     0   -16.0   45.742 -120.095    600.7    943.2
     1     1    17     8    18     2     0     0   -17.0   45.689 -120.084    595.9    942.3
     1     1    17     8    18     1     0     0   -18.0   45.648 -120.083    598.5    943.9
     1     1    17     8    18     0     0     0   -19.0   45.626 -120.118    602.7    941.7
     1     1    17     8    17    23     0     0   -20.0   45.599 -120.180    594.3    943.1
     1     1    17     8    17    22     0     0   -21.0   45.592 -120.271    583.2    945.1
     1     1    17     8    17    21     0     0   -22.0   45.552 -120.344    578.2    944.2
     1     1    17     8    17    20     0     0   -23.0   45.441 -120.360    579.7    945.6
