     1     1
    SITE    10     3     1     0     0
     1 BACKWARD OMEGA   
    17     8     4     8   46.392 -119.412   700.0
     1 PRESSURE
     1     1    17     8     4     8     0     0     0.0   46.392 -119.412    700.0    931.4
     1     1    17     8     4     7     0     0    -1.0   46.381 -119.449    703.3    931.0
     1     1    17     8     4     6     0     0    -2.0   46.362 -119.457    703.3    930.9
     1     1    17     8     4     5     0     0    -3.0   46.348 -119.483    707.1    931.3
     1     1    17     8     4     4     0     0    -4.0   46.313 -119.512    717.7    930.2
     1     1    17     8     4     3     0     0    -5.0   46.251 -119.485    722.1    926.1
     1     1    17     8     4     2     0     0    -6.0   46.194 -119.465    713.2    931.2
     1     1    17     8     4     1     0     0    -7.0   46.137 -119.467    719.2    929.6
     1     1    17     8     4     0     0     0    -8.0   46.084 -119.459    720.4    928.0
     1     1    17     8     3    23     0     0    -9.0   46.028 -119.464    706.2    929.8
     1     1    17     8     3    22     0     0   -10.0   45.960 -119.475    697.6    933.7
     1     1    17     8     3    21     0     0   -11.0   45.884 -119.440    695.2    931.4
     1     1    17     8     3    20     0     0   -12.0   45.791 -119.416    682.5    933.1
     1     1    17     8     3    19     0     0   -13.0   45.689 -119.434    677.9    934.7
     1     1    17     8     3    18     0     0   -14.0   45.592 -119.410    672.9    934.7
     1     1    17     8     3    17     0     0   -15.0   45.550 -119.306    658.1    936.3
     1     1    17     8     3    16     0     0   -16.0   45.585 -119.179    652.6    937.3
     1     1    17     8     3    15     0     0   -17.0   45.628 -119.073    641.7    938.3
     1     1    17     8     3    14     0     0   -18.0   45.603 -119.015    641.7    938.6
     1     1    17     8     3    13     0     0   -19.0   45.595 -118.976    648.8    937.9
     1     1    17     8     3    12     0     0   -20.0   45.657 -118.899    649.5    936.5
     1     1    17     8     3    11     0     0   -21.0   45.691 -118.938    645.3    937.9
     1     1    17     8     3    10     0     0   -22.0   45.659 -119.022    651.4    937.7
     1     1    17     8     3     9     0     0   -23.0   45.601 -119.025    655.1    936.1
     1     1    17     8     3     8     0     0   -24.0   45.566 -118.996    644.3    938.8
     1     1    17     8     3     7     0     0   -25.0   45.541 -118.967    640.6    938.9
     1     1    17     8     3     6     0     0   -26.0   45.537 -118.970    640.0    939.0
     1     1    17     8     3     5     0     0   -27.0   45.532 -118.981    639.6    938.2
     1     1    17     8     3     4     0     0   -28.0   45.544 -118.944    633.8    938.8
     1     1    17     8     3     3     0     0   -29.0   45.601 -118.891    628.9    940.5
     1     1    17     8     3     2     0     0   -30.0   45.666 -118.858    628.3    939.7
     1     1    17     8     3     1     0     0   -31.0   45.693 -118.795    625.5    940.3
     1     1    17     8     3     0     0     0   -32.0   45.671 -118.761    629.6    939.4
     1     1    17     8     2    23     0     0   -33.0   45.649 -118.733    631.2    939.4
     1     1    17     8     2    22     0     0   -34.0   45.619 -118.691    633.2    938.9
     1     1    17     8     2    21     0     0   -35.0   45.618 -118.707    639.8    938.7
     1     1    17     8     2    20     0     0   -36.0   45.631 -118.685    648.8    938.6
     1     1    17     8     2    19     0     0   -37.0   45.658 -118.660    664.2    935.8
     1     1    17     8     2    18     0     0   -38.0   45.755 -118.664    668.5    934.2
     1     1    17     8     2    17     0     0   -39.0   45.890 -118.623    649.0    937.7
     1     1    17     8     2    16     0     0   -40.0   46.036 -118.537    685.3    932.0
     1     1    17     8     2    15     0     0   -41.0   46.170 -118.426    702.3    931.1
     1     1    17     8     2    14     0     0   -42.0   46.293 -118.321    727.4    929.0
     1     1    17     8     2    13     0     0   -43.0   46.418 -118.231    751.9    924.9
     1     1    17     8     2    12     0     0   -44.0   46.478 -118.082    755.3    925.2
     1     1    17     8     2    11     0     0   -45.0   46.556 -117.939    763.1    924.2
