     1     1
    SITE    10     3     1     0     0
     1 BACKWARD OMEGA   
    17     8    20    12   46.392 -119.412   700.0
     1 PRESSURE
     1     1    17     8    20    12     0     0     0.0   46.392 -119.412    700.0    931.4
     1     1    17     8    20    11     0     0    -1.0   46.339 -119.408    692.6    932.3
     1     1    17     8    20    10     0     0    -2.0   46.287 -119.434    693.8    931.8
     1     1    17     8    20     9     0     0    -3.0   46.243 -119.466    697.2    932.3
     1     1    17     8    20     8     0     0    -4.0   46.192 -119.468    682.9    930.7
     1     1    17     8    20     7     0     0    -5.0   46.121 -119.437    667.1    935.8
     1     1    17     8    20     6     0     0    -6.0   46.045 -119.404    675.9    935.2
     1     1    17     8    20     5     0     0    -7.0   45.965 -119.397    689.9    932.0
     1     1    17     8    20     4     0     0    -8.0   45.879 -119.404    684.9    932.6
     1     1    17     8    20     3     0     0    -9.0   45.788 -119.393    667.3    935.8
     1     1    17     8    20     2     0     0   -10.0   45.724 -119.396    662.3    935.6
     1     1    17     8    20     1     0     0   -11.0   45.696 -119.418    654.7    936.9
     1     1    17     8    20     0     0     0   -12.0   45.662 -119.440    649.8    937.4
     1     1    17     8    19    23     0     0   -13.0   45.582 -119.441    652.5    937.5
     1     1    17     8    19    22     0     0   -14.0   45.570 -119.425    656.2    936.3
     1     1    17     8    19    21     0     0   -15.0   45.666 -119.451    645.0    938.2
     1     1    17     8    19    20     0     0   -16.0   45.713 -119.544    652.2    937.1
     1     1    17     8    19    19     0     0   -17.0   45.661 -119.575    658.2    936.1
     1     1    17     8    19    18     0     0   -18.0   45.560 -119.498    668.8    936.0
     1     1    17     8    19    17     0     0   -19.0   45.452 -119.393    693.4    931.6
