     1     1
    SITE    10     3     1     0     0
     1 BACKWARD OMEGA   
    17     8    10    13   46.392 -119.412   700.0
     1 PRESSURE
     1     1    17     8    10    13     0     0     0.0   46.392 -119.412    700.0    931.4
     1     1    17     8    10    12     0     0    -1.0   46.409 -119.314    703.7    931.0
     1     1    17     8    10    11     0     0    -2.0   46.436 -119.235    702.1    931.2
     1     1    17     8    10    10     0     0    -3.0   46.449 -119.175    690.8    931.4
     1     1    17     8    10     9     0     0    -4.0   46.414 -119.096    691.3    935.2
     1     1    17     8    10     8     0     0    -5.0   46.349 -119.022    707.3    929.6
     1     1    17     8    10     7     0     0    -6.0   46.291 -118.977    710.4    930.0
     1     1    17     8    10     6     0     0    -7.0   46.278 -118.927    704.0    930.6
     1     1    17     8    10     5     0     0    -8.0   46.297 -118.881    703.7    932.2
     1     1    17     8    10     4     0     0    -9.0   46.299 -118.876    711.1    929.9
     1     1    17     8    10     3     0     0   -10.0   46.276 -118.868    714.3    929.8
     1     1    17     8    10     2     0     0   -11.0   46.264 -118.824    724.4    929.1
     1     1    17     8    10     1     0     0   -12.0   46.290 -118.780    727.8    927.3
     1     1    17     8    10     0     0     0   -13.0   46.299 -118.789    726.1    928.3
     1     1    17     8     9    23     0     0   -14.0   46.272 -118.781    722.8    929.0
     1     1    17     8     9    22     0     0   -15.0   46.236 -118.737    717.5    929.8
     1     1    17     8     9    21     0     0   -16.0   46.197 -118.722    715.0    929.2
     1     1    17     8     9    20     0     0   -17.0   46.166 -118.765    694.7    930.5
     1     1    17     8     9    19     0     0   -18.0   46.168 -118.743    673.5    933.9
     1     1    17     8     9    18     0     0   -19.0   46.208 -118.623    681.9    933.5
     1     1    17     8     9    17     0     0   -20.0   46.257 -118.512    708.2    930.1
     1     1    17     8     9    16     0     0   -21.0   46.306 -118.373    726.4    929.4
     1     1    17     8     9    15     0     0   -22.0   46.361 -118.243    740.7    925.3
     1     1    17     8     9    14     0     0   -23.0   46.407 -118.122    719.3    929.1
     1     1    17     8     9    13     0     0   -24.0   46.431 -118.009    710.3    930.5
     1     1    17     8     9    12     0     0   -25.0   46.409 -117.959    708.2    930.4
     1     1    17     8     9    11     0     0   -26.0   46.346 -117.965    698.5    931.0
     1     1    17     8     9    10     0     0   -27.0   46.322 -117.938    687.4    933.5
     1     1    17     8     9     9     0     0   -28.0   46.339 -117.869    672.3    934.2
