     1     1
    SITE    10     3     1     0     0
     1 BACKWARD OMEGA   
    17     8     4     4   46.392 -119.412   700.0
     1 PRESSURE
     1     1    17     8     4     4     0     0     0.0   46.392 -119.412    700.0    931.4
     1     1    17     8     4     3     0     0    -1.0   46.329 -119.386    700.4    931.4
     1     1    17     8     4     2     0     0    -2.0   46.275 -119.366    689.7    931.9
     1     1    17     8     4     1     0     0    -3.0   46.217 -119.368    689.0    935.8
     1     1    17     8     4     0     0     0    -4.0   46.162 -119.359    695.0    929.6
     1     1    17     8     3    23     0     0    -5.0   46.105 -119.364    689.0    933.5
     1     1    17     8     3    22     0     0    -6.0   46.038 -119.373    690.1    932.5
     1     1    17     8     3    21     0     0    -7.0   45.965 -119.340    685.7    932.4
     1     1    17     8     3    20     0     0    -8.0   45.872 -119.322    675.5    933.8
     1     1    17     8     3    19     0     0    -9.0   45.769 -119.337    673.2    935.2
     1     1    17     8     3    18     0     0   -10.0   45.674 -119.312    675.2    933.7
     1     1    17     8     3    17     0     0   -11.0   45.635 -119.207    654.6    936.4
     1     1    17     8     3    16     0     0   -12.0   45.669 -119.079    643.0    938.9
     1     1    17     8     3    15     0     0   -13.0   45.716 -118.977    644.2    938.0
     1     1    17     8     3    14     0     0   -14.0   45.691 -118.921    631.0    939.2
     1     1    17     8     3    13     0     0   -15.0   45.682 -118.882    621.7    941.0
     1     1    17     8     3    12     0     0   -16.0   45.742 -118.810    605.5    940.7
     1     1    17     8     3    11     0     0   -17.0   45.774 -118.850    592.5    945.7
     1     1    17     8     3    10     0     0   -18.0   45.743 -118.931    591.3    943.7
     1     1    17     8     3     9     0     0   -19.0   45.683 -118.933    585.7    944.0
     1     1    17     8     3     8     0     0   -20.0   45.647 -118.904    574.6    946.4
     1     1    17     8     3     7     0     0   -21.0   45.621 -118.875    578.2    945.9
     1     1    17     8     3     6     0     0   -22.0   45.617 -118.877    583.3    944.3
     1     1    17     8     3     5     0     0   -23.0   45.612 -118.887    585.2    944.5
     1     1    17     8     3     4     0     0   -24.0   45.623 -118.850    582.5    943.9
     1     1    17     8     3     3     0     0   -25.0   45.679 -118.798    574.5    946.8
     1     1    17     8     3     2     0     0   -26.0   45.745 -118.766    586.0    945.1
     1     1    17     8     3     1     0     0   -27.0   45.774 -118.703    592.3    943.2
     1     1    17     8     3     0     0     0   -28.0   45.752 -118.668    578.7    944.5
     1     1    17     8     2    23     0     0   -29.0   45.730 -118.640    576.8    946.3
     1     1    17     8     2    22     0     0   -30.0   45.700 -118.599    569.7    945.4
     1     1    17     8     2    21     0     0   -31.0   45.698 -118.616    552.7    948.0
     1     1    17     8     2    20     0     0   -32.0   45.713 -118.590    536.1    950.6
     1     1    17     8     2    19     0     0   -33.0   45.741 -118.565    530.0    950.6
     1     1    17     8     2    18     0     0   -34.0   45.840 -118.568    509.3    952.8
     1     1    17     8     2    17     0     0   -35.0   45.978 -118.524    515.1    952.5
     1     1    17     8     2    16     0     0   -36.0   46.124 -118.439    531.9    949.9
     1     1    17     8     2    15     0     0   -37.0   46.256 -118.327    518.9    951.3
     1     1    17     8     2    14     0     0   -38.0   46.380 -118.220    509.3    953.4
     1     1    17     8     2    13     0     0   -39.0   46.507 -118.134    528.8    950.3
     1     1    17     8     2    12     0     0   -40.0   46.567 -117.982    527.4    950.4
