     1     1
    SITE    10     3     1     0     0
     1 BACKWARD OMEGA   
    17     8    25    21   46.392 -119.412   700.0
     1 PRESSURE
     1     1    17     8    25    21     0     0     0.0   46.392 -119.412    700.0    931.4
     1     1    17     8    25    20     0     0    -1.0   46.376 -119.364    701.2    931.3
     1     1    17     8    25    19     0     0    -2.0   46.343 -119.287    703.7    931.1
     1     1    17     8    25    18     0     0    -3.0   46.296 -119.179    704.9    930.6
     1     1    17     8    25    17     0     0    -4.0   46.249 -119.075    709.0    930.8
     1     1    17     8    25    16     0     0    -5.0   46.200 -118.963    718.4    928.7
     1     1    17     8    25    15     0     0    -6.0   46.149 -118.841    710.0    929.6
     1     1    17     8    25    14     0     0    -7.0   46.109 -118.721    694.3    931.0
     1     1    17     8    25    13     0     0    -8.0   46.085 -118.607    681.2    933.7
     1     1    17     8    25    12     0     0    -9.0   46.076 -118.489    668.5    934.8
     1     1    17     8    25    11     0     0   -10.0   46.041 -118.434    664.9    936.1
     1     1    17     8    25    10     0     0   -11.0   45.995 -118.475    674.7    934.1
     1     1    17     8    25     9     0     0   -12.0   45.960 -118.492    679.3    933.7
     1     1    17     8    25     8     0     0   -13.0   45.918 -118.481    690.1    932.2
     1     1    17     8    25     7     0     0   -14.0   45.884 -118.457    698.9    932.1
     1     1    17     8    25     6     0     0   -15.0   45.850 -118.415    712.4    929.8
     1     1    17     8    25     5     0     0   -16.0   45.801 -118.402    714.8    928.8
     1     1    17     8    25     4     0     0   -17.0   45.753 -118.411    711.9    931.5
     1     1    17     8    25     3     0     0   -18.0   45.714 -118.432    708.8    929.7
     1     1    17     8    25     2     0     0   -19.0   45.675 -118.467    699.4    931.6
     1     1    17     8    25     1     0     0   -20.0   45.654 -118.518    695.0    932.4
     1     1    17     8    25     0     0     0   -21.0   45.623 -118.558    688.9    932.1
     1     1    17     8    24    23     0     0   -22.0   45.589 -118.602    676.1    934.8
     1     1    17     8    24    22     0     0   -23.0   45.620 -118.727    659.9    935.2
     1     1    17     8    24    21     0     0   -24.0   45.732 -118.927    676.8    934.4
     1     1    17     8    24    20     0     0   -25.0   45.882 -119.155    711.3    930.6
     1     1    17     8    24    19     0     0   -26.0   46.055 -119.397    779.5    923.2
     1     1    17     8    24    18     0     0   -27.0   46.272 -119.672    783.5    922.0
     1     1    17     8    24    17     0     0   -28.0   46.505 -119.975    799.1    916.8
     1     1    17     8    24    16     0     0   -29.0   46.734 -120.266    797.7    921.1
     1     1    17     8    24    15     0     0   -30.0   46.947 -120.519    901.2    909.1
