     1     1
    SITE    10     3     1     0     0
     1 BACKWARD OMEGA   
    17     8    24     0   46.392 -119.412   700.0
     1 PRESSURE
     1     1    17     8    24     0     0     0     0.0   46.392 -119.412    700.0    931.4
     1     1    17     8    23    23     0     0    -1.0   46.389 -119.409    696.2    931.9
     1     1    17     8    23    22     0     0    -2.0   46.358 -119.433    690.6    932.8
     1     1    17     8    23    21     0     0    -3.0   46.318 -119.503    684.5    932.9
     1     1    17     8    23    20     0     0    -4.0   46.249 -119.533    679.1    933.5
     1     1    17     8    23    19     0     0    -5.0   46.184 -119.474    668.2    935.2
     1     1    17     8    23    18     0     0    -6.0   46.123 -119.405    644.7    937.6
     1     1    17     8    23    17     0     0    -7.0   46.049 -119.326    640.9    939.2
     1     1    17     8    23    16     0     0    -8.0   45.979 -119.203    651.8    936.7
     1     1    17     8    23    15     0     0    -9.0   45.877 -119.085    626.0    938.2
     1     1    17     8    23    14     0     0   -10.0   45.762 -118.963    591.3    943.9
     1     1    17     8    23    13     0     0   -11.0   45.633 -118.840    569.0    946.4
     1     1    17     8    23    12     0     0   -12.0   45.471 -118.727    583.5    944.5
