     1     1
    SITE    10     3     1     0     0
     1 BACKWARD OMEGA   
    17     8    12     2   46.392 -119.412   700.0
     1 PRESSURE
     1     1    17     8    12     2     0     0     0.0   46.392 -119.412    700.0    931.4
     1     1    17     8    12     1     0     0    -1.0   46.344 -119.436    685.9    933.1
     1     1    17     8    12     0     0     0    -2.0   46.285 -119.415    678.5    934.1
     1     1    17     8    11    23     0     0    -3.0   46.239 -119.377    675.3    934.2
     1     1    17     8    11    22     0     0    -4.0   46.192 -119.344    667.1    935.1
     1     1    17     8    11    21     0     0    -5.0   46.100 -119.314    660.4    935.9
     1     1    17     8    11    20     0     0    -6.0   45.987 -119.348    670.7    934.8
     1     1    17     8    11    19     0     0    -7.0   45.876 -119.436    676.6    935.6
     1     1    17     8    11    18     0     0    -8.0   45.776 -119.474    686.4    932.8
     1     1    17     8    11    17     0     0    -9.0   45.703 -119.457    680.6    933.5
     1     1    17     8    11    16     0     0   -10.0   45.678 -119.387    665.9    935.2
     1     1    17     8    11    15     0     0   -11.0   45.688 -119.291    664.7    935.6
     1     1    17     8    11    14     0     0   -12.0   45.686 -119.197    668.1    934.8
     1     1    17     8    11    13     0     0   -13.0   45.652 -119.101    680.9    933.7
     1     1    17     8    11    12     0     0   -14.0   45.600 -119.024    685.1    932.0
     1     1    17     8    11    11     0     0   -15.0   45.557 -118.963    680.3    934.4
     1     1    17     8    11    10     0     0   -16.0   45.552 -118.894    672.9    934.0
     1     1    17     8    11     9     0     0   -17.0   45.581 -118.809    672.5    936.0
     1     1    17     8    11     8     0     0   -18.0   45.626 -118.715    691.7    933.6
     1     1    17     8    11     7     0     0   -19.0   45.685 -118.638    705.1    929.4
     1     1    17     8    11     6     0     0   -20.0   45.736 -118.579    712.6    930.6
     1     1    17     8    11     5     0     0   -21.0   45.724 -118.552    738.9    928.0
     1     1    17     8    11     4     0     0   -22.0   45.682 -118.585    745.9    925.1
     1     1    17     8    11     3     0     0   -23.0   45.644 -118.612    747.0    926.2
     1     1    17     8    11     2     0     0   -24.0   45.606 -118.571    760.3    924.8
     1     1    17     8    11     1     0     0   -25.0   45.584 -118.521    772.4    923.4
     1     1    17     8    11     0     0     0   -26.0   45.561 -118.492    779.6    922.2
     1     1    17     8    10    23     0     0   -27.0   45.521 -118.481    768.1    921.6
     1     1    17     8    10    22     0     0   -28.0   45.482 -118.526    748.0    927.7
     1     1    17     8    10    21     0     0   -29.0   45.471 -118.548    746.7    925.5
     1     1    17     8    10    20     0     0   -30.0   45.479 -118.554    735.5    926.2
     1     1    17     8    10    19     0     0   -31.0   45.470 -118.617    730.8    927.9
     1     1    17     8    10    18     0     0   -32.0   45.463 -118.593    727.7    928.7
     1     1    17     8    10    17     0     0   -33.0   45.496 -118.467    717.4    929.1
     1     1    17     8    10    16     0     0   -34.0   45.540 -118.340    715.8    929.6
     1     1    17     8    10    15     0     0   -35.0   45.578 -118.209    721.8    929.6
     1     1    17     8    10    14     0     0   -36.0   45.613 -118.086    753.4    925.6
     1     1    17     8    10    13     0     0   -37.0   45.645 -117.979    760.5    923.7
