     1     1
    SITE    10     3     1     0     0
     1 BACKWARD OMEGA   
    17     8    29    18   46.392 -119.412   700.0
     1 PRESSURE
     1     1    17     8    29    18     0     0     0.0   46.392 -119.412    700.0    931.4
     1     1    17     8    29    17     0     0    -1.0   46.320 -119.342    706.7    930.6
     1     1    17     8    29    16     0     0    -2.0   46.271 -119.252    696.4    932.1
     1     1    17     8    29    15     0     0    -3.0   46.246 -119.160    687.2    932.8
     1     1    17     8    29    14     0     0    -4.0   46.226 -119.072    679.3    934.2
     1     1    17     8    29    13     0     0    -5.0   46.204 -118.980    648.8    934.4
     1     1    17     8    29    12     0     0    -6.0   46.193 -118.878    642.0    939.3
     1     1    17     8    29    11     0     0    -7.0   46.195 -118.788    661.0    936.0
     1     1    17     8    29    10     0     0    -8.0   46.171 -118.746    668.5    934.4
     1     1    17     8    29     9     0     0    -9.0   46.124 -118.748    667.2    935.5
     1     1    17     8    29     8     0     0   -10.0   46.080 -118.766    667.3    935.2
     1     1    17     8    29     7     0     0   -11.0   46.056 -118.763    669.2    935.4
     1     1    17     8    29     6     0     0   -12.0   46.050 -118.741    671.5    934.3
     1     1    17     8    29     5     0     0   -13.0   46.034 -118.727    671.8    934.9
     1     1    17     8    29     4     0     0   -14.0   46.025 -118.668    674.9    934.2
     1     1    17     8    29     3     0     0   -15.0   46.050 -118.558    661.9    936.2
     1     1    17     8    29     2     0     0   -16.0   46.097 -118.447    658.6    936.3
     1     1    17     8    29     1     0     0   -17.0   46.144 -118.369    651.0    937.5
     1     1    17     8    29     0     0     0   -18.0   46.142 -118.348    643.9    937.8
     1     1    17     8    28    23     0     0   -19.0   46.104 -118.358    636.2    939.4
     1     1    17     8    28    22     0     0   -20.0   46.075 -118.341    630.2    939.7
     1     1    17     8    28    21     0     0   -21.0   46.049 -118.306    624.1    940.7
     1     1    17     8    28    20     0     0   -22.0   46.023 -118.334    630.3    940.8
     1     1    17     8    28    19     0     0   -23.0   45.987 -118.375    652.0    935.8
     1     1    17     8    28    18     0     0   -24.0   46.003 -118.425    659.2    935.1
     1     1    17     8    28    17     0     0   -25.0   46.086 -118.514    649.9    937.2
     1     1    17     8    28    16     0     0   -26.0   46.174 -118.561    647.4    937.9
     1     1    17     8    28    15     0     0   -27.0   46.261 -118.578    643.8    937.4
     1     1    17     8    28    14     0     0   -28.0   46.262 -118.588    621.9    940.6
     1     1    17     8    28    13     0     0   -29.0   46.169 -118.599    594.2    944.2
     1     1    17     8    28    12     0     0   -30.0   46.160 -118.565    615.2    941.8
     1     1    17     8    28    11     0     0   -31.0   46.243 -118.518    622.1    940.5
     1     1    17     8    28    10     0     0   -32.0   46.244 -118.520    622.1    940.5
     1     1    17     8    28     9     0     0   -33.0   46.251 -118.537    626.5    940.4
     1     1    17     8    28     8     0     0   -34.0   46.258 -118.566    631.8    939.1
     1     1    17     8    28     7     0     0   -35.0   46.201 -118.542    632.4    939.3
     1     1    17     8    28     6     0     0   -36.0   46.158 -118.542    617.3    940.0
     1     1    17     8    28     5     0     0   -37.0   46.115 -118.516    597.6    943.9
     1     1    17     8    28     4     0     0   -38.0   46.073 -118.449    591.3    944.3
     1     1    17     8    28     3     0     0   -39.0   46.025 -118.489    603.0    942.2
     1     1    17     8    28     2     0     0   -40.0   46.017 -118.517    607.6    941.1
     1     1    17     8    28     1     0     0   -41.0   46.023 -118.470    596.0    943.3
     1     1    17     8    28     0     0     0   -42.0   46.001 -118.411    590.7    944.4
     1     1    17     8    27    23     0     0   -43.0   45.971 -118.352    582.9    943.9
     1     1    17     8    27    22     0     0   -44.0   45.952 -118.286    575.3    946.4
     1     1    17     8    27    21     0     0   -45.0   45.939 -118.229    575.5    945.3
     1     1    17     8    27    20     0     0   -46.0   45.912 -118.204    576.0    945.5
     1     1    17     8    27    19     0     0   -47.0   45.885 -118.206    576.7    945.4
     1     1    17     8    27    18     0     0   -48.0   45.873 -118.199    577.2    945.2
     1     1    17     8    27    17     0     0   -49.0   45.866 -118.178    577.2    945.3
     1     1    17     8    27    16     0     0   -50.0   45.852 -118.141    577.4    945.4
     1     1    17     8    27    15     0     0   -51.0   45.824 -118.076    571.0    945.2
     1     1    17     8    27    14     0     0   -52.0   45.784 -117.998    561.8    947.5
     1     1    17     8    27    13     0     0   -53.0   45.743 -117.919    565.0    947.4
