     1     1
    SITE    10     3     1     0     0
     1 BACKWARD OMEGA   
    17     8    21    19   46.392 -119.412   700.0
     1 PRESSURE
     1     1    17     8    21    19     0     0     0.0   46.392 -119.412    700.0    931.4
     1     1    17     8    21    18     0     0    -1.0   46.457 -119.455    711.5    930.1
     1     1    17     8    21    17     0     0    -2.0   46.490 -119.535    698.2    931.2
     1     1    17     8    21    16     0     0    -3.0   46.518 -119.612    692.8    933.0
     1     1    17     8    21    15     0     0    -4.0   46.523 -119.643    699.5    930.8
     1     1    17     8    21    14     0     0    -5.0   46.463 -119.644    686.9    933.4
     1     1    17     8    21    13     0     0    -6.0   46.444 -119.588    681.8    934.3
     1     1    17     8    21    12     0     0    -7.0   46.433 -119.508    668.6    934.4
     1     1    17     8    21    11     0     0    -8.0   46.411 -119.417    659.7    937.9
     1     1    17     8    21    10     0     0    -9.0   46.425 -119.340    653.7    937.3
     1     1    17     8    21     9     0     0   -10.0   46.442 -119.301    654.0    936.7
     1     1    17     8    21     8     0     0   -11.0   46.440 -119.250    658.7    937.0
     1     1    17     8    21     7     0     0   -12.0   46.436 -119.180    668.7    934.7
     1     1    17     8    21     6     0     0   -13.0   46.443 -119.126    665.4    934.6
     1     1    17     8    21     5     0     0   -14.0   46.447 -119.096    656.1    936.9
     1     1    17     8    21     4     0     0   -15.0   46.433 -119.088    657.4    937.6
     1     1    17     8    21     3     0     0   -16.0   46.402 -119.059    646.9    935.0
     1     1    17     8    21     2     0     0   -17.0   46.371 -119.038    639.2    939.6
     1     1    17     8    21     1     0     0   -18.0   46.355 -119.013    634.0    938.6
     1     1    17     8    21     0     0     0   -19.0   46.323 -118.974    624.7    939.8
     1     1    17     8    20    23     0     0   -20.0   46.275 -118.979    611.0    942.1
     1     1    17     8    20    22     0     0   -21.0   46.282 -119.007    604.7    942.7
     1     1    17     8    20    21     0     0   -22.0   46.322 -119.021    612.0    942.0
     1     1    17     8    20    20     0     0   -23.0   46.321 -119.015    617.5    940.4
     1     1    17     8    20    19     0     0   -24.0   46.283 -118.991    617.8    941.0
     1     1    17     8    20    18     0     0   -25.0   46.248 -118.886    606.7    940.9
     1     1    17     8    20    17     0     0   -26.0   46.215 -118.720    601.3    944.7
     1     1    17     8    20    16     0     0   -27.0   46.192 -118.554    612.5    941.4
     1     1    17     8    20    15     0     0   -28.0   46.164 -118.393    615.0    940.8
     1     1    17     8    20    14     0     0   -29.0   46.094 -118.340    603.1    943.8
     1     1    17     8    20    13     0     0   -30.0   46.012 -118.387    635.2    939.2
     1     1    17     8    20    12     0     0   -31.0   45.948 -118.396    650.5    936.7
     1     1    17     8    20    11     0     0   -32.0   45.894 -118.394    640.6    938.4
     1     1    17     8    20    10     0     0   -33.0   45.841 -118.422    627.2    940.2
     1     1    17     8    20     9     0     0   -34.0   45.794 -118.453    627.0    941.4
     1     1    17     8    20     8     0     0   -35.0   45.743 -118.457    635.7    938.9
     1     1    17     8    20     7     0     0   -36.0   45.674 -118.428    609.0    942.3
     1     1    17     8    20     6     0     0   -37.0   45.599 -118.395    598.3    943.3
     1     1    17     8    20     5     0     0   -38.0   45.517 -118.390    603.0    942.6
     1     1    17     8    20     4     0     0   -39.0   45.428 -118.399    596.3    943.4
