     1     1
    SITE    10     3     1     0     0
     1 BACKWARD OMEGA   
    17     8    27    16   46.392 -119.412   700.0
     1 PRESSURE
     1     1    17     8    27    16     0     0     0.0   46.392 -119.412    700.0    931.4
     1     1    17     8    27    15     0     0    -1.0   46.365 -119.344    695.0    932.0
     1     1    17     8    27    14     0     0    -2.0   46.325 -119.265    707.5    932.0
     1     1    17     8    27    13     0     0    -3.0   46.284 -119.185    719.1    927.6
     1     1    17     8    27    12     0     0    -4.0   46.287 -119.118    732.5    929.4
     1     1    17     8    27    11     0     0    -5.0   46.281 -119.069    727.1    927.2
     1     1    17     8    27    10     0     0    -6.0   46.247 -119.020    733.5    929.0
     1     1    17     8    27     9     0     0    -7.0   46.238 -118.962    746.2    925.3
     1     1    17     8    27     8     0     0    -8.0   46.236 -118.898    741.9    925.3
     1     1    17     8    27     7     0     0    -9.0   46.250 -118.835    724.8    928.4
     1     1    17     8    27     6     0     0   -10.0   46.268 -118.825    717.3    930.4
     1     1    17     8    27     5     0     0   -11.0   46.261 -118.832    725.0    929.0
     1     1    17     8    27     4     0     0   -12.0   46.272 -118.792    743.5    927.2
     1     1    17     8    27     3     0     0   -13.0   46.298 -118.721    750.0    924.8
     1     1    17     8    27     2     0     0   -14.0   46.310 -118.643    753.5    926.0
     1     1    17     8    27     1     0     0   -15.0   46.320 -118.577    772.4    924.2
     1     1    17     8    27     0     0     0   -16.0   46.313 -118.528    785.0    920.3
     1     1    17     8    26    23     0     0   -17.0   46.322 -118.480    775.7    921.9
     1     1    17     8    26    22     0     0   -18.0   46.358 -118.427    772.7    923.7
     1     1    17     8    26    21     0     0   -19.0   46.368 -118.418    771.4    923.1
     1     1    17     8    26    20     0     0   -20.0   46.353 -118.451    764.1    923.8
     1     1    17     8    26    19     0     0   -21.0   46.344 -118.425    741.8    925.2
     1     1    17     8    26    18     0     0   -22.0   46.373 -118.365    745.3    929.4
     1     1    17     8    26    17     0     0   -23.0   46.438 -118.314    756.8    923.0
     1     1    17     8    26    16     0     0   -24.0   46.511 -118.253    742.8    925.6
     1     1    17     8    26    15     0     0   -25.0   46.586 -118.191    723.8    929.6
     1     1    17     8    26    14     0     0   -26.0   46.617 -118.114    744.3    926.7
     1     1    17     8    26    13     0     0   -27.0   46.622 -118.015    776.0    921.6
     1     1    17     8    26    12     0     0   -28.0   46.639 -117.913    790.5    920.9
