     1     1
    SITE    10     3     1     0     0
     1 BACKWARD OMEGA   
    17     8    22     4   46.392 -119.412   700.0
     1 PRESSURE
     1     1    17     8    22     4     0     0     0.0   46.392 -119.412    700.0    931.4
     1     1    17     8    22     3     0     0    -1.0   46.438 -119.367    697.7    931.7
     1     1    17     8    22     2     0     0    -2.0   46.460 -119.325    692.8    932.4
     1     1    17     8    22     1     0     0    -3.0   46.444 -119.304    691.6    932.6
     1     1    17     8    22     0     0     0    -4.0   46.424 -119.267    691.5    932.8
     1     1    17     8    21    23     0     0    -5.0   46.434 -119.208    692.5    931.3
     1     1    17     8    21    22     0     0    -6.0   46.449 -119.226    690.5    933.4
     1     1    17     8    21    21     0     0    -7.0   46.446 -119.297    699.4    931.9
     1     1    17     8    21    20     0     0    -8.0   46.415 -119.327    713.1    929.9
     1     1    17     8    21    19     0     0    -9.0   46.414 -119.345    728.5    928.5
     1     1    17     8    21    18     0     0   -10.0   46.481 -119.388    724.0    927.5
     1     1    17     8    21    17     0     0   -11.0   46.514 -119.465    711.4    930.1
     1     1    17     8    21    16     0     0   -12.0   46.542 -119.542    697.5    932.3
     1     1    17     8    21    15     0     0   -13.0   46.546 -119.573    696.5    931.6
     1     1    17     8    21    14     0     0   -14.0   46.486 -119.574    692.3    931.3
     1     1    17     8    21    13     0     0   -15.0   46.469 -119.518    680.5    933.5
     1     1    17     8    21    12     0     0   -16.0   46.459 -119.437    680.5    934.0
     1     1    17     8    21    11     0     0   -17.0   46.438 -119.347    664.2    934.9
     1     1    17     8    21    10     0     0   -18.0   46.453 -119.271    656.9    936.7
     1     1    17     8    21     9     0     0   -19.0   46.471 -119.232    657.2    936.5
     1     1    17     8    21     8     0     0   -20.0   46.468 -119.180    656.7    936.4
     1     1    17     8    21     7     0     0   -21.0   46.464 -119.111    658.7    936.3
     1     1    17     8    21     6     0     0   -22.0   46.472 -119.056    659.1    935.7
     1     1    17     8    21     5     0     0   -23.0   46.476 -119.026    658.2    937.0
     1     1    17     8    21     4     0     0   -24.0   46.463 -119.018    664.8    935.9
     1     1    17     8    21     3     0     0   -25.0   46.433 -118.988    667.0    934.4
     1     1    17     8    21     2     0     0   -26.0   46.403 -118.966    668.6    933.9
     1     1    17     8    21     1     0     0   -27.0   46.387 -118.940    660.7    936.2
     1     1    17     8    21     0     0     0   -28.0   46.354 -118.902    651.1    937.5
     1     1    17     8    20    23     0     0   -29.0   46.307 -118.908    635.8    939.1
     1     1    17     8    20    22     0     0   -30.0   46.313 -118.938    633.1    940.8
     1     1    17     8    20    21     0     0   -31.0   46.354 -118.953    648.4    937.4
     1     1    17     8    20    20     0     0   -32.0   46.353 -118.947    652.9    936.2
     1     1    17     8    20    19     0     0   -33.0   46.315 -118.921    661.6    937.5
     1     1    17     8    20    18     0     0   -34.0   46.280 -118.813    651.5    934.1
     1     1    17     8    20    17     0     0   -35.0   46.246 -118.648    671.3    935.2
     1     1    17     8    20    16     0     0   -36.0   46.224 -118.480    689.8    933.0
     1     1    17     8    20    15     0     0   -37.0   46.196 -118.320    689.1    931.5
     1     1    17     8    20    14     0     0   -38.0   46.129 -118.267    685.0    934.1
     1     1    17     8    20    13     0     0   -39.0   46.048 -118.315    721.4    929.4
     1     1    17     8    20    12     0     0   -40.0   45.984 -118.325    752.9    925.3
     1     1    17     8    20    11     0     0   -41.0   45.931 -118.323    755.4    922.8
     1     1    17     8    20    10     0     0   -42.0   45.878 -118.352    727.4    928.1
     1     1    17     8    20     9     0     0   -43.0   45.833 -118.384    707.6    931.8
     1     1    17     8    20     8     0     0   -44.0   45.782 -118.386    710.7    931.6
     1     1    17     8    20     7     0     0   -45.0   45.712 -118.355    714.8    929.8
     1     1    17     8    20     6     0     0   -46.0   45.637 -118.320    729.4    928.1
     1     1    17     8    20     5     0     0   -47.0   45.555 -118.313    743.6    926.5
     1     1    17     8    20     4     0     0   -48.0   45.466 -118.323    745.3    925.7
