     1     1
    SITE    10     3     1     0     0
     1 BACKWARD OMEGA   
    17     8    20    19   46.392 -119.412   700.0
     1 PRESSURE
     1     1    17     8    20    19     0     0     0.0   46.392 -119.412    700.0    931.4
     1     1    17     8    20    18     0     0    -1.0   46.355 -119.304    692.5    932.3
     1     1    17     8    20    17     0     0    -2.0   46.323 -119.140    697.4    932.0
     1     1    17     8    20    16     0     0    -3.0   46.304 -118.970    691.0    931.9
     1     1    17     8    20    15     0     0    -4.0   46.278 -118.815    689.2    932.8
     1     1    17     8    20    14     0     0    -5.0   46.209 -118.762    677.2    933.6
     1     1    17     8    20    13     0     0    -6.0   46.126 -118.802    660.5    936.4
     1     1    17     8    20    12     0     0    -7.0   46.061 -118.808    662.6    936.3
     1     1    17     8    20    11     0     0    -8.0   46.008 -118.806    665.4    935.4
     1     1    17     8    20    10     0     0    -9.0   45.955 -118.834    663.7    935.7
     1     1    17     8    20     9     0     0   -10.0   45.910 -118.864    669.6    935.9
     1     1    17     8    20     8     0     0   -11.0   45.858 -118.865    686.4    933.7
     1     1    17     8    20     7     0     0   -12.0   45.785 -118.833    694.6    931.6
     1     1    17     8    20     6     0     0   -13.0   45.708 -118.799    690.1    932.5
     1     1    17     8    20     5     0     0   -14.0   45.627 -118.794    671.4    934.7
     1     1    17     8    20     4     0     0   -15.0   45.538 -118.803    649.1    937.0
     1     1    17     8    20     3     0     0   -16.0   45.445 -118.789    631.0    939.9
