     1     1
    SITE    10     3     1     0     0
     1 BACKWARD OMEGA   
    17     8    29    17   46.392 -119.412   700.0
     1 PRESSURE
     1     1    17     8    29    17     0     0     0.0   46.392 -119.412    700.0    931.4
     1     1    17     8    29    16     0     0    -1.0   46.343 -119.321    688.0    932.8
     1     1    17     8    29    15     0     0    -2.0   46.319 -119.230    672.3    934.7
     1     1    17     8    29    14     0     0    -3.0   46.302 -119.142    661.2    936.4
     1     1    17     8    29    13     0     0    -4.0   46.280 -119.051    643.4    936.9
     1     1    17     8    29    12     0     0    -5.0   46.272 -118.950    640.5    941.4
     1     1    17     8    29    11     0     0    -6.0   46.274 -118.858    650.1    936.9
     1     1    17     8    29    10     0     0    -7.0   46.248 -118.815    645.1    937.9
     1     1    17     8    29     9     0     0    -8.0   46.199 -118.816    643.8    938.9
     1     1    17     8    29     8     0     0    -9.0   46.154 -118.833    653.8    937.5
     1     1    17     8    29     7     0     0   -10.0   46.129 -118.831    660.6    935.1
     1     1    17     8    29     6     0     0   -11.0   46.124 -118.808    658.5    936.5
     1     1    17     8    29     5     0     0   -12.0   46.108 -118.794    662.1    936.5
     1     1    17     8    29     4     0     0   -13.0   46.100 -118.735    672.1    934.6
     1     1    17     8    29     3     0     0   -14.0   46.127 -118.625    667.8    934.9
     1     1    17     8    29     2     0     0   -15.0   46.173 -118.518    671.7    934.7
     1     1    17     8    29     1     0     0   -16.0   46.217 -118.440    670.7    935.2
     1     1    17     8    29     0     0     0   -17.0   46.216 -118.418    669.6    935.0
     1     1    17     8    28    23     0     0   -18.0   46.179 -118.428    667.4    935.5
     1     1    17     8    28    22     0     0   -19.0   46.149 -118.411    669.7    935.2
     1     1    17     8    28    21     0     0   -20.0   46.123 -118.376    674.4    934.3
     1     1    17     8    28    20     0     0   -21.0   46.097 -118.406    688.8    934.0
     1     1    17     8    28    19     0     0   -22.0   46.060 -118.447    710.4    930.2
     1     1    17     8    28    18     0     0   -23.0   46.075 -118.498    718.3    927.9
     1     1    17     8    28    17     0     0   -24.0   46.159 -118.590    730.7    928.4
     1     1    17     8    28    16     0     0   -25.0   46.247 -118.638    742.2    926.2
     1     1    17     8    28    15     0     0   -26.0   46.336 -118.657    746.8    926.2
     1     1    17     8    28    14     0     0   -27.0   46.336 -118.666    754.4    925.6
     1     1    17     8    28    13     0     0   -28.0   46.244 -118.681    747.7    924.8
     1     1    17     8    28    12     0     0   -29.0   46.235 -118.644    727.7    928.5
     1     1    17     8    28    11     0     0   -30.0   46.322 -118.596    721.0    929.9
     1     1    17     8    28    10     0     0   -31.0   46.324 -118.599    738.4    926.8
     1     1    17     8    28     9     0     0   -32.0   46.333 -118.616    754.7    925.6
     1     1    17     8    28     8     0     0   -33.0   46.340 -118.647    761.6    924.0
     1     1    17     8    28     7     0     0   -34.0   46.282 -118.625    751.9    925.5
     1     1    17     8    28     6     0     0   -35.0   46.237 -118.626    734.6    925.9
     1     1    17     8    28     5     0     0   -36.0   46.194 -118.599    692.1    931.1
     1     1    17     8    28     4     0     0   -37.0   46.152 -118.530    667.9    935.7
     1     1    17     8    28     3     0     0   -38.0   46.104 -118.568    668.0    936.0
     1     1    17     8    28     2     0     0   -39.0   46.097 -118.597    673.0    934.3
     1     1    17     8    28     1     0     0   -40.0   46.104 -118.551    679.9    934.0
     1     1    17     8    28     0     0     0   -41.0   46.083 -118.491    681.0    933.5
     1     1    17     8    27    23     0     0   -42.0   46.052 -118.430    686.3    933.6
     1     1    17     8    27    22     0     0   -43.0   46.031 -118.362    698.9    931.9
     1     1    17     8    27    21     0     0   -44.0   46.018 -118.304    708.1    929.7
     1     1    17     8    27    20     0     0   -45.0   45.992 -118.278    712.1    929.9
     1     1    17     8    27    19     0     0   -46.0   45.965 -118.279    710.8    929.6
     1     1    17     8    27    18     0     0   -47.0   45.953 -118.271    707.3    931.0
     1     1    17     8    27    17     0     0   -48.0   45.947 -118.250    710.0    930.3
     1     1    17     8    27    16     0     0   -49.0   45.933 -118.212    710.5    929.9
     1     1    17     8    27    15     0     0   -50.0   45.905 -118.145    709.5    930.5
     1     1    17     8    27    14     0     0   -51.0   45.866 -118.066    710.9    930.5
     1     1    17     8    27    13     0     0   -52.0   45.825 -117.987    720.7    929.9
     1     1    17     8    27    12     0     0   -53.0   45.825 -117.922    742.2    927.2
