     1     1
    SITE    10     3     1     0     0
     1 BACKWARD OMEGA   
    17     8    28     2   46.392 -119.412   700.0
     1 PRESSURE
     1     1    17     8    28     2     0     0     0.0   46.392 -119.412    700.0    931.4
     1     1    17     8    28     1     0     0    -1.0   46.398 -119.365    694.7    932.0
     1     1    17     8    28     0     0     0    -2.0   46.377 -119.306    688.0    933.2
     1     1    17     8    27    23     0     0    -3.0   46.346 -119.246    684.9    933.2
     1     1    17     8    27    22     0     0    -4.0   46.326 -119.180    680.4    933.6
     1     1    17     8    27    21     0     0    -5.0   46.313 -119.119    681.0    934.4
     1     1    17     8    27    20     0     0    -6.0   46.287 -119.091    679.4    933.0
     1     1    17     8    27    19     0     0    -7.0   46.260 -119.092    670.2    935.3
     1     1    17     8    27    18     0     0    -8.0   46.248 -119.083    665.4    935.6
     1     1    17     8    27    17     0     0    -9.0   46.242 -119.061    663.4    935.9
     1     1    17     8    27    16     0     0   -10.0   46.227 -119.024    653.3    935.8
     1     1    17     8    27    15     0     0   -11.0   46.200 -118.957    637.4    939.4
     1     1    17     8    27    14     0     0   -12.0   46.161 -118.878    640.8    940.3
     1     1    17     8    27    13     0     0   -13.0   46.119 -118.799    653.7    935.7
     1     1    17     8    27    12     0     0   -14.0   46.119 -118.733    649.5    936.6
     1     1    17     8    27    11     0     0   -15.0   46.112 -118.686    646.8    936.3
     1     1    17     8    27    10     0     0   -16.0   46.078 -118.639    641.4    938.0
     1     1    17     8    27     9     0     0   -17.0   46.069 -118.580    642.0    939.2
     1     1    17     8    27     8     0     0   -18.0   46.067 -118.516    638.7    937.3
     1     1    17     8    27     7     0     0   -19.0   46.081 -118.454    626.7    940.4
     1     1    17     8    27     6     0     0   -20.0   46.099 -118.443    621.1    940.9
     1     1    17     8    27     5     0     0   -21.0   46.092 -118.451    621.1    940.7
     1     1    17     8    27     4     0     0   -22.0   46.105 -118.414    616.5    940.6
     1     1    17     8    27     3     0     0   -23.0   46.132 -118.345    617.4    940.9
     1     1    17     8    27     2     0     0   -24.0   46.143 -118.268    618.6    941.0
     1     1    17     8    27     1     0     0   -25.0   46.151 -118.203    614.5    940.9
     1     1    17     8    27     0     0     0   -26.0   46.144 -118.156    609.2    942.4
     1     1    17     8    26    23     0     0   -27.0   46.154 -118.108    617.3    942.0
     1     1    17     8    26    22     0     0   -28.0   46.190 -118.055    629.6    938.8
     1     1    17     8    26    21     0     0   -29.0   46.199 -118.047    626.8    939.3
     1     1    17     8    26    20     0     0   -30.0   46.184 -118.078    627.7    941.0
     1     1    17     8    26    19     0     0   -31.0   46.174 -118.051    634.4    938.7
     1     1    17     8    26    18     0     0   -32.0   46.201 -117.989    638.1    938.1
     1     1    17     8    26    17     0     0   -33.0   46.264 -117.935    638.9    939.8
