     1     1
    SITE    10     3     1     0     0
     1 BACKWARD OMEGA   
    17     8    24     2   46.392 -119.412   700.0
     1 PRESSURE
     1     1    17     8    24     2     0     0     0.0   46.392 -119.412    700.0    931.4
     1     1    17     8    24     1     0     0    -1.0   46.350 -119.407    694.3    932.1
     1     1    17     8    24     0     0     0    -2.0   46.348 -119.384    698.1    932.5
     1     1    17     8    23    23     0     0    -3.0   46.345 -119.381    701.1    930.5
     1     1    17     8    23    22     0     0    -4.0   46.314 -119.405    700.0    930.2
     1     1    17     8    23    21     0     0    -5.0   46.274 -119.476    696.8    932.6
     1     1    17     8    23    20     0     0    -6.0   46.206 -119.507    697.9    931.3
     1     1    17     8    23    19     0     0    -7.0   46.141 -119.449    691.1    932.7
     1     1    17     8    23    18     0     0    -8.0   46.080 -119.380    673.5    934.0
     1     1    17     8    23    17     0     0    -9.0   46.007 -119.300    666.4    936.0
     1     1    17     8    23    16     0     0   -10.0   45.936 -119.177    684.9    931.7
     1     1    17     8    23    15     0     0   -11.0   45.833 -119.061    650.6    936.5
     1     1    17     8    23    14     0     0   -12.0   45.716 -118.939    633.2    939.6
     1     1    17     8    23    13     0     0   -13.0   45.585 -118.815    619.1    941.5
     1     1    17     8    23    12     0     0   -14.0   45.424 -118.704    639.0    939.1
