     1     1
    SITE    10     3     1     0     0
     1 BACKWARD OMEGA   
    17     8     3    21   46.392 -119.412   700.0
     1 PRESSURE
     1     1    17     8     3    21     0     0     0.0   46.392 -119.412    700.0    931.4
     1     1    17     8     3    20     0     0    -1.0   46.299 -119.389    696.6    931.8
     1     1    17     8     3    19     0     0    -2.0   46.195 -119.406    706.7    930.0
     1     1    17     8     3    18     0     0    -3.0   46.099 -119.383    710.3    930.2
     1     1    17     8     3    17     0     0    -4.0   46.059 -119.281    730.7    927.8
     1     1    17     8     3    16     0     0    -5.0   46.094 -119.154    718.3    929.6
     1     1    17     8     3    15     0     0    -6.0   46.138 -119.049    714.3    929.9
     1     1    17     8     3    14     0     0    -7.0   46.115 -118.990    728.3    928.1
     1     1    17     8     3    13     0     0    -8.0   46.107 -118.951    736.5    927.5
     1     1    17     8     3    12     0     0    -9.0   46.170 -118.878    738.0    925.5
     1     1    17     8     3    11     0     0   -10.0   46.202 -118.919    743.5    928.4
     1     1    17     8     3    10     0     0   -11.0   46.170 -119.002    754.5    924.0
     1     1    17     8     3     9     0     0   -12.0   46.110 -119.004    743.3    926.9
     1     1    17     8     3     8     0     0   -13.0   46.074 -118.975    742.9    925.8
     1     1    17     8     3     7     0     0   -14.0   46.049 -118.946    736.4    927.5
     1     1    17     8     3     6     0     0   -15.0   46.044 -118.949    734.7    927.4
     1     1    17     8     3     5     0     0   -16.0   46.039 -118.960    732.1    928.0
     1     1    17     8     3     4     0     0   -17.0   46.052 -118.924    713.9    927.9
     1     1    17     8     3     3     0     0   -18.0   46.109 -118.870    714.0    930.4
     1     1    17     8     3     2     0     0   -19.0   46.173 -118.835    722.4    929.6
     1     1    17     8     3     1     0     0   -20.0   46.202 -118.771    724.2    927.1
     1     1    17     8     3     0     0     0   -21.0   46.180 -118.736    718.7    929.1
     1     1    17     8     2    23     0     0   -22.0   46.158 -118.707    693.5    930.3
     1     1    17     8     2    22     0     0   -23.0   46.128 -118.666    674.1    937.9
     1     1    17     8     2    21     0     0   -24.0   46.127 -118.682    680.7    934.4
     1     1    17     8     2    20     0     0   -25.0   46.142 -118.659    673.3    934.2
     1     1    17     8     2    19     0     0   -26.0   46.171 -118.634    671.5    936.6
     1     1    17     8     2    18     0     0   -27.0   46.272 -118.638    674.2    934.9
     1     1    17     8     2    17     0     0   -28.0   46.410 -118.598    679.0    933.1
     1     1    17     8     2    16     0     0   -29.0   46.559 -118.512    634.0    939.3
     1     1    17     8     2    15     0     0   -30.0   46.691 -118.406    624.6    941.1
     1     1    17     8     2    14     0     0   -31.0   46.814 -118.306    628.3    940.0
     1     1    17     8     2    13     0     0   -32.0   46.945 -118.216    633.8    939.8
     1     1    17     8     2    12     0     0   -33.0   47.007 -118.064    671.7    935.5
     1     1    17     8     2    11     0     0   -34.0   47.089 -117.929    672.4    932.9
