     1     1
    SITE    10     3     1     0     0
     1 BACKWARD OMEGA   
    17     8    23     4   46.392 -119.412   700.0
     1 PRESSURE
     1     1    17     8    23     4     0     0     0.0   46.392 -119.412    700.0    931.4
     1     1    17     8    23     3     0     0    -1.0   46.319 -119.388    704.4    930.9
     1     1    17     8    23     2     0     0    -2.0   46.279 -119.348    723.7    928.7
     1     1    17     8    23     1     0     0    -3.0   46.225 -119.337    714.6    926.9
     1     1    17     8    23     0     0     0    -4.0   46.140 -119.424    716.3    929.9
     1     1    17     8    22    23     0     0    -5.0   46.056 -119.502    726.4    927.5
     1     1    17     8    22    22     0     0    -6.0   45.968 -119.535    702.3    931.0
     1     1    17     8    22    21     0     0    -7.0   45.868 -119.545    696.8    933.1
     1     1    17     8    22    20     0     0    -8.0   45.764 -119.521    706.2    929.7
     1     1    17     8    22    19     0     0    -9.0   45.660 -119.504    678.1    935.1
     1     1    17     8    22    18     0     0   -10.0   45.562 -119.485    660.1    935.6
     1     1    17     8    22    17     0     0   -11.0   45.481 -119.439    634.2    939.6
     1     1    17     8    22    16     0     0   -12.0   45.416 -119.382    624.7    941.0
