     1     1
    SITE    10     3     1     0     0
     1 BACKWARD OMEGA   
    17     8    14    22   46.392 -119.412   700.0
     1 PRESSURE
     1     1    17     8    14    22     0     0     0.0   46.392 -119.412    700.0    931.4
     1     1    17     8    14    21     0     0    -1.0   46.341 -119.398    696.7    931.8
     1     1    17     8    14    20     0     0    -2.0   46.270 -119.381    680.7    933.3
     1     1    17     8    14    19     0     0    -3.0   46.192 -119.326    663.7    936.2
     1     1    17     8    14    18     0     0    -4.0   46.102 -119.206    645.7    938.3
     1     1    17     8    14    17     0     0    -5.0   46.012 -119.070    651.6    937.2
     1     1    17     8    14    16     0     0    -6.0   45.919 -118.929    671.9    933.8
     1     1    17     8    14    15     0     0    -7.0   45.853 -118.776    680.4    933.3
     1     1    17     8    14    14     0     0    -8.0   45.788 -118.725    690.7    932.6
     1     1    17     8    14    13     0     0    -9.0   45.703 -118.690    676.9    933.2
     1     1    17     8    14    12     0     0   -10.0   45.598 -118.578    657.5    936.2
     1     1    17     8    14    11     0     0   -11.0   45.474 -118.543    649.0    938.9
