     1     1
    SITE    10     3     1     0     0
     1 BACKWARD OMEGA   
    17     8     7     9   46.392 -119.412   700.0
     1 PRESSURE
     1     1    17     8     7     9     0     0     0.0   46.392 -119.412    700.0    931.4
     1     1    17     8     7     8     0     0    -1.0   46.414 -119.323    716.4    929.5
     1     1    17     8     7     7     0     0    -2.0   46.410 -119.251    718.6    928.3
     1     1    17     8     7     6     0     0    -3.0   46.396 -119.235    713.1    929.9
     1     1    17     8     7     5     0     0    -4.0   46.391 -119.199    696.8    930.7
     1     1    17     8     7     4     0     0    -5.0   46.368 -119.142    678.8    934.4
     1     1    17     8     7     3     0     0    -6.0   46.343 -119.097    675.1    935.1
     1     1    17     8     7     2     0     0    -7.0   46.328 -119.064    679.3    933.8
     1     1    17     8     7     1     0     0    -8.0   46.286 -119.032    679.2    932.7
     1     1    17     8     7     0     0     0    -9.0   46.240 -118.967    669.8    934.9
     1     1    17     8     6    23     0     0   -10.0   46.208 -118.890    667.9    936.5
     1     1    17     8     6    22     0     0   -11.0   46.222 -118.816    668.0    934.1
     1     1    17     8     6    21     0     0   -12.0   46.230 -118.817    658.9    934.7
     1     1    17     8     6    20     0     0   -13.0   46.194 -118.847    651.5    938.7
     1     1    17     8     6    19     0     0   -14.0   46.202 -118.816    650.1    936.7
     1     1    17     8     6    18     0     0   -15.0   46.221 -118.837    654.9    936.9
     1     1    17     8     6    17     0     0   -16.0   46.214 -118.925    664.0    935.3
     1     1    17     8     6    16     0     0   -17.0   46.238 -118.939    673.2    934.9
     1     1    17     8     6    15     0     0   -18.0   46.251 -118.863    673.7    932.8
     1     1    17     8     6    14     0     0   -19.0   46.263 -118.781    670.3    934.3
     1     1    17     8     6    13     0     0   -20.0   46.267 -118.706    668.8    935.3
     1     1    17     8     6    12     0     0   -21.0   46.226 -118.632    666.6    934.5
     1     1    17     8     6    11     0     0   -22.0   46.181 -118.574    661.7    936.6
     1     1    17     8     6    10     0     0   -23.0   46.166 -118.515    662.8    935.8
     1     1    17     8     6     9     0     0   -24.0   46.180 -118.441    671.7    934.6
     1     1    17     8     6     8     0     0   -25.0   46.173 -118.367    678.2    933.5
     1     1    17     8     6     7     0     0   -26.0   46.197 -118.277    682.6    933.5
     1     1    17     8     6     6     0     0   -27.0   46.222 -118.193    678.5    933.7
     1     1    17     8     6     5     0     0   -28.0   46.200 -118.144    675.3    935.3
     1     1    17     8     6     4     0     0   -29.0   46.176 -118.144    680.9    933.7
     1     1    17     8     6     3     0     0   -30.0   46.144 -118.149    679.8    933.4
     1     1    17     8     6     2     0     0   -31.0   46.120 -118.122    680.0    934.0
     1     1    17     8     6     1     0     0   -32.0   46.080 -118.094    669.8    933.5
     1     1    17     8     6     0     0     0   -33.0   46.029 -118.101    673.4    934.1
     1     1    17     8     5    23     0     0   -34.0   46.042 -118.078    680.5    935.8
     1     1    17     8     5    22     0     0   -35.0   46.073 -118.020    681.7    933.6
     1     1    17     8     5    21     0     0   -36.0   46.056 -117.989    682.2    933.4
     1     1    17     8     5    20     0     0   -37.0   46.002 -118.000    695.3    933.8
     1     1    17     8     5    19     0     0   -38.0   45.928 -118.048    705.1    930.2
     1     1    17     8     5    18     0     0   -39.0   45.861 -118.053    690.9    932.3
     1     1    17     8     5    17     0     0   -40.0   45.852 -117.983    699.8    931.7
     1     1    17     8     5    16     0     0   -41.0   45.893 -117.869    722.0    928.7
