     1     1
    SITE    10     3     1     0     0
     1 BACKWARD OMEGA   
    17     8    15    14   46.392 -119.412   700.0
     1 PRESSURE
     1     1    17     8    15    14     0     0     0.0   46.392 -119.412    700.0    931.4
     1     1    17     8    15    13     0     0    -1.0   46.349 -119.389    678.9    933.9
     1     1    17     8    15    12     0     0    -2.0   46.286 -119.432    673.3    934.5
     1     1    17     8    15    11     0     0    -3.0   46.242 -119.385    674.1    934.9
     1     1    17     8    15    10     0     0    -4.0   46.230 -119.296    665.0    932.9
     1     1    17     8    15     9     0     0    -5.0   46.206 -119.235    647.0    939.5
     1     1    17     8    15     8     0     0    -6.0   46.168 -119.224    644.0    938.6
     1     1    17     8    15     7     0     0    -7.0   46.140 -119.218    642.5    938.2
     1     1    17     8    15     6     0     0    -8.0   46.116 -119.215    639.4    938.5
     1     1    17     8    15     5     0     0    -9.0   46.094 -119.218    639.3    939.2
     1     1    17     8    15     4     0     0   -10.0   46.095 -119.191    644.9    938.2
     1     1    17     8    15     3     0     0   -11.0   46.099 -119.144    642.0    937.7
     1     1    17     8    15     2     0     0   -12.0   46.085 -119.053    656.7    939.4
     1     1    17     8    15     1     0     0   -13.0   46.099 -118.969    659.3    936.3
     1     1    17     8    15     0     0     0   -14.0   46.147 -118.974    640.0    936.7
     1     1    17     8    14    23     0     0   -15.0   46.173 -119.043    622.0    943.6
     1     1    17     8    14    22     0     0   -16.0   46.160 -119.085    632.0    939.8
     1     1    17     8    14    21     0     0   -17.0   46.109 -119.070    644.0    937.5
     1     1    17     8    14    20     0     0   -18.0   46.036 -119.054    644.4    938.2
     1     1    17     8    14    19     0     0   -19.0   45.960 -118.994    639.1    938.7
     1     1    17     8    14    18     0     0   -20.0   45.873 -118.874    627.1    939.2
     1     1    17     8    14    17     0     0   -21.0   45.779 -118.730    622.9    941.2
     1     1    17     8    14    16     0     0   -22.0   45.686 -118.596    645.8    936.5
     1     1    17     8    14    15     0     0   -23.0   45.616 -118.445    643.5    938.8
     1     1    17     8    14    14     0     0   -24.0   45.547 -118.395    669.3    935.4
     1     1    17     8    14    13     0     0   -25.0   45.457 -118.360    698.5    932.0
