     1     1
    SITE    10     3     1     0     0
     1 BACKWARD OMEGA   
    17     8    22     9   46.392 -119.412   700.0
     1 PRESSURE
     1     1    17     8    22     9     0     0     0.0   46.392 -119.412    700.0    931.4
     1     1    17     8    22     8     0     0    -1.0   46.333 -119.376    691.6    932.4
     1     1    17     8    22     7     0     0    -2.0   46.295 -119.364    700.5    930.6
     1     1    17     8    22     6     0     0    -3.0   46.276 -119.337    699.7    931.2
     1     1    17     8    22     5     0     0    -4.0   46.272 -119.271    704.2    931.4
     1     1    17     8    22     4     0     0    -5.0   46.299 -119.208    709.2    929.9
     1     1    17     8    22     3     0     0    -6.0   46.345 -119.163    702.4    930.4
     1     1    17     8    22     2     0     0    -7.0   46.367 -119.124    695.8    932.4
     1     1    17     8    22     1     0     0    -8.0   46.352 -119.105    693.3    931.9
     1     1    17     8    22     0     0     0    -9.0   46.331 -119.065    684.8    933.0
     1     1    17     8    21    23     0     0   -10.0   46.342 -119.004    682.8    934.4
     1     1    17     8    21    22     0     0   -11.0   46.359 -119.020    683.3    932.6
     1     1    17     8    21    21     0     0   -12.0   46.355 -119.092    685.6    932.7
     1     1    17     8    21    20     0     0   -13.0   46.323 -119.126    690.7    933.3
     1     1    17     8    21    19     0     0   -14.0   46.322 -119.149    688.1    930.8
     1     1    17     8    21    18     0     0   -15.0   46.390 -119.192    666.9    933.3
     1     1    17     8    21    17     0     0   -16.0   46.423 -119.269    619.9    941.4
     1     1    17     8    21    16     0     0   -17.0   46.450 -119.345    596.3    943.6
     1     1    17     8    21    15     0     0   -18.0   46.455 -119.378    587.7    944.8
     1     1    17     8    21    14     0     0   -19.0   46.394 -119.385    580.8    945.4
     1     1    17     8    21    13     0     0   -20.0   46.380 -119.331    552.0    945.2
     1     1    17     8    21    12     0     0   -21.0   46.372 -119.251    535.8    949.2
     1     1    17     8    21    11     0     0   -22.0   46.350 -119.159    522.7    951.7
     1     1    17     8    21    10     0     0   -23.0   46.364 -119.082    523.0    950.7
     1     1    17     8    21     9     0     0   -24.0   46.381 -119.044    514.6    952.6
     1     1    17     8    21     8     0     0   -25.0   46.378 -118.993    510.5    952.5
     1     1    17     8    21     7     0     0   -26.0   46.375 -118.925    508.0    953.4
     1     1    17     8    21     6     0     0   -27.0   46.382 -118.870    508.2    952.5
     1     1    17     8    21     5     0     0   -28.0   46.386 -118.839    506.5    953.2
     1     1    17     8    21     4     0     0   -29.0   46.373 -118.831    504.8    953.2
     1     1    17     8    21     3     0     0   -30.0   46.343 -118.801    510.1    953.5
     1     1    17     8    21     2     0     0   -31.0   46.314 -118.779    507.6    952.2
     1     1    17     8    21     1     0     0   -32.0   46.298 -118.752    500.8    953.7
     1     1    17     8    21     0     0     0   -33.0   46.265 -118.713    497.4    954.0
     1     1    17     8    20    23     0     0   -34.0   46.217 -118.718    489.1    955.8
     1     1    17     8    20    22     0     0   -35.0   46.223 -118.748    488.5    955.4
     1     1    17     8    20    21     0     0   -36.0   46.263 -118.765    483.6    956.1
     1     1    17     8    20    20     0     0   -37.0   46.261 -118.760    478.6    956.4
     1     1    17     8    20    19     0     0   -38.0   46.222 -118.735    481.6    956.7
     1     1    17     8    20    18     0     0   -39.0   46.187 -118.628    481.2    954.3
     1     1    17     8    20    17     0     0   -40.0   46.155 -118.462    472.8    956.8
     1     1    17     8    20    16     0     0   -41.0   46.136 -118.290    469.6    956.6
     1     1    17     8    20    15     0     0   -42.0   46.109 -118.132    459.5    959.1
     1     1    17     8    20    14     0     0   -43.0   46.037 -118.078    458.8    958.5
     1     1    17     8    20    13     0     0   -44.0   45.954 -118.118    450.1    959.1
     1     1    17     8    20    12     0     0   -45.0   45.890 -118.125    437.9    961.6
     1     1    17     8    20    11     0     0   -46.0   45.837 -118.122    442.3    960.8
     1     1    17     8    20    10     0     0   -47.0   45.783 -118.150    446.6    960.1
     1     1    17     8    20     9     0     0   -48.0   45.738 -118.181    447.9    959.6
     1     1    17     8    20     8     0     0   -49.0   45.687 -118.182    449.2    960.4
     1     1    17     8    20     7     0     0   -50.0   45.614 -118.151    450.4    959.6
     1     1    17     8    20     6     0     0   -51.0   45.538 -118.115    453.4    959.1
     1     1    17     8    20     5     0     0   -52.0   45.458 -118.108    458.3    958.6
