     1     1
    SITE    10     3     1     0     0
     1 BACKWARD OMEGA   
    17     8     5    11   46.392 -119.412   700.0
     1 PRESSURE
     1     1    17     8     5    11     0     0     0.0   46.392 -119.412    700.0    931.4
     1     1    17     8     5    10     0     0    -1.0   46.485 -119.371    696.9    931.8
     1     1    17     8     5     9     0     0    -2.0   46.500 -119.378    702.3    930.8
     1     1    17     8     5     8     0     0    -3.0   46.450 -119.356    695.8    931.6
     1     1    17     8     5     7     0     0    -4.0   46.407 -119.332    697.7    933.2
     1     1    17     8     5     6     0     0    -5.0   46.365 -119.315    698.5    930.5
     1     1    17     8     5     5     0     0    -6.0   46.369 -119.269    684.1    932.5
     1     1    17     8     5     4     0     0    -7.0   46.403 -119.196    680.2    933.9
     1     1    17     8     5     3     0     0    -8.0   46.403 -119.143    679.7    934.1
     1     1    17     8     5     2     0     0    -9.0   46.364 -119.116    674.6    933.5
     1     1    17     8     5     1     0     0   -10.0   46.330 -119.083    673.6    936.0
     1     1    17     8     5     0     0     0   -11.0   46.343 -119.034    679.5    933.0
     1     1    17     8     4    23     0     0   -12.0   46.399 -118.988    669.8    934.3
     1     1    17     8     4    22     0     0   -13.0   46.427 -118.931    657.8    936.8
     1     1    17     8     4    21     0     0   -14.0   46.422 -118.934    643.6    937.8
     1     1    17     8     4    20     0     0   -15.0   46.441 -119.003    637.8    939.7
     1     1    17     8     4    19     0     0   -16.0   46.448 -118.995    631.9    939.8
     1     1    17     8     4    18     0     0   -17.0   46.472 -118.911    631.5    940.6
     1     1    17     8     4    17     0     0   -18.0   46.542 -118.802    632.1    939.7
     1     1    17     8     4    16     0     0   -19.0   46.610 -118.677    618.7    941.7
     1     1    17     8     4    15     0     0   -20.0   46.642 -118.567    614.4    941.3
     1     1    17     8     4    14     0     0   -21.0   46.664 -118.558    611.5    941.7
     1     1    17     8     4    13     0     0   -22.0   46.660 -118.629    611.5    941.3
     1     1    17     8     4    12     0     0   -23.0   46.617 -118.709    610.8    941.4
     1     1    17     8     4    11     0     0   -24.0   46.641 -118.769    609.5    942.1
     1     1    17     8     4    10     0     0   -25.0   46.756 -118.796    627.8    940.2
     1     1    17     8     4     9     0     0   -26.0   46.866 -118.831    639.5    938.5
     1     1    17     8     4     8     0     0   -27.0   46.898 -118.875    637.3    938.9
     1     1    17     8     4     7     0     0   -28.0   46.886 -118.913    634.8    939.5
     1     1    17     8     4     6     0     0   -29.0   46.866 -118.921    634.3    939.3
     1     1    17     8     4     5     0     0   -30.0   46.853 -118.947    631.6    939.4
     1     1    17     8     4     4     0     0   -31.0   46.818 -118.975    623.0    940.3
     1     1    17     8     4     3     0     0   -32.0   46.754 -118.946    633.9    939.8
     1     1    17     8     4     2     0     0   -33.0   46.698 -118.926    638.3    935.9
     1     1    17     8     4     1     0     0   -34.0   46.641 -118.930    625.0    940.5
     1     1    17     8     4     0     0     0   -35.0   46.588 -118.922    619.6    941.5
     1     1    17     8     3    23     0     0   -36.0   46.530 -118.928    621.6    940.7
     1     1    17     8     3    22     0     0   -37.0   46.460 -118.936    623.5    940.5
     1     1    17     8     3    21     0     0   -38.0   46.384 -118.901    632.7    939.9
     1     1    17     8     3    20     0     0   -39.0   46.290 -118.885    642.9    937.9
     1     1    17     8     3    19     0     0   -40.0   46.187 -118.906    640.8    938.0
     1     1    17     8     3    18     0     0   -41.0   46.091 -118.885    620.9    941.2
     1     1    17     8     3    17     0     0   -42.0   46.051 -118.783    631.9    939.3
     1     1    17     8     3    16     0     0   -43.0   46.086 -118.655    639.3    938.6
     1     1    17     8     3    15     0     0   -44.0   46.129 -118.546    637.5    938.7
     1     1    17     8     3    14     0     0   -45.0   46.104 -118.490    637.8    938.8
     1     1    17     8     3    13     0     0   -46.0   46.094 -118.451    624.1    940.3
     1     1    17     8     3    12     0     0   -47.0   46.154 -118.377    615.1    942.0
     1     1    17     8     3    11     0     0   -48.0   46.188 -118.419    632.2    941.6
     1     1    17     8     3    10     0     0   -49.0   46.156 -118.505    626.6    940.0
     1     1    17     8     3     9     0     0   -50.0   46.097 -118.507    622.7    940.8
     1     1    17     8     3     8     0     0   -51.0   46.060 -118.477    625.0    939.7
     1     1    17     8     3     7     0     0   -52.0   46.034 -118.446    620.9    940.8
     1     1    17     8     3     6     0     0   -53.0   46.029 -118.450    621.0    941.3
     1     1    17     8     3     5     0     0   -54.0   46.024 -118.461    621.9    940.3
     1     1    17     8     3     4     0     0   -55.0   46.037 -118.426    614.5    940.8
     1     1    17     8     3     3     0     0   -56.0   46.096 -118.376    605.9    941.8
     1     1    17     8     3     2     0     0   -57.0   46.164 -118.346    593.2    943.2
     1     1    17     8     3     1     0     0   -58.0   46.195 -118.285    591.8    943.8
     1     1    17     8     3     0     0     0   -59.0   46.174 -118.251    593.6    943.6
     1     1    17     8     2    23     0     0   -60.0   46.152 -118.223    594.6    943.1
     1     1    17     8     2    22     0     0   -61.0   46.120 -118.181    591.2    943.5
     1     1    17     8     2    21     0     0   -62.0   46.117 -118.196    592.3    944.1
     1     1    17     8     2    20     0     0   -63.0   46.131 -118.173    590.6    941.9
     1     1    17     8     2    19     0     0   -64.0   46.159 -118.146    574.3    946.4
     1     1    17     8     2    18     0     0   -65.0   46.256 -118.148    571.9    945.3
     1     1    17     8     2    17     0     0   -66.0   46.395 -118.103    559.8    947.2
     1     1    17     8     2    16     0     0   -67.0   46.542 -118.012    565.5    946.8
     1     1    17     8     2    15     0     0   -68.0   46.675 -117.902    577.9    945.8
