     1     1
    SITE    10     3     1     0     0
     1 BACKWARD OMEGA   
    17     8    19     5   46.392 -119.412   700.0
     1 PRESSURE
     1     1    17     8    19     5     0     0     0.0   46.392 -119.412    700.0    931.4
     1     1    17     8    19     4     0     0    -1.0   46.312 -119.440    690.7    932.5
     1     1    17     8    19     3     0     0    -2.0   46.233 -119.502    688.5    933.3
     1     1    17     8    19     2     0     0    -3.0   46.245 -119.633    674.3    933.2
     1     1    17     8    19     1     0     0    -4.0   46.330 -119.766    687.2    932.9
     1     1    17     8    19     0     0     0    -5.0   46.412 -119.882    714.6    929.9
     1     1    17     8    18    23     0     0    -6.0   46.539 -120.086    679.8    934.0
     1     1    17     8    18    22     0     0    -7.0   46.717 -120.345    686.7    932.2
     1     1    17     8    18    21     0     0    -8.0   46.872 -120.555    701.1    931.6
     1     1    17     8    18    20     0     0    -9.0   47.025 -120.736    721.6    929.2
