     1     1
    SITE    10     3     1     0     0
     1 BACKWARD OMEGA   
    17     8    27     3   46.392 -119.412   700.0
     1 PRESSURE
     1     1    17     8    27     3     0     0     0.0   46.392 -119.412    700.0    931.4
     1     1    17     8    27     2     0     0    -1.0   46.404 -119.333    723.8    928.7
     1     1    17     8    27     1     0     0    -2.0   46.413 -119.267    743.6    925.7
     1     1    17     8    27     0     0     0    -3.0   46.406 -119.218    752.4    925.0
     1     1    17     8    26    23     0     0    -4.0   46.416 -119.170    757.9    924.7
     1     1    17     8    26    22     0     0    -5.0   46.453 -119.117    767.5    924.1
     1     1    17     8    26    21     0     0    -6.0   46.463 -119.108    774.7    922.3
     1     1    17     8    26    20     0     0    -7.0   46.447 -119.140    778.1    922.9
     1     1    17     8    26    19     0     0    -8.0   46.437 -119.114    781.3    921.7
     1     1    17     8    26    18     0     0    -9.0   46.465 -119.053    784.2    922.1
     1     1    17     8    26    17     0     0   -10.0   46.530 -119.001    797.1    921.6
     1     1    17     8    26    16     0     0   -11.0   46.602 -118.938    805.6    918.9
     1     1    17     8    26    15     0     0   -12.0   46.676 -118.874    810.6    918.8
     1     1    17     8    26    14     0     0   -13.0   46.705 -118.794    807.3    919.4
     1     1    17     8    26    13     0     0   -14.0   46.710 -118.692    799.3    920.1
     1     1    17     8    26    12     0     0   -15.0   46.727 -118.588    809.3    919.8
     1     1    17     8    26    11     0     0   -16.0   46.730 -118.494    821.0    917.5
     1     1    17     8    26    10     0     0   -17.0   46.739 -118.414    812.1    918.2
     1     1    17     8    26     9     0     0   -18.0   46.762 -118.348    795.9    920.5
     1     1    17     8    26     8     0     0   -19.0   46.777 -118.297    795.8    922.0
     1     1    17     8    26     7     0     0   -20.0   46.794 -118.237    800.8    919.0
     1     1    17     8    26     6     0     0   -21.0   46.798 -118.175    795.4    920.8
     1     1    17     8    26     5     0     0   -22.0   46.791 -118.149    790.7    921.7
     1     1    17     8    26     4     0     0   -23.0   46.804 -118.099    785.2    921.1
     1     1    17     8    26     3     0     0   -24.0   46.831 -118.014    791.2    922.1
     1     1    17     8    26     2     0     0   -25.0   46.837 -117.949    810.9    919.2
     1     1    17     8    26     1     0     0   -26.0   46.813 -117.917    820.6    917.8
