     1     1
    SITE    10     3     1     0     0
     1 BACKWARD OMEGA   
    17     8    29     0   46.392 -119.412   700.0
     1 PRESSURE
     1     1    17     8    29     0     0     0     0.0   46.392 -119.412    700.0    931.4
     1     1    17     8    28    23     0     0    -1.0   46.353 -119.422    697.4    931.7
     1     1    17     8    28    22     0     0    -2.0   46.324 -119.405    688.1    931.6
     1     1    17     8    28    21     0     0    -3.0   46.299 -119.370    672.6    935.6
     1     1    17     8    28    20     0     0    -4.0   46.274 -119.397    681.8    935.5
     1     1    17     8    28    19     0     0    -5.0   46.236 -119.436    698.0    930.8
     1     1    17     8    28    18     0     0    -6.0   46.248 -119.486    706.2    930.7
     1     1    17     8    28    17     0     0    -7.0   46.331 -119.577    728.9    927.6
     1     1    17     8    28    16     0     0    -8.0   46.420 -119.627    711.9    928.6
     1     1    17     8    28    15     0     0    -9.0   46.509 -119.645    696.8    932.1
     1     1    17     8    28    14     0     0   -10.0   46.511 -119.650    692.7    932.0
     1     1    17     8    28    13     0     0   -11.0   46.416 -119.664    672.3    934.5
     1     1    17     8    28    12     0     0   -12.0   46.406 -119.632    654.5    936.9
     1     1    17     8    28    11     0     0   -13.0   46.488 -119.586    656.8    936.0
     1     1    17     8    28    10     0     0   -14.0   46.486 -119.592    637.3    938.9
     1     1    17     8    28     9     0     0   -15.0   46.495 -119.618    634.7    939.9
     1     1    17     8    28     8     0     0   -16.0   46.500 -119.648    634.9    938.3
     1     1    17     8    28     7     0     0   -17.0   46.440 -119.621    620.5    940.6
     1     1    17     8    28     6     0     0   -18.0   46.396 -119.622    611.7    941.8
     1     1    17     8    28     5     0     0   -19.0   46.354 -119.596    612.4    944.1
     1     1    17     8    28     4     0     0   -20.0   46.313 -119.528    622.2    940.2
     1     1    17     8    28     3     0     0   -21.0   46.266 -119.565    609.9    941.2
     1     1    17     8    28     2     0     0   -22.0   46.259 -119.593    605.1    943.0
     1     1    17     8    28     1     0     0   -23.0   46.266 -119.546    608.5    941.9
     1     1    17     8    28     0     0     0   -24.0   46.245 -119.488    603.9    941.3
     1     1    17     8    27    23     0     0   -25.0   46.213 -119.430    598.0    944.4
     1     1    17     8    27    22     0     0   -26.0   46.193 -119.362    597.1    942.5
     1     1    17     8    27    21     0     0   -27.0   46.179 -119.301    600.3    943.3
     1     1    17     8    27    20     0     0   -28.0   46.152 -119.275    607.2    942.1
     1     1    17     8    27    19     0     0   -29.0   46.125 -119.278    608.8    941.3
     1     1    17     8    27    18     0     0   -30.0   46.112 -119.269    603.3    942.6
     1     1    17     8    27    17     0     0   -31.0   46.106 -119.247    598.5    943.1
     1     1    17     8    27    16     0     0   -32.0   46.093 -119.210    595.7    943.5
     1     1    17     8    27    15     0     0   -33.0   46.066 -119.142    602.4    943.7
     1     1    17     8    27    14     0     0   -34.0   46.027 -119.062    616.1    940.3
     1     1    17     8    27    13     0     0   -35.0   45.988 -118.985    620.8    940.8
     1     1    17     8    27    12     0     0   -36.0   45.990 -118.921    616.8    940.3
     1     1    17     8    27    11     0     0   -37.0   45.985 -118.870    606.0    943.0
     1     1    17     8    27    10     0     0   -38.0   45.951 -118.821    599.6    943.9
     1     1    17     8    27     9     0     0   -39.0   45.941 -118.764    602.5    941.9
     1     1    17     8    27     8     0     0   -40.0   45.939 -118.701    590.5    943.0
     1     1    17     8    27     7     0     0   -41.0   45.953 -118.639    577.3    946.1
     1     1    17     8    27     6     0     0   -42.0   45.971 -118.629    577.1    946.0
     1     1    17     8    27     5     0     0   -43.0   45.965 -118.636    581.7    944.7
     1     1    17     8    27     4     0     0   -44.0   45.976 -118.598    591.7    944.4
     1     1    17     8    27     3     0     0   -45.0   46.000 -118.532    592.8    942.3
     1     1    17     8    27     2     0     0   -46.0   46.010 -118.454    593.1    944.8
     1     1    17     8    27     1     0     0   -47.0   46.020 -118.388    600.0    942.6
     1     1    17     8    27     0     0     0   -48.0   46.014 -118.338    595.7    942.7
     1     1    17     8    26    23     0     0   -49.0   46.025 -118.290    592.5    944.9
     1     1    17     8    26    22     0     0   -50.0   46.061 -118.236    610.1    942.4
     1     1    17     8    26    21     0     0   -51.0   46.071 -118.228    621.1    939.4
     1     1    17     8    26    20     0     0   -52.0   46.056 -118.259    624.8    940.0
     1     1    17     8    26    19     0     0   -53.0   46.044 -118.235    623.1    940.2
     1     1    17     8    26    18     0     0   -54.0   46.073 -118.175    608.7    941.2
     1     1    17     8    26    17     0     0   -55.0   46.138 -118.121    603.3    944.7
     1     1    17     8    26    16     0     0   -56.0   46.207 -118.055    617.2    940.9
     1     1    17     8    26    15     0     0   -57.0   46.280 -117.990    630.5    939.5
     1     1    17     8    26    14     0     0   -58.0   46.311 -117.913    628.5    939.9
