     1     1
    SITE    10     3     1     0     0
     1 BACKWARD OMEGA   
    17     8    27    21   46.392 -119.412   700.0
     1 PRESSURE
     1     1    17     8    27    21     0     0     0.0   46.392 -119.412    700.0    931.4
     1     1    17     8    27    20     0     0    -1.0   46.366 -119.386    706.4    930.7
     1     1    17     8    27    19     0     0    -2.0   46.339 -119.387    711.9    930.0
     1     1    17     8    27    18     0     0    -3.0   46.328 -119.378    717.5    929.5
     1     1    17     8    27    17     0     0    -4.0   46.322 -119.356    724.2    928.3
     1     1    17     8    27    16     0     0    -5.0   46.307 -119.318    722.2    928.2
     1     1    17     8    27    15     0     0    -6.0   46.281 -119.251    715.9    929.4
     1     1    17     8    27    14     0     0    -7.0   46.244 -119.171    720.4    930.8
     1     1    17     8    27    13     0     0    -8.0   46.204 -119.092    729.1    926.7
     1     1    17     8    27    12     0     0    -9.0   46.207 -119.024    731.3    928.4
     1     1    17     8    27    11     0     0   -10.0   46.200 -118.974    757.2    925.9
     1     1    17     8    27    10     0     0   -11.0   46.165 -118.925    772.8    922.4
     1     1    17     8    27     9     0     0   -12.0   46.156 -118.869    783.2    921.6
     1     1    17     8    27     8     0     0   -13.0   46.154 -118.806    789.2    921.2
     1     1    17     8    27     7     0     0   -14.0   46.167 -118.744    793.7    920.6
     1     1    17     8    27     6     0     0   -15.0   46.184 -118.734    792.6    921.1
     1     1    17     8    27     5     0     0   -16.0   46.176 -118.741    793.7    920.8
     1     1    17     8    27     4     0     0   -17.0   46.189 -118.702    793.1    921.0
     1     1    17     8    27     3     0     0   -18.0   46.215 -118.631    808.0    919.1
     1     1    17     8    27     2     0     0   -19.0   46.227 -118.553    810.8    918.0
     1     1    17     8    27     1     0     0   -20.0   46.238 -118.488    807.6    919.6
     1     1    17     8    27     0     0     0   -21.0   46.230 -118.438    802.7    919.6
     1     1    17     8    26    23     0     0   -22.0   46.240 -118.390    794.8    920.5
     1     1    17     8    26    22     0     0   -23.0   46.276 -118.335    781.7    922.0
     1     1    17     8    26    21     0     0   -24.0   46.287 -118.325    776.5    923.7
     1     1    17     8    26    20     0     0   -25.0   46.272 -118.357    775.6    922.1
     1     1    17     8    26    19     0     0   -26.0   46.261 -118.331    767.3    923.6
     1     1    17     8    26    18     0     0   -27.0   46.290 -118.269    766.4    923.8
     1     1    17     8    26    17     0     0   -28.0   46.355 -118.218    756.5    923.4
     1     1    17     8    26    16     0     0   -29.0   46.427 -118.156    753.7    925.8
     1     1    17     8    26    15     0     0   -30.0   46.500 -118.093    756.9    925.8
     1     1    17     8    26    14     0     0   -31.0   46.531 -118.014    777.8    922.6
     1     1    17     8    26    13     0     0   -32.0   46.536 -117.916    789.7    920.9
