     1     1
    SITE    10     3     1     0     0
     1 BACKWARD OMEGA   
    17     8    25    10   46.392 -119.412   700.0
     1 PRESSURE
     1     1    17     8    25    10     0     0     0.0   46.392 -119.412    700.0    931.4
     1     1    17     8    25     9     0     0    -1.0   46.357 -119.430    704.8    930.8
     1     1    17     8    25     8     0     0    -2.0   46.316 -119.420    701.8    931.2
     1     1    17     8    25     7     0     0    -3.0   46.281 -119.398    691.0    931.5
     1     1    17     8    25     6     0     0    -4.0   46.247 -119.356    687.2    935.2
     1     1    17     8    25     5     0     0    -5.0   46.198 -119.344    697.9    931.3
     1     1    17     8    25     4     0     0    -6.0   46.150 -119.355    710.5    930.4
     1     1    17     8    25     3     0     0    -7.0   46.109 -119.376    714.8    928.4
     1     1    17     8    25     2     0     0    -8.0   46.068 -119.413    717.5    930.4
     1     1    17     8    25     1     0     0    -9.0   46.047 -119.464    722.9    928.1
     1     1    17     8    25     0     0     0   -10.0   46.016 -119.505    712.3    928.4
     1     1    17     8    24    23     0     0   -11.0   45.983 -119.551    709.1    931.4
     1     1    17     8    24    22     0     0   -12.0   46.017 -119.682    683.7    929.4
     1     1    17     8    24    21     0     0   -13.0   46.129 -119.887    671.2    934.3
     1     1    17     8    24    20     0     0   -14.0   46.278 -120.113    637.4    939.2
     1     1    17     8    24    19     0     0   -15.0   46.455 -120.357    655.7    934.2
     1     1    17     8    24    18     0     0   -16.0   46.671 -120.629    643.5    938.1
