     1     1
    SITE    10     3     1     0     0
     1 BACKWARD OMEGA   
    17     8    24     5   46.392 -119.412   700.0
     1 PRESSURE
     1     1    17     8    24     5     0     0     0.0   46.392 -119.412    700.0    931.4
     1     1    17     8    24     4     0     0    -1.0   46.396 -119.475    685.9    933.1
     1     1    17     8    24     3     0     0    -2.0   46.359 -119.491    682.3    934.7
     1     1    17     8    24     2     0     0    -3.0   46.308 -119.493    682.3    931.7
     1     1    17     8    24     1     0     0    -4.0   46.265 -119.488    672.7    936.1
     1     1    17     8    24     0     0     0    -5.0   46.262 -119.464    679.4    934.4
     1     1    17     8    23    23     0     0    -6.0   46.261 -119.461    685.8    932.2
     1     1    17     8    23    22     0     0    -7.0   46.230 -119.487    672.0    933.9
     1     1    17     8    23    21     0     0    -8.0   46.192 -119.559    670.2    937.1
     1     1    17     8    23    20     0     0    -9.0   46.123 -119.588    696.0    931.9
     1     1    17     8    23    19     0     0   -10.0   46.057 -119.529    710.7    930.9
     1     1    17     8    23    18     0     0   -11.0   45.995 -119.460    713.2    929.0
     1     1    17     8    23    17     0     0   -12.0   45.922 -119.378    688.6    932.7
     1     1    17     8    23    16     0     0   -13.0   45.854 -119.254    672.8    933.5
     1     1    17     8    23    15     0     0   -14.0   45.751 -119.134    662.7    936.1
     1     1    17     8    23    14     0     0   -15.0   45.637 -119.006    654.3    936.5
     1     1    17     8    23    13     0     0   -16.0   45.506 -118.881    638.9    938.3
