     1     1
    SITE    10     3     1     0     0
     1 BACKWARD OMEGA   
    17     8    14     8   46.392 -119.412   700.0
     1 PRESSURE
     1     1    17     8    14     8     0     0     0.0   46.392 -119.412    700.0    931.4
     1     1    17     8    14     7     0     0    -1.0   46.310 -119.387    716.7    929.5
     1     1    17     8    14     6     0     0    -2.0   46.224 -119.373    719.7    927.7
     1     1    17     8    14     5     0     0    -3.0   46.138 -119.367    713.1    930.7
     1     1    17     8    14     4     0     0    -4.0   46.058 -119.365    721.2    928.9
     1     1    17     8    14     3     0     0    -5.0   45.966 -119.361    709.1    930.9
     1     1    17     8    14     2     0     0    -6.0   45.856 -119.367    706.0    931.2
     1     1    17     8    14     1     0     0    -7.0   45.750 -119.382    706.4    930.4
     1     1    17     8    14     0     0     0    -8.0   45.678 -119.356    689.6    932.1
     1     1    17     8    13    23     0     0    -9.0   45.657 -119.407    679.3    934.2
     1     1    17     8    13    22     0     0   -10.0   45.681 -119.588    688.3    933.1
     1     1    17     8    13    21     0     0   -11.0   45.755 -119.805    715.5    929.7
     1     1    17     8    13    20     0     0   -12.0   45.906 -120.073    765.2    925.9
     1     1    17     8    13    19     0     0   -13.0   46.093 -120.338    772.7    922.8
     1     1    17     8    13    18     0     0   -14.0   46.250 -120.568    758.8    925.8
