     1     1
    SITE    10     3     1     0     0
     1 BACKWARD OMEGA   
    17     8     6    15   46.392 -119.412   700.0
     1 PRESSURE
     1     1    17     8     6    15     0     0     0.0   46.392 -119.412    700.0    931.4
     1     1    17     8     6    14     0     0    -1.0   46.406 -119.330    702.4    931.1
     1     1    17     8     6    13     0     0    -2.0   46.411 -119.257    694.9    931.2
     1     1    17     8     6    12     0     0    -3.0   46.371 -119.185    675.2    935.1
     1     1    17     8     6    11     0     0    -4.0   46.328 -119.129    657.8    936.0
     1     1    17     8     6    10     0     0    -5.0   46.313 -119.074    643.8    938.7
     1     1    17     8     6     9     0     0    -6.0   46.329 -119.003    643.3    937.9
     1     1    17     8     6     8     0     0    -7.0   46.324 -118.930    633.2    938.5
     1     1    17     8     6     7     0     0    -8.0   46.351 -118.840    600.7    941.4
     1     1    17     8     6     6     0     0    -9.0   46.378 -118.754    592.8    944.0
     1     1    17     8     6     5     0     0   -10.0   46.356 -118.706    593.5    943.2
     1     1    17     8     6     4     0     0   -11.0   46.333 -118.705    597.0    944.1
     1     1    17     8     6     3     0     0   -12.0   46.299 -118.707    601.4    942.0
     1     1    17     8     6     2     0     0   -13.0   46.273 -118.679    598.3    942.9
     1     1    17     8     6     1     0     0   -14.0   46.235 -118.652    609.8    943.5
     1     1    17     8     6     0     0     0   -15.0   46.186 -118.658    626.0    938.1
     1     1    17     8     5    23     0     0   -16.0   46.202 -118.634    643.0    940.7
     1     1    17     8     5    22     0     0   -17.0   46.232 -118.577    659.7    934.0
     1     1    17     8     5    21     0     0   -18.0   46.215 -118.546    651.6    936.4
     1     1    17     8     5    20     0     0   -19.0   46.159 -118.556    643.0    938.2
     1     1    17     8     5    19     0     0   -20.0   46.086 -118.603    642.9    938.2
     1     1    17     8     5    18     0     0   -21.0   46.018 -118.609    646.9    937.9
     1     1    17     8     5    17     0     0   -22.0   46.009 -118.537    650.0    937.5
     1     1    17     8     5    16     0     0   -23.0   46.049 -118.421    666.5    935.1
     1     1    17     8     5    15     0     0   -24.0   46.093 -118.296    673.2    934.0
     1     1    17     8     5    14     0     0   -25.0   46.141 -118.177    683.9    933.8
     1     1    17     8     5    13     0     0   -26.0   46.176 -118.061    700.6    931.7
     1     1    17     8     5    12     0     0   -27.0   46.233 -117.972    738.3    928.4
