     1     1
    SITE    10     3     1     0     0
     1 BACKWARD OMEGA   
    17     8     8    20   46.392 -119.412   700.0
     1 PRESSURE
     1     1    17     8     8    20     0     0     0.0   46.392 -119.412    700.0    931.4
     1     1    17     8     8    19     0     0    -1.0   46.382 -119.434    693.2    932.2
     1     1    17     8     8    18     0     0    -2.0   46.393 -119.366    695.0    931.7
     1     1    17     8     8    17     0     0    -3.0   46.431 -119.272    698.4    933.0
     1     1    17     8     8    16     0     0    -4.0   46.481 -119.173    707.4    931.2
     1     1    17     8     8    15     0     0    -5.0   46.506 -119.061    715.7    929.6
     1     1    17     8     8    14     0     0    -6.0   46.487 -118.947    732.0    927.6
     1     1    17     8     8    13     0     0    -7.0   46.445 -118.862    734.6    926.8
     1     1    17     8     8    12     0     0    -8.0   46.424 -118.775    723.6    929.2
     1     1    17     8     8    11     0     0    -9.0   46.441 -118.680    719.2    929.5
     1     1    17     8     8    10     0     0   -10.0   46.467 -118.593    722.2    928.6
     1     1    17     8     8     9     0     0   -11.0   46.472 -118.521    720.7    928.8
     1     1    17     8     8     8     0     0   -12.0   46.467 -118.470    723.0    928.7
     1     1    17     8     8     7     0     0   -13.0   46.466 -118.433    725.6    928.5
     1     1    17     8     8     6     0     0   -14.0   46.451 -118.412    728.2    928.3
     1     1    17     8     8     5     0     0   -15.0   46.424 -118.404    732.4    927.7
     1     1    17     8     8     4     0     0   -16.0   46.421 -118.375    732.7    926.9
     1     1    17     8     8     3     0     0   -17.0   46.437 -118.331    725.9    928.8
     1     1    17     8     8     2     0     0   -18.0   46.427 -118.322    723.1    928.9
     1     1    17     8     8     1     0     0   -19.0   46.400 -118.335    728.0    929.2
     1     1    17     8     8     0     0     0   -20.0   46.353 -118.341    735.5    926.7
     1     1    17     8     7    23     0     0   -21.0   46.303 -118.362    738.0    926.8
     1     1    17     8     7    22     0     0   -22.0   46.273 -118.412    733.2    926.9
     1     1    17     8     7    21     0     0   -23.0   46.245 -118.437    721.0    928.9
     1     1    17     8     7    20     0     0   -24.0   46.202 -118.432    705.6    930.5
     1     1    17     8     7    19     0     0   -25.0   46.136 -118.425    686.4    932.5
     1     1    17     8     7    18     0     0   -26.0   46.051 -118.394    669.2    935.2
     1     1    17     8     7    17     0     0   -27.0   45.960 -118.356    675.1    934.2
     1     1    17     8     7    16     0     0   -28.0   45.871 -118.305    667.9    935.1
     1     1    17     8     7    15     0     0   -29.0   45.791 -118.221    659.5    936.5
     1     1    17     8     7    14     0     0   -30.0   45.719 -118.146    663.5    935.6
     1     1    17     8     7    13     0     0   -31.0   45.652 -118.090    655.1    936.6
     1     1    17     8     7    12     0     0   -32.0   45.594 -118.062    645.6    937.8
     1     1    17     8     7    11     0     0   -33.0   45.582 -118.028    646.2    939.3
     1     1    17     8     7    10     0     0   -34.0   45.613 -117.954    686.1    935.9
