     1     1
    SITE    10     3     1     0     0
     1 BACKWARD OMEGA   
    17     8    24     8   46.392 -119.412   700.0
     1 PRESSURE
     1     1    17     8    24     8     0     0     0.0   46.392 -119.412    700.0    931.4
     1     1    17     8    24     7     0     0    -1.0   46.470 -119.639    673.8    934.5
     1     1    17     8    24     6     0     0    -2.0   46.468 -119.765    682.5    933.2
     1     1    17     8    24     5     0     0    -3.0   46.457 -119.828    691.4    932.8
     1     1    17     8    24     4     0     0    -4.0   46.463 -119.894    701.8    929.5
     1     1    17     8    24     3     0     0    -5.0   46.427 -119.910    699.4    931.2
     1     1    17     8    24     2     0     0    -6.0   46.375 -119.911    697.0    931.6
     1     1    17     8    24     1     0     0    -7.0   46.333 -119.905    688.3    932.1
     1     1    17     8    24     0     0     0    -8.0   46.330 -119.881    679.3    935.0
     1     1    17     8    23    23     0     0    -9.0   46.329 -119.878    681.8    933.9
     1     1    17     8    23    22     0     0   -10.0   46.298 -119.902    686.9    932.3
     1     1    17     8    23    21     0     0   -11.0   46.258 -119.973    665.1    933.1
     1     1    17     8    23    20     0     0   -12.0   46.188 -120.007    659.6    937.1
     1     1    17     8    23    19     0     0   -13.0   46.121 -119.948    679.7    933.7
     1     1    17     8    23    18     0     0   -14.0   46.061 -119.880    708.7    930.7
     1     1    17     8    23    17     0     0   -15.0   45.988 -119.799    720.1    928.6
     1     1    17     8    23    16     0     0   -16.0   45.917 -119.677    703.6    931.5
     1     1    17     8    23    15     0     0   -17.0   45.812 -119.555    728.8    927.2
     1     1    17     8    23    14     0     0   -18.0   45.696 -119.428    736.4    927.6
     1     1    17     8    23    13     0     0   -19.0   45.566 -119.308    729.5    929.2
     1     1    17     8    23    12     0     0   -20.0   45.403 -119.197    796.2    920.1
