     1     1
    SITE    10     3     1     0     0
     1 BACKWARD OMEGA   
    17     8    22     1   46.392 -119.412   700.0
     1 PRESSURE
     1     1    17     8    22     1     0     0     0.0   46.392 -119.412    700.0    931.4
     1     1    17     8    22     0     0     0    -1.0   46.371 -119.374    692.8    932.3
     1     1    17     8    21    23     0     0    -2.0   46.380 -119.317    690.9    933.4
     1     1    17     8    21    22     0     0    -3.0   46.396 -119.335    688.2    932.1
     1     1    17     8    21    21     0     0    -4.0   46.392 -119.405    683.8    934.0
     1     1    17     8    21    20     0     0    -5.0   46.360 -119.437    683.5    933.2
     1     1    17     8    21    19     0     0    -6.0   46.359 -119.455    687.4    934.6
     1     1    17     8    21    18     0     0    -7.0   46.426 -119.497    706.1    930.9
     1     1    17     8    21    17     0     0    -8.0   46.459 -119.575    704.1    930.5
     1     1    17     8    21    16     0     0    -9.0   46.486 -119.652    705.4    931.3
     1     1    17     8    21    15     0     0   -10.0   46.490 -119.683    710.2    928.8
     1     1    17     8    21    14     0     0   -11.0   46.428 -119.685    703.5    932.4
     1     1    17     8    21    13     0     0   -12.0   46.409 -119.629    709.0    930.8
     1     1    17     8    21    12     0     0   -13.0   46.398 -119.550    698.8    930.3
     1     1    17     8    21    11     0     0   -14.0   46.376 -119.460    697.8    933.1
     1     1    17     8    21    10     0     0   -15.0   46.390 -119.382    700.2    931.6
     1     1    17     8    21     9     0     0   -16.0   46.407 -119.344    699.7    930.9
     1     1    17     8    21     8     0     0   -17.0   46.405 -119.292    701.3    932.0
     1     1    17     8    21     7     0     0   -18.0   46.402 -119.222    712.9    930.4
     1     1    17     8    21     6     0     0   -19.0   46.408 -119.167    715.0    928.3
     1     1    17     8    21     5     0     0   -20.0   46.412 -119.137    706.1    930.9
     1     1    17     8    21     4     0     0   -21.0   46.399 -119.129    709.7    931.4
     1     1    17     8    21     3     0     0   -22.0   46.367 -119.101    701.4    929.5
     1     1    17     8    21     2     0     0   -23.0   46.336 -119.080    693.4    934.1
     1     1    17     8    21     1     0     0   -24.0   46.320 -119.056    682.9    931.3
     1     1    17     8    21     0     0     0   -25.0   46.288 -119.019    667.1    935.0
     1     1    17     8    20    23     0     0   -26.0   46.240 -119.023    660.0    936.8
     1     1    17     8    20    22     0     0   -27.0   46.246 -119.052    659.7    936.4
     1     1    17     8    20    21     0     0   -28.0   46.287 -119.067    662.2    936.7
     1     1    17     8    20    20     0     0   -29.0   46.286 -119.061    670.2    934.7
     1     1    17     8    20    19     0     0   -30.0   46.247 -119.036    674.0    934.5
     1     1    17     8    20    18     0     0   -31.0   46.210 -118.932    681.2    935.1
     1     1    17     8    20    17     0     0   -32.0   46.178 -118.768    677.5    935.4
     1     1    17     8    20    16     0     0   -33.0   46.155 -118.601    664.5    933.9
     1     1    17     8    20    15     0     0   -34.0   46.125 -118.444    647.1    937.0
     1     1    17     8    20    14     0     0   -35.0   46.054 -118.390    639.2    940.0
     1     1    17     8    20    13     0     0   -36.0   45.971 -118.435    668.5    935.9
     1     1    17     8    20    12     0     0   -37.0   45.906 -118.443    683.3    933.1
     1     1    17     8    20    11     0     0   -38.0   45.852 -118.443    678.3    933.8
     1     1    17     8    20    10     0     0   -39.0   45.798 -118.469    669.7    934.9
     1     1    17     8    20     9     0     0   -40.0   45.752 -118.498    672.9    936.1
     1     1    17     8    20     8     0     0   -41.0   45.701 -118.501    675.9    932.8
     1     1    17     8    20     7     0     0   -42.0   45.631 -118.472    652.2    937.6
     1     1    17     8    20     6     0     0   -43.0   45.555 -118.440    653.0    937.5
     1     1    17     8    20     5     0     0   -44.0   45.472 -118.434    664.8    935.2
     1     1    17     8    20     4     0     0   -45.0   45.385 -118.444    665.2    935.4
