     1     1
    SITE    10     3     1     0     0
     1 BACKWARD OMEGA   
    17     8    11    11   46.392 -119.412   700.0
     1 PRESSURE
     1     1    17     8    11    11     0     0     0.0   46.392 -119.412    700.0    931.4
     1     1    17     8    11    10     0     0    -1.0   46.385 -119.339    698.4    931.6
     1     1    17     8    11     9     0     0    -2.0   46.413 -119.253    707.2    930.1
     1     1    17     8    11     8     0     0    -3.0   46.456 -119.159    709.8    929.9
     1     1    17     8    11     7     0     0    -4.0   46.514 -119.081    727.7    929.7
     1     1    17     8    11     6     0     0    -5.0   46.566 -119.019    752.2    924.6
     1     1    17     8    11     5     0     0    -6.0   46.554 -118.994    761.2    923.1
     1     1    17     8    11     4     0     0    -7.0   46.512 -119.031    769.5    923.0
     1     1    17     8    11     3     0     0    -8.0   46.473 -119.060    758.6    923.1
     1     1    17     8    11     2     0     0    -9.0   46.437 -119.019    756.5    926.6
     1     1    17     8    11     1     0     0   -10.0   46.415 -118.969    760.4    924.8
     1     1    17     8    11     0     0     0   -11.0   46.392 -118.941    764.2    923.6
     1     1    17     8    10    23     0     0   -12.0   46.352 -118.930    764.7    924.1
     1     1    17     8    10    22     0     0   -13.0   46.315 -118.976    770.0    923.7
     1     1    17     8    10    21     0     0   -14.0   46.305 -118.998    783.6    920.6
     1     1    17     8    10    20     0     0   -15.0   46.314 -119.005    778.9    921.2
     1     1    17     8    10    19     0     0   -16.0   46.306 -119.067    767.5    923.8
     1     1    17     8    10    18     0     0   -17.0   46.297 -119.041    774.7    925.0
     1     1    17     8    10    17     0     0   -18.0   46.329 -118.912    785.0    922.6
     1     1    17     8    10    16     0     0   -19.0   46.371 -118.781    806.1    919.5
     1     1    17     8    10    15     0     0   -20.0   46.409 -118.652    827.5    917.3
     1     1    17     8    10    14     0     0   -21.0   46.446 -118.528    839.6    915.9
     1     1    17     8    10    13     0     0   -22.0   46.479 -118.418    836.3    915.6
     1     1    17     8    10    12     0     0   -23.0   46.496 -118.319    834.0    916.5
     1     1    17     8    10    11     0     0   -24.0   46.521 -118.239    843.1    915.5
     1     1    17     8    10    10     0     0   -25.0   46.534 -118.178    832.0    914.4
     1     1    17     8    10     9     0     0   -26.0   46.498 -118.101    821.6    920.7
     1     1    17     8    10     8     0     0   -27.0   46.433 -118.026    820.3    916.6
     1     1    17     8    10     7     0     0   -28.0   46.376 -117.978    811.8    918.8
     1     1    17     8    10     6     0     0   -29.0   46.363 -117.928    802.4    919.1
