     1     1
    SITE    10     3     1     0     0
     1 BACKWARD OMEGA   
    17     8    26     8   46.392 -119.412   700.0
     1 PRESSURE
     1     1    17     8    26     8     0     0     0.0   46.392 -119.412    700.0    931.4
     1     1    17     8    26     7     0     0    -1.0   46.408 -119.351    699.6    931.4
     1     1    17     8    26     6     0     0    -2.0   46.413 -119.290    699.8    931.6
     1     1    17     8    26     5     0     0    -3.0   46.406 -119.264    701.4    931.2
     1     1    17     8    26     4     0     0    -4.0   46.419 -119.213    701.2    931.2
     1     1    17     8    26     3     0     0    -5.0   46.447 -119.128    694.5    933.3
     1     1    17     8    26     2     0     0    -6.0   46.452 -119.065    698.1    931.6
     1     1    17     8    26     1     0     0    -7.0   46.428 -119.032    695.7    931.7
     1     1    17     8    26     0     0     0    -8.0   46.426 -119.041    696.6    932.3
     1     1    17     8    25    23     0     0    -9.0   46.428 -119.059    699.9    931.5
     1     1    17     8    25    22     0     0   -10.0   46.424 -119.052    701.3    931.2
     1     1    17     8    25    21     0     0   -11.0   46.420 -119.018    704.1    931.1
     1     1    17     8    25    20     0     0   -12.0   46.402 -118.971    712.6    930.1
     1     1    17     8    25    19     0     0   -13.0   46.370 -118.894    710.7    928.9
     1     1    17     8    25    18     0     0   -14.0   46.323 -118.790    684.1    934.2
     1     1    17     8    25    17     0     0   -15.0   46.275 -118.684    696.2    932.1
     1     1    17     8    25    16     0     0   -16.0   46.226 -118.571    703.6    930.2
     1     1    17     8    25    15     0     0   -17.0   46.174 -118.448    695.0    932.6
     1     1    17     8    25    14     0     0   -18.0   46.132 -118.330    707.3    930.0
     1     1    17     8    25    13     0     0   -19.0   46.108 -118.217    700.7    931.4
     1     1    17     8    25    12     0     0   -20.0   46.097 -118.098    708.5    931.7
     1     1    17     8    25    11     0     0   -21.0   46.061 -118.041    743.7    925.9
     1     1    17     8    25    10     0     0   -22.0   46.015 -118.079    755.9    925.3
     1     1    17     8    25     9     0     0   -23.0   45.980 -118.098    762.7    922.9
     1     1    17     8    25     8     0     0   -24.0   45.940 -118.090    753.9    925.0
     1     1    17     8    25     7     0     0   -25.0   45.907 -118.068    752.4    926.4
     1     1    17     8    25     6     0     0   -26.0   45.872 -118.026    756.3    924.5
     1     1    17     8    25     5     0     0   -27.0   45.822 -118.015    760.4    924.4
     1     1    17     8    25     4     0     0   -28.0   45.774 -118.026    755.9    923.7
     1     1    17     8    25     3     0     0   -29.0   45.734 -118.047    747.6    926.2
     1     1    17     8    25     2     0     0   -30.0   45.694 -118.081    743.9    926.7
     1     1    17     8    25     1     0     0   -31.0   45.673 -118.130    742.3    926.3
     1     1    17     8    25     0     0     0   -32.0   45.642 -118.170    747.2    927.1
     1     1    17     8    24    23     0     0   -33.0   45.608 -118.216    753.6    923.8
     1     1    17     8    24    22     0     0   -34.0   45.642 -118.344    739.7    925.5
     1     1    17     8    24    21     0     0   -35.0   45.754 -118.545    690.5    932.4
     1     1    17     8    24    20     0     0   -36.0   45.906 -118.775    678.1    934.5
     1     1    17     8    24    19     0     0   -37.0   46.074 -119.017    662.3    935.2
     1     1    17     8    24    18     0     0   -38.0   46.290 -119.285    643.9    937.5
     1     1    17     8    24    17     0     0   -39.0   46.524 -119.587    643.2    937.3
     1     1    17     8    24    16     0     0   -40.0   46.750 -119.886    626.5    939.3
     1     1    17     8    24    15     0     0   -41.0   46.959 -120.143    606.3    943.6
     1     1    17     8    24    14     0     0   -42.0   47.112 -120.346    616.5    940.8
     1     1    17     8    24    13     0     0   -43.0   47.142 -120.525    595.5    943.3
     1     1    17     8    24    12     0     0   -44.0   47.111 -120.705    580.3    945.9
