     1     1
    SITE    10     3     1     0     0
     1 BACKWARD OMEGA   
    17     8    21     4   46.392 -119.412   700.0
     1 PRESSURE
     1     1    17     8    21     4     0     0     0.0   46.392 -119.412    700.0    931.4
     1     1    17     8    21     3     0     0    -1.0   46.361 -119.384    692.4    932.3
     1     1    17     8    21     2     0     0    -2.0   46.331 -119.365    685.4    935.1
     1     1    17     8    21     1     0     0    -3.0   46.315 -119.337    698.3    932.1
     1     1    17     8    21     0     0     0    -4.0   46.280 -119.299    701.4    929.7
     1     1    17     8    20    23     0     0    -5.0   46.232 -119.303    704.6    931.9
     1     1    17     8    20    22     0     0    -6.0   46.239 -119.333    717.4    929.4
     1     1    17     8    20    21     0     0    -7.0   46.281 -119.349    724.3    928.0
     1     1    17     8    20    20     0     0    -8.0   46.279 -119.343    721.6    929.0
     1     1    17     8    20    19     0     0    -9.0   46.241 -119.316    716.4    928.1
     1     1    17     8    20    18     0     0   -10.0   46.203 -119.208    686.5    930.7
     1     1    17     8    20    17     0     0   -11.0   46.172 -119.045    687.4    931.9
     1     1    17     8    20    16     0     0   -12.0   46.153 -118.879    686.2    934.7
     1     1    17     8    20    15     0     0   -13.0   46.124 -118.724    716.1    930.1
     1     1    17     8    20    14     0     0   -14.0   46.054 -118.673    732.3    926.6
     1     1    17     8    20    13     0     0   -15.0   45.971 -118.719    727.4    927.9
     1     1    17     8    20    12     0     0   -16.0   45.904 -118.728    736.8    927.8
     1     1    17     8    20    11     0     0   -17.0   45.850 -118.727    754.0    924.9
     1     1    17     8    20    10     0     0   -18.0   45.797 -118.756    753.9    924.7
     1     1    17     8    20     9     0     0   -19.0   45.753 -118.787    753.4    925.9
     1     1    17     8    20     8     0     0   -20.0   45.701 -118.788    750.7    924.5
     1     1    17     8    20     7     0     0   -21.0   45.631 -118.758    753.8    924.9
     1     1    17     8    20     6     0     0   -22.0   45.556 -118.727    736.6    927.1
     1     1    17     8    20     5     0     0   -23.0   45.473 -118.722    734.4    927.5
