     1     1
    SITE    10     3     1     0     0
     1 BACKWARD OMEGA   
    17     8     7    11   46.392 -119.412   700.0
     1 PRESSURE
     1     1    17     8     7    11     0     0     0.0   46.392 -119.412    700.0    931.4
     1     1    17     8     7    10     0     0    -1.0   46.423 -119.337    700.8    931.3
     1     1    17     8     7     9     0     0    -2.0   46.461 -119.257    697.7    933.8
     1     1    17     8     7     8     0     0    -3.0   46.484 -119.165    710.1    930.1
     1     1    17     8     7     7     0     0    -4.0   46.481 -119.091    714.9    929.7
     1     1    17     8     7     6     0     0    -5.0   46.467 -119.074    716.4    929.0
     1     1    17     8     7     5     0     0    -6.0   46.461 -119.036    714.7    929.6
     1     1    17     8     7     4     0     0    -7.0   46.439 -118.979    712.8    930.5
     1     1    17     8     7     3     0     0    -8.0   46.413 -118.932    705.2    930.7
     1     1    17     8     7     2     0     0    -9.0   46.396 -118.897    697.7    931.6
     1     1    17     8     7     1     0     0   -10.0   46.354 -118.863    699.6    932.4
     1     1    17     8     7     0     0     0   -11.0   46.309 -118.797    711.8    929.3
     1     1    17     8     6    23     0     0   -12.0   46.277 -118.723    714.9    929.1
     1     1    17     8     6    22     0     0   -13.0   46.290 -118.651    703.0    930.0
     1     1    17     8     6    21     0     0   -14.0   46.296 -118.654    700.1    932.8
     1     1    17     8     6    20     0     0   -15.0   46.261 -118.681    699.3    932.2
     1     1    17     8     6    19     0     0   -16.0   46.266 -118.652    698.7    930.9
     1     1    17     8     6    18     0     0   -17.0   46.286 -118.676    704.2    932.2
     1     1    17     8     6    17     0     0   -18.0   46.281 -118.767    704.6    930.3
     1     1    17     8     6    16     0     0   -19.0   46.308 -118.782    710.1    931.2
     1     1    17     8     6    15     0     0   -20.0   46.318 -118.705    714.8    930.4
     1     1    17     8     6    14     0     0   -21.0   46.331 -118.621    714.8    927.4
     1     1    17     8     6    13     0     0   -22.0   46.335 -118.546    701.1    931.2
     1     1    17     8     6    12     0     0   -23.0   46.297 -118.473    699.6    931.9
     1     1    17     8     6    11     0     0   -24.0   46.253 -118.418    693.9    931.1
     1     1    17     8     6    10     0     0   -25.0   46.238 -118.361    697.8    933.4
     1     1    17     8     6     9     0     0   -26.0   46.254 -118.288    704.6    927.5
     1     1    17     8     6     8     0     0   -27.0   46.248 -118.213    702.7    933.5
     1     1    17     8     6     7     0     0   -28.0   46.272 -118.124    719.2    927.7
     1     1    17     8     6     6     0     0   -29.0   46.296 -118.040    709.6    930.7
     1     1    17     8     6     5     0     0   -30.0   46.275 -117.992    712.7    929.9
     1     1    17     8     6     4     0     0   -31.0   46.251 -117.992    706.7    929.5
     1     1    17     8     6     3     0     0   -32.0   46.218 -117.995    699.5    931.8
     1     1    17     8     6     2     0     0   -33.0   46.193 -117.967    702.2    931.3
     1     1    17     8     6     1     0     0   -34.0   46.156 -117.940    694.6    930.8
