     1     1
    SITE    10     3     1     0     0
     1 BACKWARD OMEGA   
    17     8    26    20   46.392 -119.412   700.0
     1 PRESSURE
     1     1    17     8    26    20     0     0     0.0   46.392 -119.412    700.0    931.4
     1     1    17     8    26    19     0     0    -1.0   46.381 -119.384    697.7    931.7
     1     1    17     8    26    18     0     0    -2.0   46.410 -119.323    694.6    932.9
     1     1    17     8    26    17     0     0    -3.0   46.476 -119.272    689.3    931.3
     1     1    17     8    26    16     0     0    -4.0   46.547 -119.208    682.8    933.7
     1     1    17     8    26    15     0     0    -5.0   46.620 -119.147    691.4    932.6
     1     1    17     8    26    14     0     0    -6.0   46.652 -119.070    692.0    932.3
     1     1    17     8    26    13     0     0    -7.0   46.658 -118.969    693.4    933.3
     1     1    17     8    26    12     0     0    -8.0   46.675 -118.864    695.0    932.5
     1     1    17     8    26    11     0     0    -9.0   46.676 -118.771    699.6    930.9
     1     1    17     8    26    10     0     0   -10.0   46.684 -118.692    689.5    932.5
     1     1    17     8    26     9     0     0   -11.0   46.708 -118.627    688.7    934.5
     1     1    17     8    26     8     0     0   -12.0   46.724 -118.575    692.9    931.0
     1     1    17     8    26     7     0     0   -13.0   46.741 -118.515    687.9    933.2
     1     1    17     8    26     6     0     0   -14.0   46.746 -118.455    694.6    933.3
     1     1    17     8    26     5     0     0   -15.0   46.740 -118.428    703.1    930.1
     1     1    17     8    26     4     0     0   -16.0   46.753 -118.378    698.7    931.0
     1     1    17     8    26     3     0     0   -17.0   46.780 -118.292    705.0    930.0
     1     1    17     8    26     2     0     0   -18.0   46.786 -118.228    704.9    930.6
     1     1    17     8    26     1     0     0   -19.0   46.764 -118.196    706.8    930.8
     1     1    17     8    26     0     0     0   -20.0   46.761 -118.204    701.6    930.3
     1     1    17     8    25    23     0     0   -21.0   46.764 -118.222    695.9    932.2
     1     1    17     8    25    22     0     0   -22.0   46.760 -118.215    693.1    932.2
     1     1    17     8    25    21     0     0   -23.0   46.756 -118.179    689.3    932.7
     1     1    17     8    25    20     0     0   -24.0   46.739 -118.130    692.0    932.9
     1     1    17     8    25    19     0     0   -25.0   46.707 -118.055    698.3    931.5
     1     1    17     8    25    18     0     0   -26.0   46.659 -117.952    723.9    929.9
