     1     1
    SITE    10     3     1     0     0
     1 BACKWARD OMEGA   
    17     8     4    22   46.392 -119.412   700.0
     1 PRESSURE
     1     1    17     8     4    22     0     0     0.0   46.392 -119.412    700.0    931.4
     1     1    17     8     4    21     0     0    -1.0   46.386 -119.413    699.4    931.5
     1     1    17     8     4    20     0     0    -2.0   46.404 -119.478    700.6    932.9
     1     1    17     8     4    19     0     0    -3.0   46.411 -119.468    703.2    930.2
     1     1    17     8     4    18     0     0    -4.0   46.434 -119.387    701.9    931.9
     1     1    17     8     4    17     0     0    -5.0   46.502 -119.277    693.6    933.0
     1     1    17     8     4    16     0     0    -6.0   46.567 -119.150    706.0    930.2
     1     1    17     8     4    15     0     0    -7.0   46.598 -119.041    695.8    931.9
     1     1    17     8     4    14     0     0    -8.0   46.621 -119.034    697.2    932.1
     1     1    17     8     4    13     0     0    -9.0   46.617 -119.109    698.9    929.6
     1     1    17     8     4    12     0     0   -10.0   46.574 -119.187    679.4    934.6
     1     1    17     8     4    11     0     0   -11.0   46.599 -119.243    671.0    935.6
     1     1    17     8     4    10     0     0   -12.0   46.717 -119.269    646.3    937.4
     1     1    17     8     4     9     0     0   -13.0   46.831 -119.305    652.2    937.3
     1     1    17     8     4     8     0     0   -14.0   46.863 -119.350    658.7    936.0
     1     1    17     8     4     7     0     0   -15.0   46.853 -119.388    660.0    936.7
     1     1    17     8     4     6     0     0   -16.0   46.834 -119.394    665.0    935.4
     1     1    17     8     4     5     0     0   -17.0   46.821 -119.420    665.3    935.1
     1     1    17     8     4     4     0     0   -18.0   46.786 -119.451    663.3    935.2
     1     1    17     8     4     3     0     0   -19.0   46.723 -119.424    659.7    936.0
     1     1    17     8     4     2     0     0   -20.0   46.667 -119.405    662.6    937.2
     1     1    17     8     4     1     0     0   -21.0   46.609 -119.410    677.6    935.0
     1     1    17     8     4     0     0     0   -22.0   46.556 -119.403    687.3    931.4
     1     1    17     8     3    23     0     0   -23.0   46.498 -119.408    704.4    933.0
     1     1    17     8     3    22     0     0   -24.0   46.429 -119.418    706.4    930.4
     1     1    17     8     3    21     0     0   -25.0   46.354 -119.382    708.9    930.4
     1     1    17     8     3    20     0     0   -26.0   46.260 -119.360    714.8    930.5
     1     1    17     8     3    19     0     0   -27.0   46.156 -119.377    730.3    926.8
     1     1    17     8     3    18     0     0   -28.0   46.059 -119.356    726.8    928.0
     1     1    17     8     3    17     0     0   -29.0   46.018 -119.251    738.1    927.7
     1     1    17     8     3    16     0     0   -30.0   46.052 -119.122    735.1    927.1
     1     1    17     8     3    15     0     0   -31.0   46.097 -119.015    716.9    929.3
     1     1    17     8     3    14     0     0   -32.0   46.074 -118.957    707.2    930.9
     1     1    17     8     3    13     0     0   -33.0   46.066 -118.919    710.9    930.5
     1     1    17     8     3    12     0     0   -34.0   46.128 -118.845    711.6    928.5
     1     1    17     8     3    11     0     0   -35.0   46.160 -118.885    718.4    931.5
     1     1    17     8     3    10     0     0   -36.0   46.127 -118.969    728.1    927.3
     1     1    17     8     3     9     0     0   -37.0   46.067 -118.972    726.2    928.4
     1     1    17     8     3     8     0     0   -38.0   46.032 -118.943    731.0    928.1
     1     1    17     8     3     7     0     0   -39.0   46.007 -118.913    729.4    927.7
     1     1    17     8     3     6     0     0   -40.0   46.002 -118.917    729.4    928.4
     1     1    17     8     3     5     0     0   -41.0   45.997 -118.928    727.9    927.9
     1     1    17     8     3     4     0     0   -42.0   46.010 -118.893    707.7    928.7
     1     1    17     8     3     3     0     0   -43.0   46.068 -118.840    716.1    931.4
     1     1    17     8     3     2     0     0   -44.0   46.135 -118.806    730.3    928.1
     1     1    17     8     3     1     0     0   -45.0   46.163 -118.743    736.3    926.0
     1     1    17     8     3     0     0     0   -46.0   46.141 -118.708    738.4    926.0
     1     1    17     8     2    23     0     0   -47.0   46.119 -118.678    712.0    928.5
     1     1    17     8     2    22     0     0   -48.0   46.090 -118.636    689.2    934.6
     1     1    17     8     2    21     0     0   -49.0   46.089 -118.653    690.4    934.3
     1     1    17     8     2    20     0     0   -50.0   46.104 -118.630    685.2    931.7
     1     1    17     8     2    19     0     0   -51.0   46.134 -118.604    679.8    934.5
     1     1    17     8     2    18     0     0   -52.0   46.234 -118.608    682.2    933.2
     1     1    17     8     2    17     0     0   -53.0   46.372 -118.569    697.3    931.1
     1     1    17     8     2    16     0     0   -54.0   46.518 -118.485    660.2    935.7
     1     1    17     8     2    15     0     0   -55.0   46.649 -118.382    633.7    940.2
     1     1    17     8     2    14     0     0   -56.0   46.772 -118.282    665.4    934.7
     1     1    17     8     2    13     0     0   -57.0   46.902 -118.193    672.7    935.6
     1     1    17     8     2    12     0     0   -58.0   46.965 -118.043    716.6    929.5
     1     1    17     8     2    11     0     0   -59.0   47.046 -117.906    701.8    929.9
