     1     1
    SITE    10     3     1     0     0
     1 BACKWARD OMEGA   
    17     8     7     2   46.392 -119.412   700.0
     1 PRESSURE
     1     1    17     8     7     2     0     0     0.0   46.392 -119.412    700.0    931.4
     1     1    17     8     7     1     0     0    -1.0   46.349 -119.380    702.6    931.1
     1     1    17     8     7     0     0     0    -2.0   46.303 -119.314    704.3    930.3
     1     1    17     8     6    23     0     0    -3.0   46.271 -119.235    703.5    931.5
     1     1    17     8     6    22     0     0    -4.0   46.284 -119.159    728.0    930.2
     1     1    17     8     6    21     0     0    -5.0   46.291 -119.163    740.3    924.8
     1     1    17     8     6    20     0     0    -6.0   46.257 -119.190    740.2    926.7
     1     1    17     8     6    19     0     0    -7.0   46.263 -119.160    746.8    926.3
     1     1    17     8     6    18     0     0    -8.0   46.283 -119.181    739.0    925.7
     1     1    17     8     6    17     0     0    -9.0   46.278 -119.273    740.4    926.4
     1     1    17     8     6    16     0     0   -10.0   46.305 -119.290    746.8    926.9
     1     1    17     8     6    15     0     0   -11.0   46.315 -119.215    734.3    925.5
     1     1    17     8     6    14     0     0   -12.0   46.327 -119.133    721.2    929.4
     1     1    17     8     6    13     0     0   -13.0   46.331 -119.059    723.3    928.8
     1     1    17     8     6    12     0     0   -14.0   46.292 -118.985    711.3    933.0
     1     1    17     8     6    11     0     0   -15.0   46.247 -118.929    713.1    928.8
     1     1    17     8     6    10     0     0   -16.0   46.230 -118.872    710.3    930.3
     1     1    17     8     6     9     0     0   -17.0   46.245 -118.801    702.9    932.9
     1     1    17     8     6     8     0     0   -18.0   46.238 -118.729    716.4    930.0
     1     1    17     8     6     7     0     0   -19.0   46.262 -118.641    725.4    927.0
     1     1    17     8     6     6     0     0   -20.0   46.287 -118.556    732.0    927.9
     1     1    17     8     6     5     0     0   -21.0   46.267 -118.507    740.7    926.3
     1     1    17     8     6     4     0     0   -22.0   46.243 -118.507    746.5    926.1
     1     1    17     8     6     3     0     0   -23.0   46.211 -118.512    747.6    925.6
     1     1    17     8     6     2     0     0   -24.0   46.186 -118.486    746.7    926.6
     1     1    17     8     6     1     0     0   -25.0   46.147 -118.461    739.7    925.7
     1     1    17     8     6     0     0     0   -26.0   46.096 -118.468    734.7    927.6
     1     1    17     8     5    23     0     0   -27.0   46.110 -118.447    730.9    927.2
     1     1    17     8     5    22     0     0   -28.0   46.142 -118.393    725.4    929.2
     1     1    17     8     5    21     0     0   -29.0   46.125 -118.363    719.4    928.4
     1     1    17     8     5    20     0     0   -30.0   46.070 -118.377    710.9    930.4
     1     1    17     8     5    19     0     0   -31.0   45.998 -118.425    699.2    931.9
     1     1    17     8     5    18     0     0   -32.0   45.931 -118.425    693.1    931.9
     1     1    17     8     5    17     0     0   -33.0   45.922 -118.355    690.6    933.0
     1     1    17     8     5    16     0     0   -34.0   45.965 -118.243    724.3    928.5
     1     1    17     8     5    15     0     0   -35.0   46.012 -118.120    734.5    926.9
     1     1    17     8     5    14     0     0   -36.0   46.061 -118.001    738.2    927.9
     1     1    17     8     5    13     0     0   -37.0   46.099 -117.886    749.1    925.4
