     1     1
    SITE    10     3     1     0     0
     1 BACKWARD OMEGA   
    17     8    11    13   46.392 -119.412   700.0
     1 PRESSURE
     1     1    17     8    11    13     0     0     0.0   46.392 -119.412    700.0    931.4
     1     1    17     8    11    12     0     0    -1.0   46.341 -119.337    705.2    930.8
     1     1    17     8    11    11     0     0    -2.0   46.297 -119.276    729.2    927.9
     1     1    17     8    11    10     0     0    -3.0   46.291 -119.204    736.3    925.3
     1     1    17     8    11     9     0     0    -4.0   46.320 -119.118    724.8    927.5
     1     1    17     8    11     8     0     0    -5.0   46.365 -119.024    712.8    931.7
     1     1    17     8    11     7     0     0    -6.0   46.421 -118.944    721.3    929.5
     1     1    17     8    11     6     0     0    -7.0   46.473 -118.882    734.3    928.1
     1     1    17     8    11     5     0     0    -8.0   46.464 -118.856    743.8    925.8
     1     1    17     8    11     4     0     0    -9.0   46.423 -118.889    743.1    927.9
     1     1    17     8    11     3     0     0   -10.0   46.386 -118.917    745.9    925.0
     1     1    17     8    11     2     0     0   -11.0   46.350 -118.876    749.8    926.8
     1     1    17     8    11     1     0     0   -12.0   46.329 -118.825    753.5    925.6
     1     1    17     8    11     0     0     0   -13.0   46.306 -118.797    754.8    924.2
     1     1    17     8    10    23     0     0   -14.0   46.266 -118.786    755.2    925.9
     1     1    17     8    10    22     0     0   -15.0   46.229 -118.832    771.5    923.5
     1     1    17     8    10    21     0     0   -16.0   46.219 -118.855    783.9    920.4
     1     1    17     8    10    20     0     0   -17.0   46.227 -118.862    790.0    921.7
     1     1    17     8    10    19     0     0   -18.0   46.219 -118.924    806.0    919.8
     1     1    17     8    10    18     0     0   -19.0   46.209 -118.895    838.6    917.4
     1     1    17     8    10    17     0     0   -20.0   46.242 -118.764    843.1    916.0
     1     1    17     8    10    16     0     0   -21.0   46.285 -118.633    858.0    914.0
     1     1    17     8    10    15     0     0   -22.0   46.324 -118.502    852.5    913.2
     1     1    17     8    10    14     0     0   -23.0   46.362 -118.378    820.1    918.2
     1     1    17     8    10    13     0     0   -24.0   46.396 -118.269    811.8    919.0
     1     1    17     8    10    12     0     0   -25.0   46.412 -118.172    784.6    921.0
     1     1    17     8    10    11     0     0   -26.0   46.438 -118.093    757.0    927.6
     1     1    17     8    10    10     0     0   -27.0   46.451 -118.031    761.2    925.2
     1     1    17     8    10     9     0     0   -28.0   46.413 -117.955    763.5    924.5
     1     1    17     8    10     8     0     0   -29.0   46.346 -117.883    777.8    922.5
