     1     1
    SITE    10     3     1     0     0
     1 BACKWARD OMEGA   
    17     8     2     6   46.392 -119.412   700.0
     1 PRESSURE
     1     1    17     8     2     6     0     0     0.0   46.392 -119.412    700.0    931.4
     1     1    17     8     2     5     0     0    -1.0   46.383 -119.395    703.4    931.0
     1     1    17     8     2     4     0     0    -2.0   46.350 -119.340    725.0    930.7
     1     1    17     8     2     3     0     0    -3.0   46.396 -119.325    720.7    927.9
     1     1    17     8     2     2     0     0    -4.0   46.441 -119.421    691.9    932.6
     1     1    17     8     2     1     0     0    -5.0   46.418 -119.528    684.9    933.2
     1     1    17     8     2     0     0     0    -6.0   46.403 -119.604    690.3    932.6
     1     1    17     8     1    23     0     0    -7.0   46.404 -119.671    697.6    931.2
     1     1    17     8     1    22     0     0    -8.0   46.437 -119.679    701.7    931.4
     1     1    17     8     1    21     0     0    -9.0   46.501 -119.693    699.2    931.2
     1     1    17     8     1    20     0     0   -10.0   46.550 -119.748    703.7    932.1
     1     1    17     8     1    19     0     0   -11.0   46.558 -119.717    699.8    929.0
     1     1    17     8     1    18     0     0   -12.0   46.576 -119.612    687.5    932.5
     1     1    17     8     1    17     0     0   -13.0   46.650 -119.462    710.6    930.5
     1     1    17     8     1    16     0     0   -14.0   46.722 -119.271    740.7    926.3
     1     1    17     8     1    15     0     0   -15.0   46.780 -119.066    763.2    924.5
     1     1    17     8     1    14     0     0   -16.0   46.850 -118.930    774.0    922.3
     1     1    17     8     1    13     0     0   -17.0   46.891 -118.829    725.7    927.9
     1     1    17     8     1    12     0     0   -18.0   46.878 -118.815    714.7    930.3
     1     1    17     8     1    11     0     0   -19.0   46.826 -118.873    692.6    932.4
     1     1    17     8     1    10     0     0   -20.0   46.742 -118.873    681.1    934.5
     1     1    17     8     1     9     0     0   -21.0   46.676 -118.862    683.3    932.7
     1     1    17     8     1     8     0     0   -22.0   46.633 -118.857    674.9    934.7
     1     1    17     8     1     7     0     0   -23.0   46.599 -118.844    674.3    934.2
     1     1    17     8     1     6     0     0   -24.0   46.584 -118.847    670.5    934.9
     1     1    17     8     1     5     0     0   -25.0   46.573 -118.852    667.4    935.4
     1     1    17     8     1     4     0     0   -26.0   46.575 -118.822    669.5    935.5
     1     1    17     8     1     3     0     0   -27.0   46.578 -118.796    671.4    934.2
     1     1    17     8     1     2     0     0   -28.0   46.564 -118.768    666.2    935.2
     1     1    17     8     1     1     0     0   -29.0   46.536 -118.730    665.8    936.4
     1     1    17     8     1     0     0     0   -30.0   46.526 -118.679    676.1    934.2
     1     1    17     7    31    23     0     0   -31.0   46.536 -118.668    687.0    932.8
     1     1    17     7    31    22     0     0   -32.0   46.509 -118.684    684.5    932.6
     1     1    17     7    31    21     0     0   -33.0   46.498 -118.679    677.0    934.5
     1     1    17     7    31    20     0     0   -34.0   46.501 -118.703    675.3    935.3
     1     1    17     7    31    19     0     0   -35.0   46.439 -118.727    681.3    933.6
     1     1    17     7    31    18     0     0   -36.0   46.354 -118.684    656.5    937.1
     1     1    17     7    31    17     0     0   -37.0   46.330 -118.589    663.7    935.8
     1     1    17     7    31    16     0     0   -38.0   46.356 -118.494    689.0    933.9
     1     1    17     7    31    15     0     0   -39.0   46.363 -118.375    687.1    932.2
     1     1    17     7    31    14     0     0   -40.0   46.335 -118.269    675.1    934.5
     1     1    17     7    31    13     0     0   -41.0   46.326 -118.183    682.6    933.8
     1     1    17     7    31    12     0     0   -42.0   46.316 -118.081    681.1    931.0
     1     1    17     7    31    11     0     0   -43.0   46.311 -117.978    669.0    935.6
