     1     1
    SITE    10     3     1     0     0
     1 BACKWARD OMEGA   
    17     8     9    15   46.392 -119.412   700.0
     1 PRESSURE
     1     1    17     8     9    15     0     0     0.0   46.392 -119.412    700.0    931.4
     1     1    17     8     9    14     0     0    -1.0   46.437 -119.294    712.6    929.9
     1     1    17     8     9    13     0     0    -2.0   46.464 -119.178    720.1    929.2
     1     1    17     8     9    12     0     0    -3.0   46.444 -119.130    710.5    929.7
     1     1    17     8     9    11     0     0    -4.0   46.383 -119.138    699.3    932.2
     1     1    17     8     9    10     0     0    -5.0   46.360 -119.112    693.2    932.2
     1     1    17     8     9     9     0     0    -6.0   46.377 -119.044    692.3    933.2
     1     1    17     8     9     8     0     0    -7.0   46.398 -118.979    695.8    931.6
     1     1    17     8     9     7     0     0    -8.0   46.395 -118.935    699.1    931.6
     1     1    17     8     9     6     0     0    -9.0   46.374 -118.878    697.8    931.1
     1     1    17     8     9     5     0     0   -10.0   46.360 -118.853    698.4    931.5
     1     1    17     8     9     4     0     0   -11.0   46.345 -118.835    690.6    931.7
     1     1    17     8     9     3     0     0   -12.0   46.321 -118.811    683.0    934.8
     1     1    17     8     9     2     0     0   -13.0   46.280 -118.816    681.9    933.3
     1     1    17     8     9     1     0     0   -14.0   46.290 -118.763    678.1    933.9
     1     1    17     8     9     0     0     0   -15.0   46.285 -118.719    678.4    934.4
     1     1    17     8     8    23     0     0   -16.0   46.226 -118.725    689.0    932.3
     1     1    17     8     8    22     0     0   -17.0   46.204 -118.712    685.2    932.6
     1     1    17     8     8    21     0     0   -18.0   46.198 -118.695    682.2    933.7
     1     1    17     8     8    20     0     0   -19.0   46.188 -118.742    687.5    933.6
     1     1    17     8     8    19     0     0   -20.0   46.178 -118.765    700.7    931.0
     1     1    17     8     8    18     0     0   -21.0   46.189 -118.697    695.7    930.9
     1     1    17     8     8    17     0     0   -22.0   46.227 -118.607    692.5    933.3
     1     1    17     8     8    16     0     0   -23.0   46.277 -118.509    692.9    932.6
     1     1    17     8     8    15     0     0   -24.0   46.305 -118.397    702.4    931.3
     1     1    17     8     8    14     0     0   -25.0   46.286 -118.284    698.4    930.9
     1     1    17     8     8    13     0     0   -26.0   46.244 -118.199    679.2    933.9
     1     1    17     8     8    12     0     0   -27.0   46.223 -118.117    673.7    935.9
     1     1    17     8     8    11     0     0   -28.0   46.240 -118.026    675.8    934.1
     1     1    17     8     8    10     0     0   -29.0   46.265 -117.939    694.9    934.8
