     1     1
    SITE    10     3     1     0     0
     1 BACKWARD OMEGA   
    17     8    25     7   46.392 -119.412   700.0
     1 PRESSURE
     1     1    17     8    25     7     0     0     0.0   46.392 -119.412    700.0    931.4
     1     1    17     8    25     6     0     0    -1.0   46.358 -119.369    696.5    931.9
     1     1    17     8    25     5     0     0    -2.0   46.308 -119.355    706.3    930.9
     1     1    17     8    25     4     0     0    -3.0   46.260 -119.365    712.8    929.0
     1     1    17     8    25     3     0     0    -4.0   46.220 -119.385    705.6    930.1
     1     1    17     8    25     2     0     0    -5.0   46.179 -119.419    703.9    932.3
     1     1    17     8    25     1     0     0    -6.0   46.157 -119.471    707.5    930.0
     1     1    17     8    25     0     0     0    -7.0   46.126 -119.511    689.8    930.7
     1     1    17     8    24    23     0     0    -8.0   46.093 -119.556    668.8    937.0
     1     1    17     8    24    22     0     0    -9.0   46.128 -119.682    670.0    935.4
     1     1    17     8    24    21     0     0   -10.0   46.236 -119.883    717.8    929.1
     1     1    17     8    24    20     0     0   -11.0   46.385 -120.110    722.5    929.6
     1     1    17     8    24    19     0     0   -12.0   46.560 -120.356    733.9    927.8
     1     1    17     8    24    18     0     0   -13.0   46.778 -120.630    784.7    922.1
