     1     1
    SITE    10     3     1     0     0
     1 BACKWARD OMEGA   
    17     8    10    12   46.392 -119.412   700.0
     1 PRESSURE
     1     1    17     8    10    12     0     0     0.0   46.392 -119.412    700.0    931.4
     1     1    17     8    10    11     0     0    -1.0   46.419 -119.334    716.8    929.5
     1     1    17     8    10    10     0     0    -2.0   46.433 -119.274    721.0    927.3
     1     1    17     8    10     9     0     0    -3.0   46.396 -119.197    706.2    931.0
     1     1    17     8    10     8     0     0    -4.0   46.331 -119.125    699.6    931.9
     1     1    17     8    10     7     0     0    -5.0   46.273 -119.079    693.4    932.5
     1     1    17     8    10     6     0     0    -6.0   46.262 -119.029    683.9    932.6
     1     1    17     8    10     5     0     0    -7.0   46.281 -118.983    675.8    935.0
     1     1    17     8    10     4     0     0    -8.0   46.284 -118.978    673.5    934.6
     1     1    17     8    10     3     0     0    -9.0   46.261 -118.969    670.3    935.1
     1     1    17     8    10     2     0     0   -10.0   46.249 -118.923    673.5    935.0
     1     1    17     8    10     1     0     0   -11.0   46.274 -118.879    676.3    933.5
     1     1    17     8    10     0     0     0   -12.0   46.284 -118.887    671.0    933.9
     1     1    17     8     9    23     0     0   -13.0   46.257 -118.879    658.6    935.9
     1     1    17     8     9    22     0     0   -14.0   46.222 -118.838    658.2    937.3
     1     1    17     8     9    21     0     0   -15.0   46.183 -118.825    661.3    935.6
     1     1    17     8     9    20     0     0   -16.0   46.153 -118.872    673.4    936.1
     1     1    17     8     9    19     0     0   -17.0   46.156 -118.851    668.9    933.8
     1     1    17     8     9    18     0     0   -18.0   46.197 -118.733    650.9    938.2
     1     1    17     8     9    17     0     0   -19.0   46.245 -118.621    678.6    934.5
     1     1    17     8     9    16     0     0   -20.0   46.297 -118.482    688.7    932.7
     1     1    17     8     9    15     0     0   -21.0   46.354 -118.351    688.8    932.0
     1     1    17     8     9    14     0     0   -22.0   46.399 -118.233    668.9    935.2
     1     1    17     8     9    13     0     0   -23.0   46.425 -118.118    667.0    935.7
     1     1    17     8     9    12     0     0   -24.0   46.401 -118.069    671.5    934.7
     1     1    17     8     9    11     0     0   -25.0   46.336 -118.077    665.7    935.0
     1     1    17     8     9    10     0     0   -26.0   46.310 -118.051    666.2    935.6
     1     1    17     8     9     9     0     0   -27.0   46.327 -117.981    664.6    934.2
     1     1    17     8     9     8     0     0   -28.0   46.349 -117.917    665.3    937.7
