     1     1
    SITE    10     3     1     0     0
     1 BACKWARD OMEGA   
    17     8    17     7   46.392 -119.412   700.0
     1 PRESSURE
     1     1    17     8    17     7     0     0     0.0   46.392 -119.412    700.0    931.4
     1     1    17     8    17     6     0     0    -1.0   46.276 -119.399    699.9    931.4
     1     1    17     8    17     5     0     0    -2.0   46.206 -119.432    705.9    930.9
     1     1    17     8    17     4     0     0    -3.0   46.155 -119.512    718.5    930.2
     1     1    17     8    17     3     0     0    -4.0   46.106 -119.610    740.3    924.7
     1     1    17     8    17     2     0     0    -5.0   46.090 -119.739    757.2    924.1
     1     1    17     8    17     1     0     0    -6.0   46.087 -119.893    730.0    927.6
     1     1    17     8    17     0     0     0    -7.0   46.113 -120.075    715.0    929.4
     1     1    17     8    16    23     0     0    -8.0   46.193 -120.244    691.3    931.6
     1     1    17     8    16    22     0     0    -9.0   46.330 -120.447    679.3    934.2
     1     1    17     8    16    21     0     0   -10.0   46.503 -120.706    631.2    940.0
