     1     1
    SITE    10     3     1     0     0
     1 BACKWARD OMEGA   
    17     8     9    19   46.392 -119.412   700.0
     1 PRESSURE
     1     1    17     8     9    19     0     0     0.0   46.392 -119.412    700.0    931.4
     1     1    17     8     9    18     0     0    -1.0   46.433 -119.291    696.8    931.8
     1     1    17     8     9    17     0     0    -2.0   46.484 -119.177    674.9    934.7
     1     1    17     8     9    16     0     0    -3.0   46.536 -119.037    656.2    936.1
     1     1    17     8     9    15     0     0    -4.0   46.590 -118.906    643.4    938.9
     1     1    17     8     9    14     0     0    -5.0   46.635 -118.783    651.8    937.4
     1     1    17     8     9    13     0     0    -6.0   46.663 -118.667    659.1    936.2
     1     1    17     8     9    12     0     0    -7.0   46.643 -118.619    659.8    936.1
     1     1    17     8     9    11     0     0    -8.0   46.580 -118.627    652.9    936.5
     1     1    17     8     9    10     0     0    -9.0   46.556 -118.603    636.8    938.3
     1     1    17     8     9     9     0     0   -10.0   46.571 -118.535    629.1    941.4
     1     1    17     8     9     8     0     0   -11.0   46.590 -118.467    639.9    939.2
     1     1    17     8     9     7     0     0   -12.0   46.587 -118.422    641.5    936.9
     1     1    17     8     9     6     0     0   -13.0   46.568 -118.367    633.4    940.1
     1     1    17     8     9     5     0     0   -14.0   46.554 -118.344    632.4    939.7
     1     1    17     8     9     4     0     0   -15.0   46.538 -118.325    640.0    939.2
     1     1    17     8     9     3     0     0   -16.0   46.514 -118.299    644.9    936.3
     1     1    17     8     9     2     0     0   -17.0   46.474 -118.304    626.3    940.5
     1     1    17     8     9     1     0     0   -18.0   46.484 -118.250    634.8    941.7
     1     1    17     8     9     0     0     0   -19.0   46.481 -118.204    644.8    937.2
     1     1    17     8     8    23     0     0   -20.0   46.422 -118.210    647.4    938.2
     1     1    17     8     8    22     0     0   -21.0   46.399 -118.198    656.5    935.4
     1     1    17     8     8    21     0     0   -22.0   46.393 -118.181    653.0    937.3
     1     1    17     8     8    20     0     0   -23.0   46.383 -118.227    661.9    937.1
     1     1    17     8     8    19     0     0   -24.0   46.374 -118.250    676.4    933.7
     1     1    17     8     8    18     0     0   -25.0   46.385 -118.185    695.5    933.8
     1     1    17     8     8    17     0     0   -26.0   46.422 -118.096    699.2    929.4
     1     1    17     8     8    16     0     0   -27.0   46.470 -117.998    703.1    933.4
     1     1    17     8     8    15     0     0   -28.0   46.494 -117.885    741.9    928.0
