     1     1
    SITE    10     3     1     0     0
     1 BACKWARD OMEGA   
    17     8    16    18   46.392 -119.412   700.0
     1 PRESSURE
     1     1    17     8    16    18     0     0     0.0   46.392 -119.412    700.0    931.4
     1     1    17     8    16    17     0     0    -1.0   46.434 -119.658    676.6    934.3
     1     1    17     8    16    16     0     0    -2.0   46.312 -119.837    682.0    934.7
     1     1    17     8    16    15     0     0    -3.0   46.171 -119.904    702.7    931.5
     1     1    17     8    16    14     0     0    -4.0   46.046 -119.916    717.9    929.6
     1     1    17     8    16    13     0     0    -5.0   45.934 -119.933    716.1    928.8
     1     1    17     8    16    12     0     0    -6.0   45.810 -119.965    668.5    934.3
     1     1    17     8    16    11     0     0    -7.0   45.671 -119.998    638.4    938.4
     1     1    17     8    16    10     0     0    -8.0   45.560 -120.020    610.6    942.1
     1     1    17     8    16     9     0     0    -9.0   45.483 -120.017    615.5    941.0
     1     1    17     8    16     8     0     0   -10.0   45.417 -120.008    615.5    941.5
