     1     1
    SITE    10     3     1     0     0
     1 BACKWARD OMEGA   
    17     8     4    19   46.392 -119.412   700.0
     1 PRESSURE
     1     1    17     8     4    19     0     0     0.0   46.392 -119.412    700.0    931.4
     1     1    17     8     4    18     0     0    -1.0   46.413 -119.331    701.8    931.2
     1     1    17     8     4    17     0     0    -2.0   46.483 -119.221    696.4    932.4
     1     1    17     8     4    16     0     0    -3.0   46.548 -119.098    714.1    929.3
     1     1    17     8     4    15     0     0    -4.0   46.580 -118.988    713.2    929.7
     1     1    17     8     4    14     0     0    -5.0   46.602 -118.981    715.7    929.8
     1     1    17     8     4    13     0     0    -6.0   46.599 -119.054    711.3    928.1
     1     1    17     8     4    12     0     0    -7.0   46.556 -119.132    690.3    933.2
     1     1    17     8     4    11     0     0    -8.0   46.581 -119.188    686.5    934.0
     1     1    17     8     4    10     0     0    -9.0   46.698 -119.211    656.2    934.4
     1     1    17     8     4     9     0     0   -10.0   46.813 -119.246    647.9    938.1
     1     1    17     8     4     8     0     0   -11.0   46.846 -119.292    656.3    936.2
     1     1    17     8     4     7     0     0   -12.0   46.835 -119.329    655.6    937.1
     1     1    17     8     4     6     0     0   -13.0   46.816 -119.336    658.0    936.6
     1     1    17     8     4     5     0     0   -14.0   46.804 -119.362    658.5    936.0
     1     1    17     8     4     4     0     0   -15.0   46.769 -119.392    655.3    937.0
     1     1    17     8     4     3     0     0   -16.0   46.707 -119.363    647.1    937.5
     1     1    17     8     4     2     0     0   -17.0   46.653 -119.342    641.6    939.5
     1     1    17     8     4     1     0     0   -18.0   46.597 -119.347    656.6    936.7
     1     1    17     8     4     0     0     0   -19.0   46.544 -119.340    660.4    934.8
     1     1    17     8     3    23     0     0   -20.0   46.486 -119.346    671.6    936.7
     1     1    17     8     3    22     0     0   -21.0   46.416 -119.355    667.3    935.1
     1     1    17     8     3    21     0     0   -22.0   46.340 -119.318    665.4    935.5
     1     1    17     8     3    20     0     0   -23.0   46.247 -119.297    660.9    936.6
     1     1    17     8     3    19     0     0   -24.0   46.145 -119.316    656.5    935.9
     1     1    17     8     3    18     0     0   -25.0   46.050 -119.293    651.8    937.0
     1     1    17     8     3    17     0     0   -26.0   46.011 -119.185    657.6    937.1
     1     1    17     8     3    16     0     0   -27.0   46.045 -119.053    655.0    936.9
     1     1    17     8     3    15     0     0   -28.0   46.091 -118.944    638.2    938.7
     1     1    17     8     3    14     0     0   -29.0   46.068 -118.885    631.5    940.0
     1     1    17     8     3    13     0     0   -30.0   46.060 -118.846    644.2    938.3
     1     1    17     8     3    12     0     0   -31.0   46.123 -118.773    647.4    937.9
     1     1    17     8     3    11     0     0   -32.0   46.156 -118.814    649.9    937.3
     1     1    17     8     3    10     0     0   -33.0   46.120 -118.899    676.0    933.1
     1     1    17     8     3     9     0     0   -34.0   46.061 -118.901    668.7    934.7
     1     1    17     8     3     8     0     0   -35.0   46.026 -118.872    659.6    937.6
     1     1    17     8     3     7     0     0   -36.0   46.000 -118.844    657.1    936.5
     1     1    17     8     3     6     0     0   -37.0   45.995 -118.848    656.3    936.9
     1     1    17     8     3     5     0     0   -38.0   45.989 -118.858    651.2    936.7
     1     1    17     8     3     4     0     0   -39.0   46.002 -118.824    643.0    938.3
     1     1    17     8     3     3     0     0   -40.0   46.059 -118.774    673.7    937.5
     1     1    17     8     3     2     0     0   -41.0   46.126 -118.742    708.3    929.0
     1     1    17     8     3     1     0     0   -42.0   46.155 -118.681    728.5    927.8
     1     1    17     8     3     0     0     0   -43.0   46.133 -118.646    737.3    926.4
     1     1    17     8     2    23     0     0   -44.0   46.111 -118.617    720.7    927.5
     1     1    17     8     2    22     0     0   -45.0   46.081 -118.574    706.6    931.9
     1     1    17     8     2    21     0     0   -46.0   46.080 -118.590    705.8    932.6
     1     1    17     8     2    20     0     0   -47.0   46.094 -118.568    700.6    930.3
     1     1    17     8     2    19     0     0   -48.0   46.124 -118.539    697.3    932.2
     1     1    17     8     2    18     0     0   -49.0   46.222 -118.542    697.8    931.0
     1     1    17     8     2    17     0     0   -50.0   46.360 -118.499    686.6    932.9
     1     1    17     8     2    16     0     0   -51.0   46.504 -118.417    671.8    934.1
     1     1    17     8     2    15     0     0   -52.0   46.637 -118.308    656.6    937.4
     1     1    17     8     2    14     0     0   -53.0   46.759 -118.206    679.3    933.8
     1     1    17     8     2    13     0     0   -54.0   46.890 -118.116    689.8    933.4
     1     1    17     8     2    12     0     0   -55.0   46.954 -117.965    721.1    928.1
