     1     1
    SITE    10     3     1     0     0
     1 BACKWARD OMEGA   
    17     8     4     7   46.392 -119.412   700.0
     1 PRESSURE
     1     1    17     8     4     7     0     0     0.0   46.392 -119.412    700.0    931.4
     1     1    17     8     4     6     0     0    -1.0   46.373 -119.419    700.0    931.4
     1     1    17     8     4     5     0     0    -2.0   46.360 -119.445    705.8    931.5
     1     1    17     8     4     4     0     0    -3.0   46.325 -119.474    719.8    930.0
     1     1    17     8     4     3     0     0    -4.0   46.263 -119.447    726.0    925.5
     1     1    17     8     4     2     0     0    -5.0   46.206 -119.428    714.9    930.3
     1     1    17     8     4     1     0     0    -6.0   46.149 -119.431    720.4    930.3
     1     1    17     8     4     0     0     0    -7.0   46.096 -119.424    724.8    927.0
     1     1    17     8     3    23     0     0    -8.0   46.039 -119.429    714.3    929.5
     1     1    17     8     3    22     0     0    -9.0   45.971 -119.439    705.4    931.8
     1     1    17     8     3    21     0     0   -10.0   45.897 -119.404    703.1    931.0
     1     1    17     8     3    20     0     0   -11.0   45.804 -119.381    691.3    932.0
     1     1    17     8     3    19     0     0   -12.0   45.701 -119.399    684.1    934.3
     1     1    17     8     3    18     0     0   -13.0   45.605 -119.376    677.0    933.7
     1     1    17     8     3    17     0     0   -14.0   45.563 -119.273    658.0    936.4
     1     1    17     8     3    16     0     0   -15.0   45.597 -119.146    650.1    937.6
     1     1    17     8     3    15     0     0   -16.0   45.640 -119.039    642.0    938.4
     1     1    17     8     3    14     0     0   -17.0   45.615 -118.984    644.2    938.1
     1     1    17     8     3    13     0     0   -18.0   45.609 -118.945    650.6    937.5
     1     1    17     8     3    12     0     0   -19.0   45.671 -118.868    638.9    936.8
     1     1    17     8     3    11     0     0   -20.0   45.704 -118.907    625.2    941.2
     1     1    17     8     3    10     0     0   -21.0   45.671 -118.992    632.4    939.8
     1     1    17     8     3     9     0     0   -22.0   45.612 -118.996    634.5    938.5
     1     1    17     8     3     8     0     0   -23.0   45.578 -118.969    620.3    941.6
     1     1    17     8     3     7     0     0   -24.0   45.553 -118.939    618.2    941.6
     1     1    17     8     3     6     0     0   -25.0   45.549 -118.943    620.5    940.9
     1     1    17     8     3     5     0     0   -26.0   45.544 -118.953    621.0    940.4
     1     1    17     8     3     4     0     0   -27.0   45.556 -118.917    617.1    940.7
     1     1    17     8     3     3     0     0   -28.0   45.612 -118.865    616.3    941.9
     1     1    17     8     3     2     0     0   -29.0   45.677 -118.831    618.9    940.5
     1     1    17     8     3     1     0     0   -30.0   45.705 -118.768    616.7    941.1
     1     1    17     8     3     0     0     0   -31.0   45.683 -118.736    619.4    940.1
     1     1    17     8     2    23     0     0   -32.0   45.661 -118.707    623.0    940.5
     1     1    17     8     2    22     0     0   -33.0   45.631 -118.665    623.0    939.6
     1     1    17     8     2    21     0     0   -34.0   45.630 -118.682    626.4    940.5
     1     1    17     8     2    20     0     0   -35.0   45.643 -118.660    633.7    940.8
     1     1    17     8     2    19     0     0   -36.0   45.670 -118.635    644.4    938.3
     1     1    17     8     2    18     0     0   -37.0   45.767 -118.640    638.7    937.5
     1     1    17     8     2    17     0     0   -38.0   45.902 -118.600    614.6    941.5
     1     1    17     8     2    16     0     0   -39.0   46.047 -118.514    640.5    937.9
     1     1    17     8     2    15     0     0   -40.0   46.181 -118.404    655.0    936.5
     1     1    17     8     2    14     0     0   -41.0   46.304 -118.298    673.8    935.0
     1     1    17     8     2    13     0     0   -42.0   46.429 -118.209    696.0    930.9
     1     1    17     8     2    12     0     0   -43.0   46.488 -118.060    698.4    931.6
     1     1    17     8     2    11     0     0   -44.0   46.567 -117.915    703.3    931.1
