     1     1
    SITE    10     3     1     0     0
     1 BACKWARD OMEGA   
    17     8    28    22   46.392 -119.412   700.0
     1 PRESSURE
     1     1    17     8    28    22     0     0     0.0   46.392 -119.412    700.0    931.4
     1     1    17     8    28    21     0     0    -1.0   46.388 -119.449    696.4    931.8
     1     1    17     8    28    20     0     0    -2.0   46.384 -119.523    691.2    932.5
     1     1    17     8    28    19     0     0    -3.0   46.354 -119.595    697.3    931.7
     1     1    17     8    28    18     0     0    -4.0   46.367 -119.650    690.8    931.1
     1     1    17     8    28    17     0     0    -5.0   46.435 -119.724    682.0    934.0
     1     1    17     8    28    16     0     0    -6.0   46.463 -119.820    674.6    934.5
     1     1    17     8    28    15     0     0    -7.0   46.504 -119.899    677.7    934.0
     1     1    17     8    28    14     0     0    -8.0   46.536 -119.859    695.6    931.9
     1     1    17     8    28    13     0     0    -9.0   46.564 -119.762    693.0    932.5
     1     1    17     8    28    12     0     0   -10.0   46.660 -119.719    687.7    932.4
     1     1    17     8    28    11     0     0   -11.0   46.772 -119.713    676.8    933.8
     1     1    17     8    28    10     0     0   -12.0   46.901 -119.745    699.3    932.8
     1     1    17     8    28     9     0     0   -13.0   47.043 -119.813    732.2    927.8
     1     1    17     8    28     8     0     0   -14.0   47.057 -119.854    745.7    926.4
     1     1    17     8    28     7     0     0   -15.0   46.990 -119.892    755.2    924.4
     1     1    17     8    28     6     0     0   -16.0   47.005 -119.961    753.0    926.0
     1     1    17     8    28     5     0     0   -17.0   47.058 -119.947    750.0    923.2
     1     1    17     8    28     4     0     0   -18.0   47.073 -119.874    747.2    926.0
     1     1    17     8    28     3     0     0   -19.0   47.034 -119.847    747.6    926.5
     1     1    17     8    28     2     0     0   -20.0   46.992 -119.826    746.1    925.3
     1     1    17     8    28     1     0     0   -21.0   46.944 -119.785    752.3    926.6
     1     1    17     8    28     0     0     0   -22.0   46.897 -119.740    765.9    923.0
     1     1    17     8    27    23     0     0   -23.0   46.862 -119.715    760.7    923.9
     1     1    17     8    27    22     0     0   -24.0   46.833 -119.731    759.1    925.4
     1     1    17     8    27    21     0     0   -25.0   46.823 -119.762    758.7    924.0
     1     1    17     8    27    20     0     0   -26.0   46.826 -119.811    759.4    925.4
     1     1    17     8    27    19     0     0   -27.0   46.824 -119.860    765.8    923.2
     1     1    17     8    27    18     0     0   -28.0   46.806 -119.896    769.6    923.8
     1     1    17     8    27    17     0     0   -29.0   46.766 -119.919    775.9    922.8
     1     1    17     8    27    16     0     0   -30.0   46.708 -119.937    774.9    921.8
     1     1    17     8    27    15     0     0   -31.0   46.702 -119.939    776.3    923.7
     1     1    17     8    27    14     0     0   -32.0   46.741 -119.885    770.7    921.7
     1     1    17     8    27    13     0     0   -33.0   46.760 -119.804    766.0    924.8
     1     1    17     8    27    12     0     0   -34.0   46.745 -119.726    777.3    923.4
     1     1    17     8    27    11     0     0   -35.0   46.704 -119.678    787.3    920.6
     1     1    17     8    27    10     0     0   -36.0   46.658 -119.661    783.1    921.5
     1     1    17     8    27     9     0     0   -37.0   46.611 -119.652    781.7    922.9
     1     1    17     8    27     8     0     0   -38.0   46.572 -119.634    778.9    921.5
     1     1    17     8    27     7     0     0   -39.0   46.545 -119.631    773.1    923.8
     1     1    17     8    27     6     0     0   -40.0   46.550 -119.658    780.2    922.6
     1     1    17     8    27     5     0     0   -41.0   46.579 -119.693    778.0    921.1
     1     1    17     8    27     4     0     0   -42.0   46.597 -119.736    772.1    924.2
     1     1    17     8    27     3     0     0   -43.0   46.598 -119.777    773.2    922.9
     1     1    17     8    27     2     0     0   -44.0   46.578 -119.819    772.2    923.1
     1     1    17     8    27     1     0     0   -45.0   46.540 -119.849    771.4    923.0
     1     1    17     8    27     0     0     0   -46.0   46.492 -119.883    772.5    924.1
     1     1    17     8    26    23     0     0   -47.0   46.457 -119.951    769.2    921.7
     1     1    17     8    26    22     0     0   -48.0   46.429 -119.989    760.9    925.7
     1     1    17     8    26    21     0     0   -49.0   46.422 -120.003    765.3    923.8
     1     1    17     8    26    20     0     0   -50.0   46.429 -120.038    766.8    924.1
     1     1    17     8    26    19     0     0   -51.0   46.412 -120.068    765.8    923.3
     1     1    17     8    26    18     0     0   -52.0   46.367 -120.089    762.3    924.7
     1     1    17     8    26    17     0     0   -53.0   46.370 -120.064    748.1    924.8
     1     1    17     8    26    16     0     0   -54.0   46.433 -119.992    747.5    926.1
     1     1    17     8    26    15     0     0   -55.0   46.436 -119.904    755.4    925.4
     1     1    17     8    26    14     0     0   -56.0   46.440 -119.819    783.7    923.7
     1     1    17     8    26    13     0     0   -57.0   46.476 -119.725    807.5    918.2
     1     1    17     8    26    12     0     0   -58.0   46.508 -119.637    820.6    917.7
     1     1    17     8    26    11     0     0   -59.0   46.539 -119.555    824.0    917.4
     1     1    17     8    26    10     0     0   -60.0   46.570 -119.479    815.0    918.0
     1     1    17     8    26     9     0     0   -61.0   46.583 -119.485    810.1    920.2
     1     1    17     8    26     8     0     0   -62.0   46.559 -119.514    802.3    921.0
     1     1    17     8    26     7     0     0   -63.0   46.527 -119.506    803.9    919.5
     1     1    17     8    26     6     0     0   -64.0   46.515 -119.525    806.4    919.6
     1     1    17     8    26     5     0     0   -65.0   46.508 -119.530    814.0    918.7
     1     1    17     8    26     4     0     0   -66.0   46.506 -119.533    821.9    917.6
     1     1    17     8    26     3     0     0   -67.0   46.506 -119.560    827.5    917.0
     1     1    17     8    26     2     0     0   -68.0   46.493 -119.582    829.1    916.9
     1     1    17     8    26     1     0     0   -69.0   46.482 -119.607    827.5    916.8
     1     1    17     8    26     0     0     0   -70.0   46.457 -119.644    823.9    917.7
     1     1    17     8    25    23     0     0   -71.0   46.453 -119.694    820.1    917.9
     1     1    17     8    25    22     0     0   -72.0   46.460 -119.745    814.0    919.0
