     1     1
    SITE    10     3     1     0     0
     1 BACKWARD OMEGA   
    17     8    28    21   46.392 -119.412   700.0
     1 PRESSURE
     1     1    17     8    28    21     0     0     0.0   46.392 -119.412    700.0    931.4
     1     1    17     8    28    20     0     0    -1.0   46.388 -119.486    694.3    932.1
     1     1    17     8    28    19     0     0    -2.0   46.359 -119.558    699.3    931.5
     1     1    17     8    28    18     0     0    -3.0   46.371 -119.614    697.7    930.7
     1     1    17     8    28    17     0     0    -4.0   46.439 -119.688    687.3    932.4
     1     1    17     8    28    16     0     0    -5.0   46.467 -119.785    674.2    934.5
     1     1    17     8    28    15     0     0    -6.0   46.506 -119.864    673.3    934.7
     1     1    17     8    28    14     0     0    -7.0   46.539 -119.825    684.7    933.3
     1     1    17     8    28    13     0     0    -8.0   46.568 -119.729    687.2    933.4
     1     1    17     8    28    12     0     0    -9.0   46.666 -119.685    691.0    932.0
     1     1    17     8    28    11     0     0   -10.0   46.778 -119.678    688.1    932.3
     1     1    17     8    28    10     0     0   -11.0   46.906 -119.711    708.7    932.2
     1     1    17     8    28     9     0     0   -12.0   47.049 -119.779    742.3    926.6
     1     1    17     8    28     8     0     0   -13.0   47.063 -119.822    756.0    925.2
     1     1    17     8    28     7     0     0   -14.0   46.997 -119.860    767.1    923.2
     1     1    17     8    28     6     0     0   -15.0   47.012 -119.929    763.2    924.9
     1     1    17     8    28     5     0     0   -16.0   47.065 -119.914    763.9    922.2
     1     1    17     8    28     4     0     0   -17.0   47.081 -119.842    768.1    923.3
     1     1    17     8    28     3     0     0   -18.0   47.042 -119.814    768.8    923.9
     1     1    17     8    28     2     0     0   -19.0   47.000 -119.793    769.4    923.1
     1     1    17     8    28     1     0     0   -20.0   46.952 -119.753    773.6    923.3
     1     1    17     8    28     0     0     0   -21.0   46.904 -119.708    781.7    921.9
     1     1    17     8    27    23     0     0   -22.0   46.869 -119.683    776.4    922.0
     1     1    17     8    27    22     0     0   -23.0   46.841 -119.699    772.9    924.0
     1     1    17     8    27    21     0     0   -24.0   46.830 -119.730    773.3    922.5
     1     1    17     8    27    20     0     0   -25.0   46.833 -119.779    773.4    923.5
     1     1    17     8    27    19     0     0   -26.0   46.831 -119.828    779.4    921.9
     1     1    17     8    27    18     0     0   -27.0   46.814 -119.864    784.1    922.3
     1     1    17     8    27    17     0     0   -28.0   46.774 -119.888    790.4    921.0
     1     1    17     8    27    16     0     0   -29.0   46.714 -119.905    783.7    920.5
     1     1    17     8    27    15     0     0   -30.0   46.709 -119.907    785.3    923.6
     1     1    17     8    27    14     0     0   -31.0   46.747 -119.854    783.8    921.2
     1     1    17     8    27    13     0     0   -32.0   46.765 -119.773    785.3    922.0
     1     1    17     8    27    12     0     0   -33.0   46.751 -119.694    802.5    921.1
     1     1    17     8    27    11     0     0   -34.0   46.710 -119.647    823.4    915.7
     1     1    17     8    27    10     0     0   -35.0   46.664 -119.629    821.8    917.3
     1     1    17     8    27     9     0     0   -36.0   46.618 -119.620    820.9    918.4
     1     1    17     8    27     8     0     0   -37.0   46.579 -119.601    815.5    917.4
     1     1    17     8    27     7     0     0   -38.0   46.552 -119.599    806.3    920.1
     1     1    17     8    27     6     0     0   -39.0   46.557 -119.626    810.0    919.3
     1     1    17     8    27     5     0     0   -40.0   46.586 -119.661    804.9    918.3
     1     1    17     8    27     4     0     0   -41.0   46.604 -119.703    798.7    921.4
     1     1    17     8    27     3     0     0   -42.0   46.605 -119.744    798.7    919.9
     1     1    17     8    27     2     0     0   -43.0   46.586 -119.786    793.5    920.6
     1     1    17     8    27     1     0     0   -44.0   46.548 -119.817    785.9    921.3
     1     1    17     8    27     0     0     0   -45.0   46.500 -119.851    781.0    923.2
     1     1    17     8    26    23     0     0   -46.0   46.465 -119.919    774.0    921.4
     1     1    17     8    26    22     0     0   -47.0   46.437 -119.956    762.9    926.1
     1     1    17     8    26    21     0     0   -48.0   46.431 -119.970    771.8    923.3
     1     1    17     8    26    20     0     0   -49.0   46.438 -120.004    778.8    922.5
     1     1    17     8    26    19     0     0   -50.0   46.420 -120.035    780.8    921.7
     1     1    17     8    26    18     0     0   -51.0   46.376 -120.055    773.2    922.7
     1     1    17     8    26    17     0     0   -52.0   46.379 -120.031    761.0    924.0
     1     1    17     8    26    16     0     0   -53.0   46.442 -119.958    768.7    923.5
     1     1    17     8    26    15     0     0   -54.0   46.445 -119.870    778.8    922.5
     1     1    17     8    26    14     0     0   -55.0   46.449 -119.786    806.0    921.0
     1     1    17     8    26    13     0     0   -56.0   46.485 -119.693    829.3    915.6
     1     1    17     8    26    12     0     0   -57.0   46.517 -119.605    841.7    915.5
     1     1    17     8    26    11     0     0   -58.0   46.549 -119.523    850.3    915.2
     1     1    17     8    26    10     0     0   -59.0   46.579 -119.446    843.5    914.3
     1     1    17     8    26     9     0     0   -60.0   46.593 -119.453    837.6    917.3
     1     1    17     8    26     8     0     0   -61.0   46.569 -119.482    837.0    916.5
     1     1    17     8    26     7     0     0   -62.0   46.537 -119.474    840.3    915.2
     1     1    17     8    26     6     0     0   -63.0   46.524 -119.493    839.8    915.9
     1     1    17     8    26     5     0     0   -64.0   46.518 -119.498    846.4    915.7
     1     1    17     8    26     4     0     0   -65.0   46.516 -119.501    850.3    914.5
     1     1    17     8    26     3     0     0   -66.0   46.515 -119.527    854.7    914.5
     1     1    17     8    26     2     0     0   -67.0   46.503 -119.550    856.7    913.8
     1     1    17     8    26     1     0     0   -68.0   46.492 -119.575    854.6    914.0
     1     1    17     8    26     0     0     0   -69.0   46.466 -119.612    854.2    914.7
     1     1    17     8    25    23     0     0   -70.0   46.462 -119.662    852.0    914.1
     1     1    17     8    25    22     0     0   -71.0   46.470 -119.714    846.8    916.0
     1     1    17     8    25    21     0     0   -72.0   46.431 -119.763    834.9    915.0
