     1     1
    SITE    10     3     1     0     0
     1 BACKWARD OMEGA   
    17     8    16    15   46.392 -119.412   700.0
     1 PRESSURE
     1     1    17     8    16    15     0     0     0.0   46.392 -119.412    700.0    931.4
     1     1    17     8    16    14     0     0    -1.0   46.262 -119.433    696.7    931.8
     1     1    17     8    16    13     0     0    -2.0   46.134 -119.444    679.3    933.6
     1     1    17     8    16    12     0     0    -3.0   46.001 -119.462    688.1    932.8
     1     1    17     8    16    11     0     0    -4.0   45.852 -119.496    659.0    935.8
     1     1    17     8    16    10     0     0    -5.0   45.709 -119.550    659.7    936.5
     1     1    17     8    16     9     0     0    -6.0   45.583 -119.569    655.3    936.3
     1     1    17     8    16     8     0     0    -7.0   45.486 -119.556    637.7    939.5
     1     1    17     8    16     7     0     0    -8.0   45.440 -119.548    639.4    938.7
     1     1    17     8    16     6     0     0    -9.0   45.423 -119.572    639.4    938.8
     1     1    17     8    16     5     0     0   -10.0   45.392 -119.596    638.2    939.0
