     1     1
    SITE    10     3     1     0     0
     1 BACKWARD OMEGA   
    17     8    27    17   46.392 -119.412   700.0
     1 PRESSURE
     1     1    17     8    27    17     0     0     0.0   46.392 -119.412    700.0    931.4
     1     1    17     8    27    16     0     0    -1.0   46.332 -119.429    694.1    932.1
     1     1    17     8    27    15     0     0    -2.0   46.326 -119.431    686.0    934.1
     1     1    17     8    27    14     0     0    -3.0   46.365 -119.377    688.3    931.8
     1     1    17     8    27    13     0     0    -4.0   46.383 -119.297    682.5    933.0
     1     1    17     8    27    12     0     0    -5.0   46.368 -119.218    680.1    934.4
     1     1    17     8    27    11     0     0    -6.0   46.327 -119.171    677.2    934.2
     1     1    17     8    27    10     0     0    -7.0   46.283 -119.153    676.8    934.6
     1     1    17     8    27     9     0     0    -8.0   46.238 -119.144    682.7    933.9
     1     1    17     8    27     8     0     0    -9.0   46.201 -119.126    685.9    932.3
     1     1    17     8    27     7     0     0   -10.0   46.175 -119.124    679.1    933.6
     1     1    17     8    27     6     0     0   -11.0   46.180 -119.152    671.0    934.9
     1     1    17     8    27     5     0     0   -12.0   46.208 -119.185    664.2    935.5
     1     1    17     8    27     4     0     0   -13.0   46.227 -119.226    659.6    936.5
     1     1    17     8    27     3     0     0   -14.0   46.229 -119.266    657.4    936.7
     1     1    17     8    27     2     0     0   -15.0   46.210 -119.306    655.1    936.5
     1     1    17     8    27     1     0     0   -16.0   46.173 -119.335    646.8    937.0
     1     1    17     8    27     0     0     0   -17.0   46.124 -119.367    640.2    939.5
     1     1    17     8    26    23     0     0   -18.0   46.088 -119.433    637.8    938.4
     1     1    17     8    26    22     0     0   -19.0   46.059 -119.470    640.5    939.6
     1     1    17     8    26    21     0     0   -20.0   46.052 -119.485    643.1    937.3
     1     1    17     8    26    20     0     0   -21.0   46.057 -119.519    639.4    939.3
     1     1    17     8    26    19     0     0   -22.0   46.040 -119.549    644.7    938.8
     1     1    17     8    26    18     0     0   -23.0   45.996 -119.568    653.1    936.3
     1     1    17     8    26    17     0     0   -24.0   46.000 -119.542    660.2    936.6
     1     1    17     8    26    16     0     0   -25.0   46.064 -119.466    657.4    936.6
     1     1    17     8    26    15     0     0   -26.0   46.068 -119.379    646.9    936.4
     1     1    17     8    26    14     0     0   -27.0   46.073 -119.297    665.8    938.2
     1     1    17     8    26    13     0     0   -28.0   46.109 -119.205    678.8    931.6
     1     1    17     8    26    12     0     0   -29.0   46.142 -119.118    679.2    933.8
     1     1    17     8    26    11     0     0   -30.0   46.175 -119.035    681.2    934.1
     1     1    17     8    26    10     0     0   -31.0   46.206 -118.957    686.8    933.2
     1     1    17     8    26     9     0     0   -32.0   46.221 -118.962    695.1    932.1
     1     1    17     8    26     8     0     0   -33.0   46.196 -118.992    704.5    929.4
     1     1    17     8    26     7     0     0   -34.0   46.164 -118.985    703.1    931.1
     1     1    17     8    26     6     0     0   -35.0   46.151 -119.004    706.1    931.1
     1     1    17     8    26     5     0     0   -36.0   46.145 -119.008    711.7    929.8
     1     1    17     8    26     4     0     0   -37.0   46.144 -119.011    713.4    930.1
     1     1    17     8    26     3     0     0   -38.0   46.143 -119.037    714.3    929.0
     1     1    17     8    26     2     0     0   -39.0   46.131 -119.060    712.0    930.4
     1     1    17     8    26     1     0     0   -40.0   46.119 -119.086    707.9    929.9
     1     1    17     8    26     0     0     0   -41.0   46.093 -119.124    708.7    931.6
     1     1    17     8    25    23     0     0   -42.0   46.090 -119.175    715.0    929.1
     1     1    17     8    25    22     0     0   -43.0   46.098 -119.226    724.2    929.5
     1     1    17     8    25    21     0     0   -44.0   46.059 -119.276    720.5    926.7
     1     1    17     8    25    20     0     0   -45.0   45.996 -119.318    710.8    931.1
     1     1    17     8    25    19     0     0   -46.0   45.911 -119.324    691.7    930.4
     1     1    17     8    25    18     0     0   -47.0   45.805 -119.295    663.8    935.7
     1     1    17     8    25    17     0     0   -48.0   45.700 -119.269    652.1    937.0
     1     1    17     8    25    16     0     0   -49.0   45.611 -119.233    634.4    938.5
     1     1    17     8    25    15     0     0   -50.0   45.537 -119.186    611.7    942.1
     1     1    17     8    25    14     0     0   -51.0   45.458 -119.137    585.2    944.6
     1     1    17     8    25    13     0     0   -52.0   45.376 -119.124    559.7    947.0
