     1     1
    SITE    10     3     1     0     0
     1 BACKWARD OMEGA   
    17     8    24     1   46.392 -119.412   700.0
     1 PRESSURE
     1     1    17     8    24     1     0     0     0.0   46.392 -119.412    700.0    931.4
     1     1    17     8    24     0     0     0    -1.0   46.345 -119.404    692.3    932.3
     1     1    17     8    23    23     0     0    -2.0   46.322 -119.435    691.9    932.5
     1     1    17     8    23    22     0     0    -3.0   46.296 -119.452    691.5    932.0
     1     1    17     8    23    21     0     0    -4.0   46.307 -119.496    690.5    932.7
     1     1    17     8    23    20     0     0    -5.0   46.304 -119.534    691.2    931.5
     1     1    17     8    23    19     0     0    -6.0   46.236 -119.492    682.5    933.9
     1     1    17     8    23    18     0     0    -7.0   46.162 -119.405    681.3    933.7
     1     1    17     8    23    17     0     0    -8.0   46.079 -119.337    684.3    932.4
     1     1    17     8    23    16     0     0    -9.0   45.983 -119.290    670.6    934.7
     1     1    17     8    23    15     0     0   -10.0   45.868 -119.237    647.6    936.0
     1     1    17     8    23    14     0     0   -11.0   45.742 -119.138    608.4    941.8
     1     1    17     8    23    13     0     0   -12.0   45.615 -119.028    585.2    944.6
     1     1    17     8    23    12     0     0   -13.0   45.471 -118.967    597.3    943.2
