     1     1
    SITE    10     3     1     0     0
     1 BACKWARD OMEGA   
    17     8    18     5   46.392 -119.412   700.0
     1 PRESSURE
     1     1    17     8    18     5     0     0     0.0   46.392 -119.412    700.0    931.4
     1     1    17     8    18     4     0     0    -1.0   46.349 -119.427    710.5    930.2
     1     1    17     8    18     3     0     0    -2.0   46.288 -119.398    739.5    926.5
     1     1    17     8    18     2     0     0    -3.0   46.272 -119.400    747.5    925.7
     1     1    17     8    18     1     0     0    -4.0   46.263 -119.400    741.7    926.2
     1     1    17     8    18     0     0     0    -5.0   46.231 -119.360    727.8    927.7
     1     1    17     8    17    23     0     0    -6.0   46.188 -119.309    706.6    930.4
     1     1    17     8    17    22     0     0    -7.0   46.203 -119.322    709.3    933.0
     1     1    17     8    17    21     0     0    -8.0   46.225 -119.402    688.9    932.2
     1     1    17     8    17    20     0     0    -9.0   46.164 -119.436    674.5    937.3
     1     1    17     8    17    19     0     0   -10.0   46.088 -119.419    660.8    935.9
     1     1    17     8    17    18     0     0   -11.0   46.007 -119.442    636.3    938.9
     1     1    17     8    17    17     0     0   -12.0   45.892 -119.526    621.7    940.7
     1     1    17     8    17    16     0     0   -13.0   45.748 -119.616    624.4    940.6
     1     1    17     8    17    15     0     0   -14.0   45.620 -119.648    636.4    938.2
     1     1    17     8    17    14     0     0   -15.0   45.512 -119.647    613.2    941.9
     1     1    17     8    17    13     0     0   -16.0   45.409 -119.629    597.7    942.5
