     1     1
    SITE    10     3     1     0     0
     1 BACKWARD OMEGA   
    17     8    26     9   46.392 -119.412   700.0
     1 PRESSURE
     1     1    17     8    26     9     0     0     0.0   46.392 -119.412    700.0    931.4
     1     1    17     8    26     8     0     0    -1.0   46.367 -119.440    702.3    931.1
     1     1    17     8    26     7     0     0    -2.0   46.335 -119.433    691.7    932.1
     1     1    17     8    26     6     0     0    -3.0   46.323 -119.452    684.7    933.8
     1     1    17     8    26     5     0     0    -4.0   46.317 -119.456    688.1    933.3
     1     1    17     8    26     4     0     0    -5.0   46.314 -119.458    690.9    931.5
     1     1    17     8    26     3     0     0    -6.0   46.313 -119.484    689.5    932.8
     1     1    17     8    26     2     0     0    -7.0   46.301 -119.507    686.2    932.6
     1     1    17     8    26     1     0     0    -8.0   46.289 -119.533    687.2    934.0
     1     1    17     8    26     0     0     0    -9.0   46.265 -119.569    699.1    931.9
     1     1    17     8    25    23     0     0   -10.0   46.262 -119.617    699.8    930.3
     1     1    17     8    25    22     0     0   -11.0   46.269 -119.670    679.8    932.1
     1     1    17     8    25    21     0     0   -12.0   46.231 -119.719    658.6    937.2
     1     1    17     8    25    20     0     0   -13.0   46.169 -119.761    654.5    936.6
     1     1    17     8    25    19     0     0   -14.0   46.087 -119.770    672.3    937.6
     1     1    17     8    25    18     0     0   -15.0   45.984 -119.743    672.1    935.5
     1     1    17     8    25    17     0     0   -16.0   45.880 -119.718    662.5    935.1
     1     1    17     8    25    16     0     0   -17.0   45.789 -119.681    660.9    937.3
     1     1    17     8    25    15     0     0   -18.0   45.714 -119.633    698.7    931.0
     1     1    17     8    25    14     0     0   -19.0   45.634 -119.580    686.2    933.1
     1     1    17     8    25    13     0     0   -20.0   45.554 -119.572    680.0    933.5
     1     1    17     8    25    12     0     0   -21.0   45.492 -119.566    684.9    933.4
     1     1    17     8    25    11     0     0   -22.0   45.433 -119.550    692.7    931.8
     1     1    17     8    25    10     0     0   -23.0   45.378 -119.530    690.1    933.2
