     1     1
    SITE    10     3     1     0     0
     1 BACKWARD OMEGA   
    17     8    19    15   46.392 -119.412   700.0
     1 PRESSURE
     1     1    17     8    19    15     0     0     0.0   46.392 -119.412    700.0    931.4
     1     1    17     8    19    14     0     0    -1.0   46.315 -119.319    697.2    931.7
     1     1    17     8    19    13     0     0    -2.0   46.249 -119.222    690.6    932.6
     1     1    17     8    19    12     0     0    -3.0   46.238 -119.221    694.2    931.9
     1     1    17     8    19    11     0     0    -4.0   46.304 -119.295    700.2    932.1
     1     1    17     8    19    10     0     0    -5.0   46.374 -119.363    718.5    928.4
     1     1    17     8    19     9     0     0    -6.0   46.450 -119.427    719.1    929.8
     1     1    17     8    19     8     0     0    -7.0   46.509 -119.522    705.0    929.8
     1     1    17     8    19     7     0     0    -8.0   46.500 -119.595    681.6    934.0
     1     1    17     8    19     6     0     0    -9.0   46.441 -119.616    677.7    934.6
     1     1    17     8    19     5     0     0   -10.0   46.374 -119.643    682.7    933.8
     1     1    17     8    19     4     0     0   -11.0   46.303 -119.664    672.6    933.6
     1     1    17     8    19     3     0     0   -12.0   46.224 -119.666    655.6    937.2
     1     1    17     8    19     2     0     0   -13.0   46.156 -119.691    654.3    936.0
     1     1    17     8    19     1     0     0   -14.0   46.112 -119.705    647.2    938.4
     1     1    17     8    19     0     0     0   -15.0   46.057 -119.723    647.4    936.0
     1     1    17     8    18    23     0     0   -16.0   46.051 -119.877    629.9    939.0
     1     1    17     8    18    22     0     0   -17.0   46.170 -120.092    604.4    942.9
     1     1    17     8    18    21     0     0   -18.0   46.374 -120.271    588.4    944.0
     1     1    17     8    18    20     0     0   -19.0   46.564 -120.495    596.4    943.4
     1     1    17     8    18    19     0     0   -20.0   46.732 -120.724    580.1    944.5
     1     1    17     8    18    18     0     0   -21.0   46.906 -120.929    540.5    950.6
