     1     1
    SITE    10     3     1     0     0
     1 BACKWARD OMEGA   
    17     8    20    19   46.392 -119.412   700.0
     1 PRESSURE
     1     1    17     8    20    19     0     0     0.0   46.392 -119.412    700.0    931.4
     1     1    17     8    20    18     0     0    -1.0   46.351 -119.357    702.1    931.2
     1     1    17     8    20    17     0     0    -2.0   46.316 -119.238    701.8    931.1
     1     1    17     8    20    16     0     0    -3.0   46.256 -119.159    683.8    933.0
     1     1    17     8    20    15     0     0    -4.0   46.170 -119.137    658.6    936.3
     1     1    17     8    20    14     0     0    -5.0   46.086 -119.120    646.0    938.4
     1     1    17     8    20    13     0     0    -6.0   46.023 -119.051    643.7    938.1
     1     1    17     8    20    12     0     0    -7.0   45.940 -119.005    650.1    937.2
     1     1    17     8    20    11     0     0    -8.0   45.839 -118.994    661.3    936.7
     1     1    17     8    20    10     0     0    -9.0   45.771 -119.000    668.1    935.0
     1     1    17     8    20     9     0     0   -10.0   45.717 -119.036    667.5    935.4
     1     1    17     8    20     8     0     0   -11.0   45.655 -119.063    660.0    934.8
     1     1    17     8    20     7     0     0   -12.0   45.591 -119.059    644.4    938.4
     1     1    17     8    20     6     0     0   -13.0   45.508 -119.007    647.4    936.8
     1     1    17     8    20     5     0     0   -14.0   45.414 -118.982    635.2    939.4
