     1     1
    SITE    10     3     1     0     0
     1 BACKWARD OMEGA   
    17     8    20    12   46.392 -119.412   700.0
     1 PRESSURE
     1     1    17     8    20    12     0     0     0.0   46.392 -119.412    700.0    931.4
     1     1    17     8    20    11     0     0    -1.0   46.288 -119.405    711.5    930.1
     1     1    17     8    20    10     0     0    -2.0   46.221 -119.412    706.0    931.3
     1     1    17     8    20     9     0     0    -3.0   46.166 -119.445    714.2    929.4
     1     1    17     8    20     8     0     0    -4.0   46.103 -119.474    707.7    930.7
     1     1    17     8    20     7     0     0    -5.0   46.037 -119.467    691.8    931.0
     1     1    17     8    20     6     0     0    -6.0   45.954 -119.411    676.2    934.0
     1     1    17     8    20     5     0     0    -7.0   45.862 -119.387    670.6    936.1
     1     1    17     8    20     4     0     0    -8.0   45.780 -119.390    678.1    933.6
     1     1    17     8    20     3     0     0    -9.0   45.710 -119.387    663.4    935.6
     1     1    17     8    20     2     0     0   -10.0   45.670 -119.351    660.5    936.6
     1     1    17     8    20     1     0     0   -11.0   45.645 -119.310    673.7    933.9
     1     1    17     8    20     0     0     0   -12.0   45.606 -119.268    678.9    933.8
     1     1    17     8    19    23     0     0   -13.0   45.575 -119.272    674.6    933.1
     1     1    17     8    19    22     0     0   -14.0   45.580 -119.352    671.6    934.1
     1     1    17     8    19    21     0     0   -15.0   45.565 -119.383    660.7    935.9
     1     1    17     8    19    20     0     0   -16.0   45.524 -119.420    652.0    938.9
     1     1    17     8    19    19     0     0   -17.0   45.479 -119.461    657.0    936.0
     1     1    17     8    19    18     0     0   -18.0   45.396 -119.421    664.2    933.7
