     1     1
    SITE    10     3     1     0     0
     1 BACKWARD OMEGA   
    17     8    22    16   46.392 -119.412   700.0
     1 PRESSURE
     1     1    17     8    22    16     0     0     0.0   46.392 -119.412    700.0    931.4
     1     1    17     8    22    15     0     0    -1.0   46.275 -119.370    681.2    933.7
     1     1    17     8    22    14     0     0    -2.0   46.172 -119.307    682.2    933.4
     1     1    17     8    22    13     0     0    -3.0   46.110 -119.242    676.3    934.0
     1     1    17     8    22    12     0     0    -4.0   46.077 -119.178    663.7    935.8
     1     1    17     8    22    11     0     0    -5.0   46.044 -119.124    660.8    937.1
     1     1    17     8    22    10     0     0    -6.0   45.988 -119.083    668.9    935.3
     1     1    17     8    22     9     0     0    -7.0   45.919 -119.045    660.1    936.5
     1     1    17     8    22     8     0     0    -8.0   45.850 -119.018    652.6    936.3
     1     1    17     8    22     7     0     0    -9.0   45.792 -118.995    644.0    938.5
     1     1    17     8    22     6     0     0   -10.0   45.761 -118.986    647.7    937.4
     1     1    17     8    22     5     0     0   -11.0   45.764 -118.997    647.9    937.6
     1     1    17     8    22     4     0     0   -12.0   45.782 -119.025    648.2    937.7
     1     1    17     8    22     3     0     0   -13.0   45.810 -119.047    649.2    937.4
     1     1    17     8    22     2     0     0   -14.0   45.818 -119.064    652.5    937.6
     1     1    17     8    22     1     0     0   -15.0   45.808 -119.102    650.7    936.5
     1     1    17     8    22     0     0     0   -16.0   45.797 -119.112    649.5    938.3
     1     1    17     8    21    23     0     0   -17.0   45.773 -119.089    650.5    937.3
     1     1    17     8    21    22     0     0   -18.0   45.748 -119.081    649.2    937.2
     1     1    17     8    21    21     0     0   -19.0   45.762 -119.096    654.2    937.9
     1     1    17     8    21    20     0     0   -20.0   45.830 -119.148    661.5    935.8
     1     1    17     8    21    19     0     0   -21.0   45.909 -119.235    652.0    937.0
     1     1    17     8    21    18     0     0   -22.0   45.987 -119.309    668.3    935.0
     1     1    17     8    21    17     0     0   -23.0   46.021 -119.389    667.1    935.1
     1     1    17     8    21    16     0     0   -24.0   45.994 -119.419    660.2    935.9
     1     1    17     8    21    15     0     0   -25.0   45.969 -119.347    653.8    938.7
     1     1    17     8    21    14     0     0   -26.0   45.997 -119.272    677.4    935.1
     1     1    17     8    21    13     0     0   -27.0   46.061 -119.201    693.5    932.6
     1     1    17     8    21    12     0     0   -28.0   46.087 -119.098    722.7    929.8
     1     1    17     8    21    11     0     0   -29.0   46.130 -119.051    738.4    926.5
     1     1    17     8    21    10     0     0   -30.0   46.212 -119.049    747.2    926.4
     1     1    17     8    21     9     0     0   -31.0   46.232 -118.991    768.3    923.3
     1     1    17     8    21     8     0     0   -32.0   46.205 -118.937    775.1    922.2
     1     1    17     8    21     7     0     0   -33.0   46.175 -118.900    785.9    922.8
     1     1    17     8    21     6     0     0   -34.0   46.157 -118.859    796.0    919.2
     1     1    17     8    21     5     0     0   -35.0   46.145 -118.839    794.9    920.8
     1     1    17     8    21     4     0     0   -36.0   46.132 -118.824    787.6    920.6
     1     1    17     8    21     3     0     0   -37.0   46.118 -118.822    778.4    922.8
     1     1    17     8    21     2     0     0   -38.0   46.095 -118.854    780.7    922.9
     1     1    17     8    21     1     0     0   -39.0   46.066 -118.864    788.7    921.5
     1     1    17     8    21     0     0     0   -40.0   46.039 -118.890    792.9    920.4
     1     1    17     8    20    23     0     0   -41.0   46.062 -118.941    816.6    921.2
     1     1    17     8    20    22     0     0   -42.0   46.129 -118.973    829.9    916.4
     1     1    17     8    20    21     0     0   -43.0   46.150 -119.006    828.4    917.4
     1     1    17     8    20    20     0     0   -44.0   46.118 -119.037    816.6    917.2
     1     1    17     8    20    19     0     0   -45.0   46.070 -119.053    812.9    920.6
     1     1    17     8    20    18     0     0   -46.0   46.029 -118.997    821.6    917.2
     1     1    17     8    20    17     0     0   -47.0   45.993 -118.881    813.3    918.2
     1     1    17     8    20    16     0     0   -48.0   45.929 -118.801    812.8    919.3
     1     1    17     8    20    15     0     0   -49.0   45.841 -118.776    812.4    918.3
     1     1    17     8    20    14     0     0   -50.0   45.756 -118.762    806.4    919.6
     1     1    17     8    20    13     0     0   -51.0   45.694 -118.695    812.1    919.1
     1     1    17     8    20    12     0     0   -52.0   45.614 -118.653    825.8    917.6
     1     1    17     8    20    11     0     0   -53.0   45.511 -118.647    836.5    915.4
     1     1    17     8    20    10     0     0   -54.0   45.443 -118.653    829.7    917.1
     1     1    17     8    20     9     0     0   -55.0   45.389 -118.688    826.7    917.2
