     1     1
    SITE    10     3     1     0     0
     1 BACKWARD OMEGA   
    17     8    22    19   46.392 -119.412   700.0
     1 PRESSURE
     1     1    17     8    22    19     0     0     0.0   46.392 -119.412    700.0    931.4
     1     1    17     8    22    18     0     0    -1.0   46.318 -119.401    719.5    929.2
     1     1    17     8    22    17     0     0    -2.0   46.236 -119.370    740.6    926.9
     1     1    17     8    22    16     0     0    -3.0   46.136 -119.339    760.5    925.5
     1     1    17     8    22    15     0     0    -4.0   46.021 -119.298    782.2    921.3
     1     1    17     8    22    14     0     0    -5.0   45.920 -119.234    780.1    921.9
     1     1    17     8    22    13     0     0    -6.0   45.857 -119.166    772.0    923.3
     1     1    17     8    22    12     0     0    -7.0   45.824 -119.102    769.7    923.6
     1     1    17     8    22    11     0     0    -8.0   45.794 -119.048    767.1    923.4
     1     1    17     8    22    10     0     0    -9.0   45.738 -119.004    765.5    923.9
     1     1    17     8    22     9     0     0   -10.0   45.667 -118.966    753.2    925.1
     1     1    17     8    22     8     0     0   -11.0   45.597 -118.940    732.4    927.3
     1     1    17     8    22     7     0     0   -12.0   45.538 -118.916    713.1    930.3
     1     1    17     8    22     6     0     0   -13.0   45.508 -118.908    705.6    930.7
     1     1    17     8    22     5     0     0   -14.0   45.512 -118.921    707.9    931.7
     1     1    17     8    22     4     0     0   -15.0   45.529 -118.949    714.4    929.5
     1     1    17     8    22     3     0     0   -16.0   45.556 -118.970    716.3    929.2
     1     1    17     8    22     2     0     0   -17.0   45.566 -118.988    711.8    930.2
     1     1    17     8    22     1     0     0   -18.0   45.556 -119.027    713.9    930.2
     1     1    17     8    22     0     0     0   -19.0   45.545 -119.036    715.7    929.2
     1     1    17     8    21    23     0     0   -20.0   45.522 -119.013    713.8    930.1
     1     1    17     8    21    22     0     0   -21.0   45.497 -119.006    720.4    929.6
     1     1    17     8    21    21     0     0   -22.0   45.511 -119.021    733.8    927.5
     1     1    17     8    21    20     0     0   -23.0   45.579 -119.073    724.5    926.5
     1     1    17     8    21    19     0     0   -24.0   45.657 -119.160    722.2    929.6
     1     1    17     8    21    18     0     0   -25.0   45.736 -119.230    726.1    927.5
     1     1    17     8    21    17     0     0   -26.0   45.768 -119.312    705.9    931.0
     1     1    17     8    21    16     0     0   -27.0   45.741 -119.339    699.4    931.8
     1     1    17     8    21    15     0     0   -28.0   45.719 -119.266    698.9    930.7
     1     1    17     8    21    14     0     0   -29.0   45.747 -119.189    698.2    932.5
     1     1    17     8    21    13     0     0   -30.0   45.810 -119.117    699.9    931.6
     1     1    17     8    21    12     0     0   -31.0   45.837 -119.017    689.3    931.0
     1     1    17     8    21    11     0     0   -32.0   45.883 -118.971    691.3    932.8
     1     1    17     8    21    10     0     0   -33.0   45.964 -118.967    707.2    930.5
     1     1    17     8    21     9     0     0   -34.0   45.985 -118.912    715.1    929.6
     1     1    17     8    21     8     0     0   -35.0   45.958 -118.860    713.6    929.2
     1     1    17     8    21     7     0     0   -36.0   45.928 -118.824    714.1    931.1
     1     1    17     8    21     6     0     0   -37.0   45.910 -118.784    720.9    928.3
     1     1    17     8    21     5     0     0   -38.0   45.899 -118.764    720.9    928.9
     1     1    17     8    21     4     0     0   -39.0   45.886 -118.749    718.9    929.2
     1     1    17     8    21     3     0     0   -40.0   45.872 -118.746    716.1    929.5
     1     1    17     8    21     2     0     0   -41.0   45.848 -118.780    713.6    930.0
     1     1    17     8    21     1     0     0   -42.0   45.819 -118.792    713.7    929.8
     1     1    17     8    21     0     0     0   -43.0   45.791 -118.820    709.6    929.4
     1     1    17     8    20    23     0     0   -44.0   45.813 -118.869    691.6    931.2
     1     1    17     8    20    22     0     0   -45.0   45.879 -118.900    685.6    933.0
     1     1    17     8    20    21     0     0   -46.0   45.900 -118.930    688.2    933.9
     1     1    17     8    20    20     0     0   -47.0   45.867 -118.961    690.1    932.5
     1     1    17     8    20    19     0     0   -48.0   45.820 -118.978    687.4    932.4
     1     1    17     8    20    18     0     0   -49.0   45.778 -118.922    672.5    933.6
     1     1    17     8    20    17     0     0   -50.0   45.744 -118.806    682.0    933.6
     1     1    17     8    20    16     0     0   -51.0   45.680 -118.725    676.9    934.2
     1     1    17     8    20    15     0     0   -52.0   45.591 -118.700    676.5    933.6
     1     1    17     8    20    14     0     0   -53.0   45.507 -118.686    672.5    934.4
     1     1    17     8    20    13     0     0   -54.0   45.445 -118.620    652.1    937.2
     1     1    17     8    20    12     0     0   -55.0   45.365 -118.577    639.1    938.9
