     1     1
    SITE    10     3     1     0     0
     1 BACKWARD OMEGA   
    17     8    17    18   46.392 -119.412   700.0
     1 PRESSURE
     1     1    17     8    17    18     0     0     0.0   46.392 -119.412    700.0    931.4
     1     1    17     8    17    17     0     0    -1.0   46.274 -119.493    687.3    932.9
     1     1    17     8    17    16     0     0    -2.0   46.131 -119.577    664.0    936.1
     1     1    17     8    17    15     0     0    -3.0   46.002 -119.608    654.5    936.9
     1     1    17     8    17    14     0     0    -4.0   45.890 -119.604    638.6    939.1
     1     1    17     8    17    13     0     0    -5.0   45.783 -119.581    624.4    939.9
     1     1    17     8    17    12     0     0    -6.0   45.682 -119.523    621.4    940.7
     1     1    17     8    17    11     0     0    -7.0   45.598 -119.445    611.9    941.2
     1     1    17     8    17    10     0     0    -8.0   45.511 -119.378    592.4    943.7
     1     1    17     8    17     9     0     0    -9.0   45.408 -119.340    581.1    944.7
