     1     1
    SITE    10     3     1     0     0
     1 BACKWARD OMEGA   
    17     8    29    19   46.392 -119.412   700.0
     1 PRESSURE
     1     1    17     8    29    19     0     0     0.0   46.392 -119.412    700.0    931.4
     1     1    17     8    29    18     0     0    -1.0   46.318 -119.413    711.4    930.1
     1     1    17     8    29    17     0     0    -2.0   46.250 -119.365    708.4    930.1
     1     1    17     8    29    16     0     0    -3.0   46.174 -119.315    706.6    930.9
     1     1    17     8    29    15     0     0    -4.0   46.083 -119.282    700.7    931.3
     1     1    17     8    29    14     0     0    -5.0   45.999 -119.245    695.3    932.3
     1     1    17     8    29    13     0     0    -6.0   45.924 -119.261    699.0    930.9
     1     1    17     8    29    12     0     0    -7.0   45.888 -119.330    689.6    933.1
     1     1    17     8    29    11     0     0    -8.0   45.857 -119.368    693.7    932.4
     1     1    17     8    29    10     0     0    -9.0   45.821 -119.335    705.5    930.4
     1     1    17     8    29     9     0     0   -10.0   45.832 -119.285    709.6    929.7
     1     1    17     8    29     8     0     0   -11.0   45.867 -119.256    712.8    929.8
     1     1    17     8    29     7     0     0   -12.0   45.872 -119.232    709.2    929.7
     1     1    17     8    29     6     0     0   -13.0   45.847 -119.210    702.2    931.3
     1     1    17     8    29     5     0     0   -14.0   45.821 -119.211    695.6    931.9
     1     1    17     8    29     4     0     0   -15.0   45.813 -119.243    695.7    932.4
     1     1    17     8    29     3     0     0   -16.0   45.841 -119.275    699.6    931.7
     1     1    17     8    29     2     0     0   -17.0   45.889 -119.306    706.0    930.1
     1     1    17     8    29     1     0     0   -18.0   45.903 -119.374    696.9    930.6
     1     1    17     8    29     0     0     0   -19.0   45.853 -119.425    698.2    931.6
     1     1    17     8    28    23     0     0   -20.0   45.784 -119.452    694.2    931.9
     1     1    17     8    28    22     0     0   -21.0   45.744 -119.494    688.1    933.0
     1     1    17     8    28    21     0     0   -22.0   45.740 -119.531    693.4    932.8
     1     1    17     8    28    20     0     0   -23.0   45.736 -119.606    681.0    930.7
     1     1    17     8    28    19     0     0   -24.0   45.707 -119.678    668.2    934.8
     1     1    17     8    28    18     0     0   -25.0   45.720 -119.731    664.9    937.3
     1     1    17     8    28    17     0     0   -26.0   45.787 -119.803    670.7    935.2
     1     1    17     8    28    16     0     0   -27.0   45.815 -119.895    675.7    934.8
     1     1    17     8    28    15     0     0   -28.0   45.853 -119.974    680.3    933.0
     1     1    17     8    28    14     0     0   -29.0   45.888 -119.941    663.4    935.9
     1     1    17     8    28    13     0     0   -30.0   45.916 -119.850    660.5    937.0
     1     1    17     8    28    12     0     0   -31.0   46.011 -119.810    664.4    935.0
     1     1    17     8    28    11     0     0   -32.0   46.124 -119.804    665.1    936.1
     1     1    17     8    28    10     0     0   -33.0   46.255 -119.829    688.0    933.3
     1     1    17     8    28     9     0     0   -34.0   46.400 -119.893    712.9    929.8
     1     1    17     8    28     8     0     0   -35.0   46.418 -119.930    704.3    930.5
     1     1    17     8    28     7     0     0   -36.0   46.353 -119.969    693.1    932.8
     1     1    17     8    28     6     0     0   -37.0   46.367 -120.040    701.9    931.0
     1     1    17     8    28     5     0     0   -38.0   46.419 -120.028    702.1    930.9
     1     1    17     8    28     4     0     0   -39.0   46.434 -119.957    701.5    931.7
     1     1    17     8    28     3     0     0   -40.0   46.395 -119.929    706.9    930.4
     1     1    17     8    28     2     0     0   -41.0   46.351 -119.907    709.7    930.0
     1     1    17     8    28     1     0     0   -42.0   46.302 -119.866    707.4    930.7
     1     1    17     8    28     0     0     0   -43.0   46.254 -119.823    718.2    930.8
     1     1    17     8    27    23     0     0   -44.0   46.217 -119.799    733.7    926.9
     1     1    17     8    27    22     0     0   -45.0   46.189 -119.816    740.0    926.4
     1     1    17     8    27    21     0     0   -46.0   46.179 -119.848    740.2    926.5
     1     1    17     8    27    20     0     0   -47.0   46.182 -119.897    737.8    927.0
     1     1    17     8    27    19     0     0   -48.0   46.181 -119.947    744.0    926.8
     1     1    17     8    27    18     0     0   -49.0   46.163 -119.982    753.7    925.4
     1     1    17     8    27    17     0     0   -50.0   46.123 -120.005    744.5    924.2
     1     1    17     8    27    16     0     0   -51.0   46.063 -120.021    728.2    929.2
     1     1    17     8    27    15     0     0   -52.0   46.057 -120.021    723.0    929.5
     1     1    17     8    27    14     0     0   -53.0   46.097 -119.968    712.9    928.3
     1     1    17     8    27    13     0     0   -54.0   46.116 -119.889    697.4    933.0
     1     1    17     8    27    12     0     0   -55.0   46.100 -119.812    689.6    932.2
     1     1    17     8    27    11     0     0   -56.0   46.057 -119.765    685.7    933.5
     1     1    17     8    27    10     0     0   -57.0   46.011 -119.747    683.8    932.9
     1     1    17     8    27     9     0     0   -58.0   45.965 -119.738    678.4    933.9
     1     1    17     8    27     8     0     0   -59.0   45.926 -119.720    677.5    934.8
     1     1    17     8    27     7     0     0   -60.0   45.901 -119.716    678.4    933.1
     1     1    17     8    27     6     0     0   -61.0   45.906 -119.743    676.0    934.7
     1     1    17     8    27     5     0     0   -62.0   45.935 -119.775    669.0    934.2
     1     1    17     8    27     4     0     0   -63.0   45.952 -119.815    661.8    936.8
     1     1    17     8    27     3     0     0   -64.0   45.952 -119.855    662.9    935.9
     1     1    17     8    27     2     0     0   -65.0   45.933 -119.897    660.5    935.7
     1     1    17     8    27     1     0     0   -66.0   45.894 -119.928    659.8    936.7
     1     1    17     8    27     0     0     0   -67.0   45.846 -119.960    666.1    935.7
     1     1    17     8    26    23     0     0   -68.0   45.811 -120.025    675.3    934.5
     1     1    17     8    26    22     0     0   -69.0   45.782 -120.061    682.9    932.8
     1     1    17     8    26    21     0     0   -70.0   45.776 -120.076    697.3    931.6
     1     1    17     8    26    20     0     0   -71.0   45.783 -120.111    703.8    930.4
     1     1    17     8    26    19     0     0   -72.0   45.765 -120.142    704.6    930.8
