     1     1
    SITE    10     3     1     0     0
     1 BACKWARD OMEGA   
    17     8    20    11   46.392 -119.412   700.0
     1 PRESSURE
     1     1    17     8    20    11     0     0     0.0   46.392 -119.412    700.0    931.4
     1     1    17     8    20    10     0     0    -1.0   46.324 -119.418    696.6    931.8
     1     1    17     8    20     9     0     0    -2.0   46.269 -119.455    698.6    931.6
     1     1    17     8    20     8     0     0    -3.0   46.206 -119.484    707.3    930.6
     1     1    17     8    20     7     0     0    -4.0   46.141 -119.477    718.2    929.3
     1     1    17     8    20     6     0     0    -5.0   46.057 -119.423    702.3    930.9
     1     1    17     8    20     5     0     0    -6.0   45.963 -119.401    665.7    935.8
     1     1    17     8    20     4     0     0    -7.0   45.880 -119.407    663.7    935.8
     1     1    17     8    20     3     0     0    -8.0   45.810 -119.406    662.9    935.5
     1     1    17     8    20     2     0     0    -9.0   45.769 -119.368    653.3    937.1
     1     1    17     8    20     1     0     0   -10.0   45.744 -119.326    658.2    937.2
     1     1    17     8    20     0     0     0   -11.0   45.703 -119.282    672.9    935.1
     1     1    17     8    19    23     0     0   -12.0   45.671 -119.287    679.8    932.2
     1     1    17     8    19    22     0     0   -13.0   45.676 -119.370    677.6    932.8
     1     1    17     8    19    21     0     0   -14.0   45.660 -119.402    673.4    935.6
     1     1    17     8    19    20     0     0   -15.0   45.619 -119.437    690.8    933.5
     1     1    17     8    19    19     0     0   -16.0   45.576 -119.477    709.9    929.5
     1     1    17     8    19    18     0     0   -17.0   45.490 -119.438    733.6    928.2
     1     1    17     8    19    17     0     0   -18.0   45.389 -119.374    725.5    928.9
