     1     1
    SITE    10     3     1     0     0
     1 BACKWARD OMEGA   
    17     8    26    14   46.392 -119.412   700.0
     1 PRESSURE
     1     1    17     8    26    14     0     0     0.0   46.392 -119.412    700.0    931.4
     1     1    17     8    26    13     0     0    -1.0   46.427 -119.320    707.1    930.6
     1     1    17     8    26    12     0     0    -2.0   46.461 -119.233    700.5    931.7
     1     1    17     8    26    11     0     0    -3.0   46.493 -119.148    704.2    931.2
     1     1    17     8    26    10     0     0    -4.0   46.523 -119.071    715.5    929.6
     1     1    17     8    26     9     0     0    -5.0   46.537 -119.077    733.5    928.5
     1     1    17     8    26     8     0     0    -6.0   46.513 -119.105    726.5    926.5
     1     1    17     8    26     7     0     0    -7.0   46.481 -119.098    722.3    930.3
     1     1    17     8    26     6     0     0    -8.0   46.468 -119.117    725.5    927.9
     1     1    17     8    26     5     0     0    -9.0   46.461 -119.120    722.1    928.4
     1     1    17     8    26     4     0     0   -10.0   46.460 -119.122    721.9    928.9
     1     1    17     8    26     3     0     0   -11.0   46.460 -119.148    722.0    928.6
     1     1    17     8    26     2     0     0   -12.0   46.447 -119.170    724.4    929.3
     1     1    17     8    26     1     0     0   -13.0   46.435 -119.195    726.0    927.8
     1     1    17     8    26     0     0     0   -14.0   46.410 -119.233    723.6    928.9
     1     1    17     8    25    23     0     0   -15.0   46.406 -119.281    725.2    929.4
     1     1    17     8    25    22     0     0   -16.0   46.414 -119.331    732.7    926.8
     1     1    17     8    25    21     0     0   -17.0   46.375 -119.381    723.2    927.7
     1     1    17     8    25    20     0     0   -18.0   46.312 -119.422    725.0    929.9
     1     1    17     8    25    19     0     0   -19.0   46.228 -119.428    745.7    926.9
     1     1    17     8    25    18     0     0   -20.0   46.124 -119.399    768.1    924.3
     1     1    17     8    25    17     0     0   -21.0   46.021 -119.371    803.2    920.3
     1     1    17     8    25    16     0     0   -22.0   45.933 -119.333    824.3    917.1
     1     1    17     8    25    15     0     0   -23.0   45.858 -119.283    815.5    918.3
     1     1    17     8    25    14     0     0   -24.0   45.779 -119.230    807.0    919.1
     1     1    17     8    25    13     0     0   -25.0   45.699 -119.218    799.6    919.8
     1     1    17     8    25    12     0     0   -26.0   45.638 -119.214    786.7    921.6
     1     1    17     8    25    11     0     0   -27.0   45.579 -119.195    774.2    923.3
     1     1    17     8    25    10     0     0   -28.0   45.523 -119.174    764.0    924.2
     1     1    17     8    25     9     0     0   -29.0   45.517 -119.125    752.7    924.9
     1     1    17     8    25     8     0     0   -30.0   45.524 -119.073    747.6    927.0
     1     1    17     8    25     7     0     0   -31.0   45.494 -119.040    741.5    926.0
     1     1    17     8    25     6     0     0   -32.0   45.468 -119.008    738.0    927.3
     1     1    17     8    25     5     0     0   -33.0   45.469 -118.964    735.1    927.9
     1     1    17     8    25     4     0     0   -34.0   45.464 -118.930    732.2    927.0
     1     1    17     8    25     3     0     0   -35.0   45.463 -118.931    726.7    928.5
     1     1    17     8    25     2     0     0   -36.0   45.458 -118.956    724.3    928.5
     1     1    17     8    25     1     0     0   -37.0   45.427 -118.980    719.7    928.9
     1     1    17     8    25     0     0     0   -38.0   45.375 -118.981    718.0    929.9
