     1     1
    SITE    10     3     1     0     0
     1 BACKWARD OMEGA   
    17     8    25     6   46.392 -119.412   700.0
     1 PRESSURE
     1     1    17     8    25     6     0     0     0.0   46.392 -119.412    700.0    931.4
     1     1    17     8    25     5     0     0    -1.0   46.393 -119.368    697.1    931.8
     1     1    17     8    25     4     0     0    -2.0   46.388 -119.333    698.8    931.8
     1     1    17     8    25     3     0     0    -3.0   46.387 -119.333    701.4    931.2
     1     1    17     8    25     2     0     0    -4.0   46.381 -119.358    698.8    931.4
     1     1    17     8    25     1     0     0    -5.0   46.351 -119.381    693.5    932.0
     1     1    17     8    25     0     0     0    -6.0   46.299 -119.381    683.5    933.0
     1     1    17     8    24    23     0     0    -7.0   46.229 -119.365    677.5    934.3
     1     1    17     8    24    22     0     0    -8.0   46.191 -119.428    681.8    933.8
     1     1    17     8    24    21     0     0    -9.0   46.249 -119.590    708.2    930.8
     1     1    17     8    24    20     0     0   -10.0   46.439 -119.817    748.4    924.0
     1     1    17     8    24    19     0     0   -11.0   46.685 -120.072    729.3    929.2
     1     1    17     8    24    18     0     0   -12.0   46.924 -120.340    761.1    924.9
     1     1    17     8    24    17     0     0   -13.0   47.170 -120.619    797.2    921.6
