     1     1
    SITE    10     3     1     0     0
     1 BACKWARD OMEGA   
    17     8    26    21   46.392 -119.412   700.0
     1 PRESSURE
     1     1    17     8    26    21     0     0     0.0   46.392 -119.412    700.0    931.4
     1     1    17     8    26    20     0     0    -1.0   46.398 -119.447    702.1    931.2
     1     1    17     8    26    19     0     0    -2.0   46.380 -119.477    702.3    930.7
     1     1    17     8    26    18     0     0    -3.0   46.337 -119.497    705.1    931.6
     1     1    17     8    26    17     0     0    -4.0   46.341 -119.472    702.2    930.0
     1     1    17     8    26    16     0     0    -5.0   46.403 -119.400    714.2    930.4
     1     1    17     8    26    15     0     0    -6.0   46.407 -119.312    722.3    925.9
     1     1    17     8    26    14     0     0    -7.0   46.410 -119.230    724.7    930.0
     1     1    17     8    26    13     0     0    -8.0   46.447 -119.139    723.0    927.8
     1     1    17     8    26    12     0     0    -9.0   46.479 -119.053    728.0    928.2
     1     1    17     8    26    11     0     0   -10.0   46.511 -118.970    738.2    927.1
     1     1    17     8    26    10     0     0   -11.0   46.541 -118.892    754.4    926.1
     1     1    17     8    26     9     0     0   -12.0   46.556 -118.900    756.7    923.4
     1     1    17     8    26     8     0     0   -13.0   46.532 -118.930    757.8    925.1
     1     1    17     8    26     7     0     0   -14.0   46.500 -118.922    763.3    924.0
     1     1    17     8    26     6     0     0   -15.0   46.487 -118.941    764.4    923.7
     1     1    17     8    26     5     0     0   -16.0   46.480 -118.944    765.3    924.3
     1     1    17     8    26     4     0     0   -17.0   46.478 -118.946    764.0    924.1
     1     1    17     8    26     3     0     0   -18.0   46.478 -118.973    759.7    924.3
     1     1    17     8    26     2     0     0   -19.0   46.465 -118.996    758.8    925.3
     1     1    17     8    26     1     0     0   -20.0   46.454 -119.021    761.4    924.0
     1     1    17     8    26     0     0     0   -21.0   46.427 -119.058    749.0    924.4
     1     1    17     8    25    23     0     0   -22.0   46.423 -119.108    740.4    927.2
     1     1    17     8    25    22     0     0   -23.0   46.430 -119.161    741.8    927.3
     1     1    17     8    25    21     0     0   -24.0   46.393 -119.213    742.9    926.1
     1     1    17     8    25    20     0     0   -25.0   46.331 -119.257    732.5    926.4
     1     1    17     8    25    19     0     0   -26.0   46.248 -119.266    709.0    930.1
     1     1    17     8    25    18     0     0   -27.0   46.142 -119.240    713.0    930.5
     1     1    17     8    25    17     0     0   -28.0   46.037 -119.215    730.7    928.2
     1     1    17     8    25    16     0     0   -29.0   45.949 -119.179    728.0    927.5
     1     1    17     8    25    15     0     0   -30.0   45.874 -119.130    710.7    930.5
     1     1    17     8    25    14     0     0   -31.0   45.794 -119.079    697.0    932.4
     1     1    17     8    25    13     0     0   -32.0   45.714 -119.066    708.5    930.1
     1     1    17     8    25    12     0     0   -33.0   45.654 -119.060    713.3    930.0
     1     1    17     8    25    11     0     0   -34.0   45.595 -119.041    722.8    928.8
     1     1    17     8    25    10     0     0   -35.0   45.540 -119.020    731.5    927.9
     1     1    17     8    25     9     0     0   -36.0   45.536 -118.970    732.6    926.4
     1     1    17     8    25     8     0     0   -37.0   45.543 -118.917    732.9    928.7
     1     1    17     8    25     7     0     0   -38.0   45.514 -118.885    744.3    926.7
     1     1    17     8    25     6     0     0   -39.0   45.488 -118.855    748.7    924.7
     1     1    17     8    25     5     0     0   -40.0   45.489 -118.811    749.4    926.0
     1     1    17     8    25     4     0     0   -41.0   45.483 -118.776    746.9    925.3
     1     1    17     8    25     3     0     0   -42.0   45.483 -118.776    744.7    927.0
     1     1    17     8    25     2     0     0   -43.0   45.479 -118.802    743.2    925.3
     1     1    17     8    25     1     0     0   -44.0   45.449 -118.826    733.8    927.7
     1     1    17     8    25     0     0     0   -45.0   45.397 -118.826    717.2    928.4
