     1     1
    SITE    10     3     1     0     0
     1 BACKWARD OMEGA   
    17     8    22    10   46.392 -119.412   700.0
     1 PRESSURE
     1     1    17     8    22    10     0     0     0.0   46.392 -119.412    700.0    931.4
     1     1    17     8    22     9     0     0    -1.0   46.321 -119.373    701.9    931.2
     1     1    17     8    22     8     0     0    -2.0   46.251 -119.346    692.5    932.3
     1     1    17     8    22     7     0     0    -3.0   46.192 -119.322    687.3    932.9
     1     1    17     8    22     6     0     0    -4.0   46.162 -119.312    685.8    933.2
     1     1    17     8    22     5     0     0    -5.0   46.165 -119.324    685.0    933.0
     1     1    17     8    22     4     0     0    -6.0   46.182 -119.351    684.1    933.6
     1     1    17     8    22     3     0     0    -7.0   46.210 -119.372    688.5    933.0
     1     1    17     8    22     2     0     0    -8.0   46.220 -119.390    692.8    932.1
     1     1    17     8    22     1     0     0    -9.0   46.210 -119.428    695.3    932.0
     1     1    17     8    22     0     0     0   -10.0   46.199 -119.437    697.9    931.7
     1     1    17     8    21    23     0     0   -11.0   46.176 -119.414    700.1    930.3
     1     1    17     8    21    22     0     0   -12.0   46.151 -119.405    691.9    932.3
     1     1    17     8    21    21     0     0   -13.0   46.164 -119.421    685.4    933.5
     1     1    17     8    21    20     0     0   -14.0   46.231 -119.475    669.5    934.4
     1     1    17     8    21    19     0     0   -15.0   46.309 -119.562    685.1    934.0
     1     1    17     8    21    18     0     0   -16.0   46.389 -119.632    709.2    930.4
     1     1    17     8    21    17     0     0   -17.0   46.422 -119.713    705.4    930.3
     1     1    17     8    21    16     0     0   -18.0   46.395 -119.743    697.3    931.9
     1     1    17     8    21    15     0     0   -19.0   46.371 -119.669    701.0    932.7
     1     1    17     8    21    14     0     0   -20.0   46.401 -119.593    715.6    927.8
     1     1    17     8    21    13     0     0   -21.0   46.467 -119.522    730.2    928.3
     1     1    17     8    21    12     0     0   -22.0   46.495 -119.419    734.4    925.9
     1     1    17     8    21    11     0     0   -23.0   46.541 -119.372    738.9    926.9
     1     1    17     8    21    10     0     0   -24.0   46.621 -119.371    741.9    927.1
     1     1    17     8    21     9     0     0   -25.0   46.643 -119.315    751.6    925.2
     1     1    17     8    21     8     0     0   -26.0   46.617 -119.261    753.7    925.2
     1     1    17     8    21     7     0     0   -27.0   46.586 -119.223    748.2    925.1
     1     1    17     8    21     6     0     0   -28.0   46.568 -119.183    743.5    927.2
     1     1    17     8    21     5     0     0   -29.0   46.556 -119.163    743.0    926.0
     1     1    17     8    21     4     0     0   -30.0   46.543 -119.146    741.8    926.8
     1     1    17     8    21     3     0     0   -31.0   46.530 -119.144    737.4    926.5
     1     1    17     8    21     2     0     0   -32.0   46.507 -119.177    726.7    928.5
     1     1    17     8    21     1     0     0   -33.0   46.479 -119.189    728.0    929.3
     1     1    17     8    21     0     0     0   -34.0   46.452 -119.217    738.2    927.1
     1     1    17     8    20    23     0     0   -35.0   46.474 -119.271    740.1    926.7
     1     1    17     8    20    22     0     0   -36.0   46.540 -119.304    752.3    925.5
     1     1    17     8    20    21     0     0   -37.0   46.562 -119.337    756.1    923.9
     1     1    17     8    20    20     0     0   -38.0   46.530 -119.369    754.1    925.4
     1     1    17     8    20    19     0     0   -39.0   46.482 -119.387    761.0    925.3
     1     1    17     8    20    18     0     0   -40.0   46.441 -119.333    768.6    922.8
     1     1    17     8    20    17     0     0   -41.0   46.408 -119.216    774.4    922.5
     1     1    17     8    20    16     0     0   -42.0   46.346 -119.135    782.8    922.0
     1     1    17     8    20    15     0     0   -43.0   46.260 -119.109    796.1    920.6
     1     1    17     8    20    14     0     0   -44.0   46.176 -119.093    798.5    920.2
     1     1    17     8    20    13     0     0   -45.0   46.113 -119.025    784.7    922.0
     1     1    17     8    20    12     0     0   -46.0   46.034 -118.982    775.2    922.9
     1     1    17     8    20    11     0     0   -47.0   45.931 -118.974    782.8    921.8
     1     1    17     8    20    10     0     0   -48.0   45.863 -118.979    790.0    921.4
     1     1    17     8    20     9     0     0   -49.0   45.807 -119.013    806.6    919.5
     1     1    17     8    20     8     0     0   -50.0   45.745 -119.041    822.1    917.4
     1     1    17     8    20     7     0     0   -51.0   45.679 -119.035    839.9    917.1
     1     1    17     8    20     6     0     0   -52.0   45.594 -118.981    849.3    914.6
     1     1    17     8    20     5     0     0   -53.0   45.500 -118.958    843.9    915.9
     1     1    17     8    20     4     0     0   -54.0   45.416 -118.963    840.8    916.0
