     1     1
    SITE    10     3     1     0     0
     1 BACKWARD OMEGA   
    17     8    23    20   46.392 -119.412   700.0
     1 PRESSURE
     1     1    17     8    23    20     0     0     0.0   46.392 -119.412    700.0    931.4
     1     1    17     8    23    19     0     0    -1.0   46.325 -119.372    698.8    931.5
     1     1    17     8    23    18     0     0    -2.0   46.254 -119.286    679.5    933.3
     1     1    17     8    23    17     0     0    -3.0   46.175 -119.216    656.8    936.4
     1     1    17     8    23    16     0     0    -4.0   46.076 -119.169    656.8    937.8
     1     1    17     8    23    15     0     0    -5.0   45.954 -119.114    683.8    932.6
     1     1    17     8    23    14     0     0    -6.0   45.824 -119.014    696.1    931.8
     1     1    17     8    23    13     0     0    -7.0   45.693 -118.905    690.9    930.8
     1     1    17     8    23    12     0     0    -8.0   45.545 -118.843    674.9    934.5
     1     1    17     8    23    11     0     0    -9.0   45.402 -118.802    685.0    932.8
