     1     1
    SITE    10     3     1     0     0
     1 BACKWARD OMEGA   
    17     8    27    14   46.392 -119.412   700.0
     1 PRESSURE
     1     1    17     8    27    14     0     0     0.0   46.392 -119.412    700.0    931.4
     1     1    17     8    27    13     0     0    -1.0   46.410 -119.332    692.1    932.3
     1     1    17     8    27    12     0     0    -2.0   46.396 -119.254    692.6    933.0
     1     1    17     8    27    11     0     0    -3.0   46.355 -119.207    684.5    932.8
     1     1    17     8    27    10     0     0    -4.0   46.310 -119.189    675.8    934.5
     1     1    17     8    27     9     0     0    -5.0   46.264 -119.179    677.5    935.1
     1     1    17     8    27     8     0     0    -6.0   46.226 -119.161    685.8    932.9
     1     1    17     8    27     7     0     0    -7.0   46.200 -119.159    686.2    932.1
     1     1    17     8    27     6     0     0    -8.0   46.204 -119.186    679.5    933.6
     1     1    17     8    27     5     0     0    -9.0   46.233 -119.220    671.6    935.1
     1     1    17     8    27     4     0     0   -10.0   46.251 -119.261    673.2    935.4
     1     1    17     8    27     3     0     0   -11.0   46.253 -119.302    676.5    933.8
     1     1    17     8    27     2     0     0   -12.0   46.234 -119.343    671.6    934.2
     1     1    17     8    27     1     0     0   -13.0   46.197 -119.374    660.5    935.9
     1     1    17     8    27     0     0     0   -14.0   46.150 -119.407    660.0    937.6
     1     1    17     8    26    23     0     0   -15.0   46.114 -119.473    663.3    934.8
     1     1    17     8    26    22     0     0   -16.0   46.085 -119.509    669.3    936.2
     1     1    17     8    26    21     0     0   -17.0   46.078 -119.525    672.5    933.2
     1     1    17     8    26    20     0     0   -18.0   46.085 -119.559    666.3    936.5
     1     1    17     8    26    19     0     0   -19.0   46.067 -119.589    669.3    935.3
     1     1    17     8    26    18     0     0   -20.0   46.023 -119.609    677.7    934.2
     1     1    17     8    26    17     0     0   -21.0   46.029 -119.585    676.6    933.0
     1     1    17     8    26    16     0     0   -22.0   46.092 -119.510    668.9    935.1
     1     1    17     8    26    15     0     0   -23.0   46.097 -119.423    658.6    935.7
     1     1    17     8    26    14     0     0   -24.0   46.101 -119.341    670.4    938.4
     1     1    17     8    26    13     0     0   -25.0   46.135 -119.247    678.5    932.5
     1     1    17     8    26    12     0     0   -26.0   46.167 -119.160    670.8    934.8
     1     1    17     8    26    11     0     0   -27.0   46.200 -119.078    668.0    936.4
     1     1    17     8    26    10     0     0   -28.0   46.232 -119.001    672.5    934.3
     1     1    17     8    26     9     0     0   -29.0   46.246 -119.007    673.2    934.9
     1     1    17     8    26     8     0     0   -30.0   46.221 -119.036    679.0    932.7
     1     1    17     8    26     7     0     0   -31.0   46.188 -119.029    679.5    934.0
     1     1    17     8    26     6     0     0   -32.0   46.175 -119.048    685.0    933.6
     1     1    17     8    26     5     0     0   -33.0   46.169 -119.052    691.0    932.3
     1     1    17     8    26     4     0     0   -34.0   46.167 -119.055    696.6    932.1
     1     1    17     8    26     3     0     0   -35.0   46.166 -119.081    697.0    931.0
     1     1    17     8    26     2     0     0   -36.0   46.154 -119.104    693.9    932.5
     1     1    17     8    26     1     0     0   -37.0   46.143 -119.130    691.7    932.2
     1     1    17     8    26     0     0     0   -38.0   46.116 -119.168    696.4    932.9
     1     1    17     8    25    23     0     0   -39.0   46.112 -119.218    700.5    930.5
     1     1    17     8    25    22     0     0   -40.0   46.120 -119.269    705.1    932.2
     1     1    17     8    25    21     0     0   -41.0   46.082 -119.318    704.0    928.2
     1     1    17     8    25    20     0     0   -42.0   46.020 -119.360    703.9    933.4
     1     1    17     8    25    19     0     0   -43.0   45.935 -119.368    714.0    928.6
     1     1    17     8    25    18     0     0   -44.0   45.830 -119.341    683.1    933.1
     1     1    17     8    25    17     0     0   -45.0   45.728 -119.314    662.5    935.7
     1     1    17     8    25    16     0     0   -46.0   45.638 -119.278    643.6    937.8
     1     1    17     8    25    15     0     0   -47.0   45.562 -119.232    626.2    940.8
     1     1    17     8    25    14     0     0   -48.0   45.483 -119.183    615.8    940.8
     1     1    17     8    25    13     0     0   -49.0   45.400 -119.170    591.5    943.2
