     1     1
    SITE    10     3     1     0     0
     1 BACKWARD OMEGA   
    17     8    28    19   46.392 -119.412   700.0
     1 PRESSURE
     1     1    17     8    28    19     0     0     0.0   46.392 -119.412    700.0    931.4
     1     1    17     8    28    18     0     0    -1.0   46.403 -119.467    696.2    931.9
     1     1    17     8    28    17     0     0    -2.0   46.472 -119.544    705.8    931.8
     1     1    17     8    28    16     0     0    -3.0   46.498 -119.642    702.8    930.8
     1     1    17     8    28    15     0     0    -4.0   46.533 -119.724    693.4    932.1
     1     1    17     8    28    14     0     0    -5.0   46.565 -119.688    683.6    934.0
     1     1    17     8    28    13     0     0    -6.0   46.595 -119.590    688.7    933.0
     1     1    17     8    28    12     0     0    -7.0   46.691 -119.550    699.3    931.7
     1     1    17     8    28    11     0     0    -8.0   46.806 -119.544    706.3    930.2
     1     1    17     8    28    10     0     0    -9.0   46.937 -119.575    703.2    930.9
     1     1    17     8    28     9     0     0   -10.0   47.081 -119.644    717.9    929.6
     1     1    17     8    28     8     0     0   -11.0   47.096 -119.687    732.8    927.6
     1     1    17     8    28     7     0     0   -12.0   47.030 -119.726    714.0    930.6
     1     1    17     8    28     6     0     0   -13.0   47.046 -119.796    689.3    932.2
     1     1    17     8    28     5     0     0   -14.0   47.102 -119.783    687.2    936.6
     1     1    17     8    28     4     0     0   -15.0   47.119 -119.713    710.0    928.5
     1     1    17     8    28     3     0     0   -16.0   47.080 -119.685    716.5    929.1
     1     1    17     8    28     2     0     0   -17.0   47.038 -119.665    715.2    929.1
     1     1    17     8    28     1     0     0   -18.0   46.990 -119.624    706.6    930.4
     1     1    17     8    28     0     0     0   -19.0   46.942 -119.579    702.1    931.9
     1     1    17     8    27    23     0     0   -20.0   46.906 -119.555    699.1    931.0
     1     1    17     8    27    22     0     0   -21.0   46.878 -119.572    695.8    932.6
     1     1    17     8    27    21     0     0   -22.0   46.867 -119.603    697.9    931.6
     1     1    17     8    27    20     0     0   -23.0   46.870 -119.652    695.3    931.5
     1     1    17     8    27    19     0     0   -24.0   46.868 -119.702    696.4    932.6
     1     1    17     8    27    18     0     0   -25.0   46.850 -119.738    702.2    930.9
     1     1    17     8    27    17     0     0   -26.0   46.810 -119.761    701.9    930.6
     1     1    17     8    27    16     0     0   -27.0   46.750 -119.778    676.5    932.1
     1     1    17     8    27    15     0     0   -28.0   46.743 -119.780    650.0    939.8
     1     1    17     8    27    14     0     0   -29.0   46.783 -119.727    652.8    937.2
     1     1    17     8    27    13     0     0   -30.0   46.802 -119.646    647.4    937.2
     1     1    17     8    27    12     0     0   -31.0   46.786 -119.564    641.0    938.4
     1     1    17     8    27    11     0     0   -32.0   46.743 -119.517    634.4    939.8
     1     1    17     8    27    10     0     0   -33.0   46.696 -119.500    634.7    939.6
     1     1    17     8    27     9     0     0   -34.0   46.651 -119.490    635.9    938.9
     1     1    17     8    27     8     0     0   -35.0   46.613 -119.472    633.5    939.2
     1     1    17     8    27     7     0     0   -36.0   46.587 -119.469    639.8    939.4
     1     1    17     8    27     6     0     0   -37.0   46.593 -119.497    642.3    937.5
     1     1    17     8    27     5     0     0   -38.0   46.623 -119.530    636.7    939.1
     1     1    17     8    27     4     0     0   -39.0   46.641 -119.570    629.3    939.7
     1     1    17     8    27     3     0     0   -40.0   46.642 -119.610    620.3    940.8
     1     1    17     8    27     2     0     0   -41.0   46.624 -119.652    614.3    941.7
     1     1    17     8    27     1     0     0   -42.0   46.588 -119.681    614.6    942.1
     1     1    17     8    27     0     0     0   -43.0   46.539 -119.715    615.4    940.4
     1     1    17     8    26    23     0     0   -44.0   46.505 -119.783    607.4    941.7
     1     1    17     8    26    22     0     0   -45.0   46.478 -119.818    606.7    943.4
     1     1    17     8    26    21     0     0   -46.0   46.472 -119.835    615.0    941.4
     1     1    17     8    26    20     0     0   -47.0   46.478 -119.869    622.6    940.6
     1     1    17     8    26    19     0     0   -48.0   46.461 -119.901    627.0    939.5
     1     1    17     8    26    18     0     0   -49.0   46.417 -119.920    625.9    940.2
     1     1    17     8    26    17     0     0   -50.0   46.422 -119.895    635.7    940.1
     1     1    17     8    26    16     0     0   -51.0   46.484 -119.825    645.9    937.2
     1     1    17     8    26    15     0     0   -52.0   46.486 -119.738    636.4    938.9
     1     1    17     8    26    14     0     0   -53.0   46.491 -119.655    646.6    938.6
     1     1    17     8    26    13     0     0   -54.0   46.527 -119.562    663.6    933.3
     1     1    17     8    26    12     0     0   -55.0   46.559 -119.475    663.8    935.7
     1     1    17     8    26    11     0     0   -56.0   46.590 -119.393    661.9    936.1
     1     1    17     8    26    10     0     0   -57.0   46.620 -119.314    657.6    935.8
     1     1    17     8    26     9     0     0   -58.0   46.635 -119.320    642.8    938.2
     1     1    17     8    26     8     0     0   -59.0   46.610 -119.350    643.8    938.8
     1     1    17     8    26     7     0     0   -60.0   46.578 -119.343    648.5    937.9
     1     1    17     8    26     6     0     0   -61.0   46.565 -119.362    651.0    936.7
     1     1    17     8    26     5     0     0   -62.0   46.558 -119.367    644.2    937.6
     1     1    17     8    26     4     0     0   -63.0   46.556 -119.369    644.0    938.5
     1     1    17     8    26     3     0     0   -64.0   46.555 -119.395    642.1    938.2
     1     1    17     8    26     2     0     0   -65.0   46.543 -119.417    642.7    938.5
     1     1    17     8    26     1     0     0   -66.0   46.532 -119.442    641.8    937.9
     1     1    17     8    26     0     0     0   -67.0   46.506 -119.479    637.9    938.9
     1     1    17     8    25    23     0     0   -68.0   46.503 -119.530    640.4    939.0
     1     1    17     8    25    22     0     0   -69.0   46.512 -119.582    644.8    937.9
     1     1    17     8    25    21     0     0   -70.0   46.475 -119.633    646.7    937.4
     1     1    17     8    25    20     0     0   -71.0   46.414 -119.675    654.2    937.2
     1     1    17     8    25    19     0     0   -72.0   46.331 -119.680    628.4    935.6
