     1     1
    SITE    10     3     1     0     0
     1 BACKWARD OMEGA   
    17     8    22     4   46.392 -119.412   700.0
     1 PRESSURE
     1     1    17     8    22     4     0     0     0.0   46.392 -119.412    700.0    931.4
     1     1    17     8    22     3     0     0    -1.0   46.420 -119.433    695.7    931.9
     1     1    17     8    22     2     0     0    -2.0   46.430 -119.451    691.7    932.5
     1     1    17     8    22     1     0     0    -3.0   46.419 -119.490    688.0    932.8
     1     1    17     8    22     0     0     0    -4.0   46.408 -119.499    681.6    933.8
     1     1    17     8    21    23     0     0    -5.0   46.385 -119.476    679.3    933.7
     1     1    17     8    21    22     0     0    -6.0   46.360 -119.468    675.5    934.2
     1     1    17     8    21    21     0     0    -7.0   46.373 -119.483    682.2    934.9
     1     1    17     8    21    20     0     0    -8.0   46.441 -119.536    707.7    931.3
     1     1    17     8    21    19     0     0    -9.0   46.519 -119.621    715.3    929.2
     1     1    17     8    21    18     0     0   -10.0   46.600 -119.687    712.7    930.6
     1     1    17     8    21    17     0     0   -11.0   46.634 -119.766    730.8    927.8
     1     1    17     8    21    16     0     0   -12.0   46.606 -119.793    728.7    927.8
     1     1    17     8    21    15     0     0   -13.0   46.582 -119.717    722.5    929.2
     1     1    17     8    21    14     0     0   -14.0   46.609 -119.640    723.5    929.6
     1     1    17     8    21    13     0     0   -15.0   46.672 -119.567    725.5    927.3
     1     1    17     8    21    12     0     0   -16.0   46.699 -119.466    714.7    929.3
     1     1    17     8    21    11     0     0   -17.0   46.745 -119.421    708.0    931.1
     1     1    17     8    21    10     0     0   -18.0   46.827 -119.420    714.4    929.5
     1     1    17     8    21     9     0     0   -19.0   46.848 -119.363    700.1    931.2
     1     1    17     8    21     8     0     0   -20.0   46.821 -119.308    684.2    934.5
     1     1    17     8    21     7     0     0   -21.0   46.791 -119.268    679.9    934.5
     1     1    17     8    21     6     0     0   -22.0   46.774 -119.227    679.3    933.5
     1     1    17     8    21     5     0     0   -23.0   46.762 -119.207    678.6    934.1
     1     1    17     8    21     4     0     0   -24.0   46.749 -119.191    677.7    933.9
     1     1    17     8    21     3     0     0   -25.0   46.736 -119.188    675.2    934.4
     1     1    17     8    21     2     0     0   -26.0   46.713 -119.222    673.0    934.7
     1     1    17     8    21     1     0     0   -27.0   46.684 -119.234    669.3    934.7
     1     1    17     8    21     0     0     0   -28.0   46.656 -119.262    669.5    935.6
     1     1    17     8    20    23     0     0   -29.0   46.678 -119.313    674.2    934.2
     1     1    17     8    20    22     0     0   -30.0   46.745 -119.345    680.0    933.0
     1     1    17     8    20    21     0     0   -31.0   46.766 -119.377    674.2    935.3
     1     1    17     8    20    20     0     0   -32.0   46.733 -119.408    664.9    934.0
     1     1    17     8    20    19     0     0   -33.0   46.683 -119.423    658.4    937.8
     1     1    17     8    20    18     0     0   -34.0   46.639 -119.371    652.5    935.7
     1     1    17     8    20    17     0     0   -35.0   46.604 -119.253    617.2    941.5
     1     1    17     8    20    16     0     0   -36.0   46.541 -119.168    604.1    941.9
     1     1    17     8    20    15     0     0   -37.0   46.453 -119.140    580.9    945.3
     1     1    17     8    20    14     0     0   -38.0   46.370 -119.123    577.1    945.3
     1     1    17     8    20    13     0     0   -39.0   46.307 -119.055    580.0    944.3
     1     1    17     8    20    12     0     0   -40.0   46.229 -119.014    582.8    944.7
     1     1    17     8    20    11     0     0   -41.0   46.129 -119.006    558.1    947.3
     1     1    17     8    20    10     0     0   -42.0   46.060 -119.008    546.1    948.9
     1     1    17     8    20     9     0     0   -43.0   46.005 -119.042    546.6    948.8
     1     1    17     8    20     8     0     0   -44.0   45.944 -119.073    532.0    948.0
     1     1    17     8    20     7     0     0   -45.0   45.878 -119.067    509.0    953.4
     1     1    17     8    20     6     0     0   -46.0   45.795 -119.006    505.7    952.9
     1     1    17     8    20     5     0     0   -47.0   45.703 -118.979    492.6    954.2
     1     1    17     8    20     4     0     0   -48.0   45.622 -118.983    477.7    956.8
     1     1    17     8    20     3     0     0   -49.0   45.551 -118.983    475.2    956.7
     1     1    17     8    20     2     0     0   -50.0   45.511 -118.946    481.3    956.3
     1     1    17     8    20     1     0     0   -51.0   45.487 -118.904    484.8    954.2
     1     1    17     8    20     0     0     0   -52.0   45.448 -118.860    489.0    956.3
     1     1    17     8    19    23     0     0   -53.0   45.415 -118.863    492.8    953.5
     1     1    17     8    19    22     0     0   -54.0   45.419 -118.943    495.7    954.4
     1     1    17     8    19    21     0     0   -55.0   45.405 -118.975    492.4    954.3
     1     1    17     8    19    20     0     0   -56.0   45.365 -119.011    482.3    955.4
