     1     1
    SITE    10     3     1     0     0
     1 BACKWARD OMEGA   
    17     8    29    20   46.392 -119.412   700.0
     1 PRESSURE
     1     1    17     8    29    20     0     0     0.0   46.392 -119.412    700.0    931.4
     1     1    17     8    29    19     0     0    -1.0   46.319 -119.414    708.6    930.4
     1     1    17     8    29    18     0     0    -2.0   46.245 -119.415    715.3    930.2
     1     1    17     8    29    17     0     0    -3.0   46.179 -119.369    721.3    928.6
     1     1    17     8    29    16     0     0    -4.0   46.103 -119.319    721.2    929.0
     1     1    17     8    29    15     0     0    -5.0   46.011 -119.284    724.5    928.8
     1     1    17     8    29    14     0     0    -6.0   45.925 -119.250    740.6    927.5
     1     1    17     8    29    13     0     0    -7.0   45.850 -119.264    741.8    926.1
     1     1    17     8    29    12     0     0    -8.0   45.813 -119.332    730.7    928.2
     1     1    17     8    29    11     0     0    -9.0   45.782 -119.369    740.5    927.6
     1     1    17     8    29    10     0     0   -10.0   45.747 -119.335    751.9    925.6
     1     1    17     8    29     9     0     0   -11.0   45.757 -119.287    754.0    923.5
     1     1    17     8    29     8     0     0   -12.0   45.793 -119.258    745.7    926.6
     1     1    17     8    29     7     0     0   -13.0   45.798 -119.233    741.0    926.6
     1     1    17     8    29     6     0     0   -14.0   45.772 -119.211    736.2    926.8
     1     1    17     8    29     5     0     0   -15.0   45.746 -119.211    729.5    928.2
     1     1    17     8    29     4     0     0   -16.0   45.737 -119.243    731.0    928.6
     1     1    17     8    29     3     0     0   -17.0   45.765 -119.276    727.9    926.9
     1     1    17     8    29     2     0     0   -18.0   45.814 -119.308    729.8    929.7
     1     1    17     8    29     1     0     0   -19.0   45.828 -119.378    733.7    926.2
     1     1    17     8    29     0     0     0   -20.0   45.777 -119.430    730.0    927.5
     1     1    17     8    28    23     0     0   -21.0   45.708 -119.459    714.2    930.1
     1     1    17     8    28    22     0     0   -22.0   45.668 -119.501    709.7    930.2
     1     1    17     8    28    21     0     0   -23.0   45.664 -119.538    707.8    930.9
     1     1    17     8    28    20     0     0   -24.0   45.660 -119.612    680.7    929.9
     1     1    17     8    28    19     0     0   -25.0   45.630 -119.685    657.2    936.5
     1     1    17     8    28    18     0     0   -26.0   45.641 -119.738    640.4    939.0
     1     1    17     8    28    17     0     0   -27.0   45.710 -119.808    648.0    939.8
     1     1    17     8    28    16     0     0   -28.0   45.735 -119.899    661.6    936.2
     1     1    17     8    28    15     0     0   -29.0   45.771 -119.978    671.8    934.7
     1     1    17     8    28    14     0     0   -30.0   45.804 -119.945    668.4    934.8
     1     1    17     8    28    13     0     0   -31.0   45.833 -119.855    661.7    936.7
     1     1    17     8    28    12     0     0   -32.0   45.929 -119.815    680.1    933.1
     1     1    17     8    28    11     0     0   -33.0   46.039 -119.810    674.5    934.9
     1     1    17     8    28    10     0     0   -34.0   46.167 -119.834    705.4    931.2
     1     1    17     8    28     9     0     0   -35.0   46.312 -119.895    723.4    929.0
     1     1    17     8    28     8     0     0   -36.0   46.330 -119.935    739.8    926.8
     1     1    17     8    28     7     0     0   -37.0   46.266 -119.976    762.9    923.8
     1     1    17     8    28     6     0     0   -38.0   46.281 -120.047    784.6    921.8
     1     1    17     8    28     5     0     0   -39.0   46.334 -120.032    794.9    919.2
     1     1    17     8    28     4     0     0   -40.0   46.349 -119.961    808.8    919.8
     1     1    17     8    28     3     0     0   -41.0   46.309 -119.933    809.4    918.7
     1     1    17     8    28     2     0     0   -42.0   46.266 -119.912    809.0    919.7
     1     1    17     8    28     1     0     0   -43.0   46.216 -119.871    806.4    918.4
     1     1    17     8    28     0     0     0   -44.0   46.167 -119.826    809.3    920.9
     1     1    17     8    27    23     0     0   -45.0   46.131 -119.802    832.5    916.6
     1     1    17     8    27    22     0     0   -46.0   46.103 -119.818    848.0    913.8
     1     1    17     8    27    21     0     0   -47.0   46.093 -119.849    848.6    914.3
     1     1    17     8    27    20     0     0   -48.0   46.097 -119.897    842.5    915.3
     1     1    17     8    27    19     0     0   -49.0   46.096 -119.947    839.5    916.0
     1     1    17     8    27    18     0     0   -50.0   46.078 -119.982    836.1    916.5
     1     1    17     8    27    17     0     0   -51.0   46.038 -120.005    824.6    916.7
     1     1    17     8    27    16     0     0   -52.0   45.977 -120.022    814.4    918.8
     1     1    17     8    27    15     0     0   -53.0   45.971 -120.022    817.9    919.8
     1     1    17     8    27    14     0     0   -54.0   46.010 -119.969    821.0    915.6
     1     1    17     8    27    13     0     0   -55.0   46.028 -119.889    803.8    920.7
     1     1    17     8    27    12     0     0   -56.0   46.013 -119.811    800.2    920.6
     1     1    17     8    27    11     0     0   -57.0   45.971 -119.764    796.3    920.0
     1     1    17     8    27    10     0     0   -58.0   45.925 -119.748    807.7    921.1
     1     1    17     8    27     9     0     0   -59.0   45.879 -119.738    825.4    916.1
     1     1    17     8    27     8     0     0   -60.0   45.841 -119.721    823.6    916.7
     1     1    17     8    27     7     0     0   -61.0   45.814 -119.718    814.0    918.7
     1     1    17     8    27     6     0     0   -62.0   45.819 -119.744    816.0    919.2
     1     1    17     8    27     5     0     0   -63.0   45.849 -119.777    820.7    917.7
     1     1    17     8    27     4     0     0   -64.0   45.866 -119.819    820.5    917.5
     1     1    17     8    27     3     0     0   -65.0   45.867 -119.859    819.6    918.4
     1     1    17     8    27     2     0     0   -66.0   45.848 -119.900    821.6    917.7
     1     1    17     8    27     1     0     0   -67.0   45.810 -119.930    829.3    917.5
     1     1    17     8    27     0     0     0   -68.0   45.762 -119.963    819.1    915.7
     1     1    17     8    26    23     0     0   -69.0   45.726 -120.029    815.7    920.8
     1     1    17     8    26    22     0     0   -70.0   45.698 -120.065    829.0    916.0
     1     1    17     8    26    21     0     0   -71.0   45.692 -120.081    827.6    915.7
     1     1    17     8    26    20     0     0   -72.0   45.699 -120.115    824.1    917.8
