     1     1
    SITE    10     3     1     0     0
     1 BACKWARD OMEGA   
    17     8    28    16   46.392 -119.412   700.0
     1 PRESSURE
     1     1    17     8    28    16     0     0     0.0   46.392 -119.412    700.0    931.4
     1     1    17     8    28    15     0     0    -1.0   46.430 -119.491    684.1    933.3
     1     1    17     8    28    14     0     0    -2.0   46.463 -119.454    656.0    936.1
     1     1    17     8    28    13     0     0    -3.0   46.493 -119.358    638.0    938.6
     1     1    17     8    28    12     0     0    -4.0   46.590 -119.315    606.8    942.0
     1     1    17     8    28    11     0     0    -5.0   46.704 -119.310    604.5    942.8
     1     1    17     8    28    10     0     0    -6.0   46.832 -119.342    610.0    940.8
     1     1    17     8    28     9     0     0    -7.0   46.974 -119.410    582.1    944.7
     1     1    17     8    28     8     0     0    -8.0   46.990 -119.454    550.2    948.3
     1     1    17     8    28     7     0     0    -9.0   46.923 -119.497    544.1    949.1
     1     1    17     8    28     6     0     0   -10.0   46.937 -119.569    557.0    947.8
     1     1    17     8    28     5     0     0   -11.0   46.989 -119.559    569.2    944.8
     1     1    17     8    28     4     0     0   -12.0   47.006 -119.488    565.2    946.4
     1     1    17     8    28     3     0     0   -13.0   46.967 -119.459    562.9    947.3
     1     1    17     8    28     2     0     0   -14.0   46.924 -119.437    568.3    947.3
     1     1    17     8    28     1     0     0   -15.0   46.874 -119.394    573.4    944.3
     1     1    17     8    28     0     0     0   -16.0   46.825 -119.347    567.4    946.4
     1     1    17     8    27    23     0     0   -17.0   46.788 -119.322    559.4    947.1
     1     1    17     8    27    22     0     0   -18.0   46.760 -119.337    552.3    948.1
     1     1    17     8    27    21     0     0   -19.0   46.750 -119.367    548.4    948.8
     1     1    17     8    27    20     0     0   -20.0   46.754 -119.416    547.2    948.5
     1     1    17     8    27    19     0     0   -21.0   46.753 -119.464    547.5    948.5
     1     1    17     8    27    18     0     0   -22.0   46.735 -119.500    544.2    948.5
     1     1    17     8    27    17     0     0   -23.0   46.694 -119.522    540.3    949.6
     1     1    17     8    27    16     0     0   -24.0   46.634 -119.538    533.6    949.5
     1     1    17     8    27    15     0     0   -25.0   46.628 -119.539    525.5    951.4
     1     1    17     8    27    14     0     0   -26.0   46.667 -119.485    536.1    948.9
     1     1    17     8    27    13     0     0   -27.0   46.686 -119.408    542.0    949.4
     1     1    17     8    27    12     0     0   -28.0   46.671 -119.330    548.4    948.4
     1     1    17     8    27    11     0     0   -29.0   46.631 -119.281    546.7    948.9
     1     1    17     8    27    10     0     0   -30.0   46.587 -119.260    550.6    948.8
     1     1    17     8    27     9     0     0   -31.0   46.543 -119.248    544.8    947.2
     1     1    17     8    27     8     0     0   -32.0   46.504 -119.229    539.5    951.3
     1     1    17     8    27     7     0     0   -33.0   46.478 -119.226    547.4    948.4
     1     1    17     8    27     6     0     0   -34.0   46.483 -119.254    551.8    947.8
     1     1    17     8    27     5     0     0   -35.0   46.513 -119.289    552.0    947.8
     1     1    17     8    27     4     0     0   -36.0   46.532 -119.330    551.7    948.3
     1     1    17     8    27     3     0     0   -37.0   46.532 -119.370    552.5    947.8
     1     1    17     8    27     2     0     0   -38.0   46.512 -119.412    541.9    948.0
     1     1    17     8    27     1     0     0   -39.0   46.473 -119.442    530.6    951.3
     1     1    17     8    27     0     0     0   -40.0   46.424 -119.474    528.9    950.8
     1     1    17     8    26    23     0     0   -41.0   46.389 -119.539    529.7    950.7
     1     1    17     8    26    22     0     0   -42.0   46.360 -119.572    533.9    949.7
     1     1    17     8    26    21     0     0   -43.0   46.353 -119.586    539.9    950.2
     1     1    17     8    26    20     0     0   -44.0   46.359 -119.620    542.5    948.5
     1     1    17     8    26    19     0     0   -45.0   46.342 -119.650    542.0    949.1
     1     1    17     8    26    18     0     0   -46.0   46.299 -119.672    539.3    949.1
     1     1    17     8    26    17     0     0   -47.0   46.305 -119.648    529.1    950.8
     1     1    17     8    26    16     0     0   -48.0   46.369 -119.576    527.5    951.2
     1     1    17     8    26    15     0     0   -49.0   46.374 -119.488    534.7    949.1
     1     1    17     8    26    14     0     0   -50.0   46.377 -119.408    532.0    950.8
     1     1    17     8    26    13     0     0   -51.0   46.412 -119.317    532.6    949.7
     1     1    17     8    26    12     0     0   -52.0   46.447 -119.229    525.8    951.3
     1     1    17     8    26    11     0     0   -53.0   46.478 -119.144    532.7    950.7
     1     1    17     8    26    10     0     0   -54.0   46.508 -119.066    547.9    947.9
     1     1    17     8    26     9     0     0   -55.0   46.522 -119.073    559.9    947.8
     1     1    17     8    26     8     0     0   -56.0   46.498 -119.101    552.9    946.6
     1     1    17     8    26     7     0     0   -57.0   46.466 -119.093    549.8    949.5
     1     1    17     8    26     6     0     0   -58.0   46.453 -119.112    552.5    947.5
     1     1    17     8    26     5     0     0   -59.0   46.446 -119.115    551.2    947.9
     1     1    17     8    26     4     0     0   -60.0   46.444 -119.118    551.7    948.0
     1     1    17     8    26     3     0     0   -61.0   46.445 -119.143    550.3    948.0
     1     1    17     8    26     2     0     0   -62.0   46.432 -119.165    552.7    948.7
     1     1    17     8    26     1     0     0   -63.0   46.420 -119.191    555.5    947.1
     1     1    17     8    26     0     0     0   -64.0   46.395 -119.228    554.8    947.9
     1     1    17     8    25    23     0     0   -65.0   46.390 -119.276    556.4    948.2
     1     1    17     8    25    22     0     0   -66.0   46.398 -119.325    561.1    946.5
     1     1    17     8    25    21     0     0   -67.0   46.359 -119.375    553.5    947.1
     1     1    17     8    25    20     0     0   -68.0   46.296 -119.415    562.8    947.9
     1     1    17     8    25    19     0     0   -69.0   46.212 -119.420    585.2    944.8
     1     1    17     8    25    18     0     0   -70.0   46.108 -119.391    605.2    942.9
     1     1    17     8    25    17     0     0   -71.0   46.005 -119.364    637.5    939.2
     1     1    17     8    25    16     0     0   -72.0   45.917 -119.328    653.4    936.6
