     1     1
    SITE    10     3     1     0     0
     1 BACKWARD OMEGA   
    17     8    16     8   46.392 -119.412   700.0
     1 PRESSURE
     1     1    17     8    16     8     0     0     0.0   46.392 -119.412    700.0    931.4
     1     1    17     8    16     7     0     0    -1.0   46.347 -119.403    692.9    932.2
     1     1    17     8    16     6     0     0    -2.0   46.331 -119.429    688.4    932.7
     1     1    17     8    16     5     0     0    -3.0   46.298 -119.455    682.6    933.7
     1     1    17     8    16     4     0     0    -4.0   46.231 -119.445    686.3    933.7
     1     1    17     8    16     3     0     0    -5.0   46.172 -119.430    694.4    931.9
     1     1    17     8    16     2     0     0    -6.0   46.134 -119.404    693.5    931.8
     1     1    17     8    16     1     0     0    -7.0   46.094 -119.347    707.8    932.6
     1     1    17     8    16     0     0     0    -8.0   46.035 -119.294    725.3    927.1
     1     1    17     8    15    23     0     0    -9.0   45.977 -119.293    714.4    929.5
     1     1    17     8    15    22     0     0   -10.0   45.942 -119.306    701.3    931.7
     1     1    17     8    15    21     0     0   -11.0   45.905 -119.325    699.7    932.5
     1     1    17     8    15    20     0     0   -12.0   45.847 -119.347    681.3    930.6
     1     1    17     8    15    19     0     0   -13.0   45.771 -119.341    673.3    935.1
     1     1    17     8    15    18     0     0   -14.0   45.690 -119.303    676.7    934.0
     1     1    17     8    15    17     0     0   -15.0   45.602 -119.256    664.3    935.2
     1     1    17     8    15    16     0     0   -16.0   45.539 -119.191    663.8    936.5
     1     1    17     8    15    15     0     0   -17.0   45.477 -119.145    693.2    932.1
     1     1    17     8    15    14     0     0   -18.0   45.396 -119.127    708.3    930.2
