     1     1
    SITE    10     3     1     0     0
     1 BACKWARD OMEGA   
    17     8    24    14   46.392 -119.412   700.0
     1 PRESSURE
     1     1    17     8    24    14     0     0     0.0   46.392 -119.412    700.0    931.4
     1     1    17     8    24    13     0     0    -1.0   46.384 -119.590    711.0    930.0
     1     1    17     8    24    12     0     0    -2.0   46.309 -119.820    715.2    928.8
     1     1    17     8    24    11     0     0    -3.0   46.211 -120.003    709.1    929.3
     1     1    17     8    24    10     0     0    -4.0   46.060 -120.081    699.9    930.3
     1     1    17     8    24     9     0     0    -5.0   45.958 -120.072    675.0    934.6
     1     1    17     8    24     8     0     0    -6.0   45.880 -120.097    668.2    934.9
     1     1    17     8    24     7     0     0    -7.0   45.835 -120.189    658.9    936.6
     1     1    17     8    24     6     0     0    -8.0   45.800 -120.238    646.9    936.0
     1     1    17     8    24     5     0     0    -9.0   45.746 -120.225    644.4    939.3
     1     1    17     8    24     4     0     0   -10.0   45.742 -120.219    649.5    937.2
     1     1    17     8    24     3     0     0   -11.0   45.725 -120.242    653.2    937.8
     1     1    17     8    24     2     0     0   -12.0   45.660 -120.238    652.9    937.2
     1     1    17     8    24     1     0     0   -13.0   45.596 -120.197    641.6    937.0
     1     1    17     8    24     0     0     0   -14.0   45.547 -120.188    625.8    940.6
     1     1    17     8    23    23     0     0   -15.0   45.524 -120.219    626.9    940.5
     1     1    17     8    23    22     0     0   -16.0   45.498 -120.238    630.5    939.6
     1     1    17     8    23    21     0     0   -17.0   45.508 -120.283    633.5    939.3
     1     1    17     8    23    20     0     0   -18.0   45.505 -120.320    628.0    939.8
     1     1    17     8    23    19     0     0   -19.0   45.440 -120.278    601.4    944.4
     1     1    17     8    23    18     0     0   -20.0   45.366 -120.195    613.4    941.8
