     1     1
    SITE    10     3     1     0     0
     1 BACKWARD OMEGA   
    17     8    20    23   46.392 -119.412   700.0
     1 PRESSURE
     1     1    17     8    20    23     0     0     0.0   46.392 -119.412    700.0    931.4
     1     1    17     8    20    22     0     0    -1.0   46.459 -119.444    705.9    930.7
     1     1    17     8    20    21     0     0    -2.0   46.481 -119.477    708.1    930.2
     1     1    17     8    20    20     0     0    -3.0   46.449 -119.508    702.5    931.2
     1     1    17     8    20    19     0     0    -4.0   46.400 -119.523    706.8    931.8
     1     1    17     8    20    18     0     0    -5.0   46.357 -119.466    700.0    928.6
     1     1    17     8    20    17     0     0    -6.0   46.323 -119.349    692.9    932.5
     1     1    17     8    20    16     0     0    -7.0   46.259 -119.268    697.3    931.8
     1     1    17     8    20    15     0     0    -8.0   46.172 -119.243    701.5    930.3
     1     1    17     8    20    14     0     0    -9.0   46.089 -119.226    702.1    932.1
     1     1    17     8    20    13     0     0   -10.0   46.027 -119.157    710.2    929.9
     1     1    17     8    20    12     0     0   -11.0   45.946 -119.114    702.9    930.4
     1     1    17     8    20    11     0     0   -12.0   45.842 -119.108    697.3    932.7
     1     1    17     8    20    10     0     0   -13.0   45.774 -119.113    697.7    931.5
     1     1    17     8    20     9     0     0   -14.0   45.720 -119.146    696.0    932.0
     1     1    17     8    20     8     0     0   -15.0   45.659 -119.175    691.8    932.6
     1     1    17     8    20     7     0     0   -16.0   45.596 -119.173    688.6    932.4
     1     1    17     8    20     6     0     0   -17.0   45.514 -119.121    668.1    935.7
     1     1    17     8    20     5     0     0   -18.0   45.421 -119.099    654.2    937.0
