     1     1
    SITE    10     3     1     0     0
     1 BACKWARD OMEGA   
    17     8    22     2   46.392 -119.412   700.0
     1 PRESSURE
     1     1    17     8    22     2     0     0     0.0   46.392 -119.412    700.0    931.4
     1     1    17     8    22     1     0     0    -1.0   46.382 -119.450    700.8    931.3
     1     1    17     8    22     0     0     0    -2.0   46.371 -119.460    701.4    931.0
     1     1    17     8    21    23     0     0    -3.0   46.347 -119.436    701.3    931.1
     1     1    17     8    21    22     0     0    -4.0   46.323 -119.429    698.8    931.4
     1     1    17     8    21    21     0     0    -5.0   46.335 -119.443    710.1    932.0
     1     1    17     8    21    20     0     0    -6.0   46.404 -119.496    737.8    927.3
     1     1    17     8    21    19     0     0    -7.0   46.482 -119.582    741.5    925.7
     1     1    17     8    21    18     0     0    -8.0   46.563 -119.650    741.5    927.4
     1     1    17     8    21    17     0     0    -9.0   46.599 -119.728    753.5    925.3
     1     1    17     8    21    16     0     0   -10.0   46.572 -119.755    746.6    925.8
     1     1    17     8    21    15     0     0   -11.0   46.549 -119.680    747.6    926.8
     1     1    17     8    21    14     0     0   -12.0   46.576 -119.602    750.8    925.7
     1     1    17     8    21    13     0     0   -13.0   46.640 -119.531    754.0    924.8
     1     1    17     8    21    12     0     0   -14.0   46.667 -119.428    741.7    925.3
     1     1    17     8    21    11     0     0   -15.0   46.712 -119.381    718.3    929.9
     1     1    17     8    21    10     0     0   -16.0   46.794 -119.381    718.6    929.0
     1     1    17     8    21     9     0     0   -17.0   46.815 -119.325    702.0    930.8
     1     1    17     8    21     8     0     0   -18.0   46.789 -119.270    686.5    934.4
     1     1    17     8    21     7     0     0   -19.0   46.759 -119.230    686.3    933.8
     1     1    17     8    21     6     0     0   -20.0   46.742 -119.189    687.1    932.3
     1     1    17     8    21     5     0     0   -21.0   46.730 -119.168    684.7    933.6
     1     1    17     8    21     4     0     0   -22.0   46.717 -119.152    681.4    933.1
     1     1    17     8    21     3     0     0   -23.0   46.704 -119.149    678.5    934.6
     1     1    17     8    21     2     0     0   -24.0   46.681 -119.183    679.3    933.6
     1     1    17     8    21     1     0     0   -25.0   46.652 -119.196    676.0    933.9
     1     1    17     8    21     0     0     0   -26.0   46.625 -119.223    676.5    934.8
     1     1    17     8    20    23     0     0   -27.0   46.647 -119.276    673.0    933.5
     1     1    17     8    20    22     0     0   -28.0   46.715 -119.309    677.9    933.7
     1     1    17     8    20    21     0     0   -29.0   46.737 -119.342    678.7    934.1
     1     1    17     8    20    20     0     0   -30.0   46.704 -119.374    674.1    933.7
     1     1    17     8    20    19     0     0   -31.0   46.654 -119.391    671.4    935.6
     1     1    17     8    20    18     0     0   -32.0   46.611 -119.337    661.4    934.5
     1     1    17     8    20    17     0     0   -33.0   46.575 -119.216    624.9    941.4
     1     1    17     8    20    16     0     0   -34.0   46.513 -119.130    617.7    940.4
     1     1    17     8    20    15     0     0   -35.0   46.425 -119.103    597.6    943.6
     1     1    17     8    20    14     0     0   -36.0   46.342 -119.088    601.8    943.0
     1     1    17     8    20    13     0     0   -37.0   46.280 -119.021    601.0    942.1
     1     1    17     8    20    12     0     0   -38.0   46.203 -118.980    596.5    943.0
     1     1    17     8    20    11     0     0   -39.0   46.102 -118.973    578.0    945.6
     1     1    17     8    20    10     0     0   -40.0   46.033 -118.977    582.1    944.9
     1     1    17     8    20     9     0     0   -41.0   45.977 -119.011    582.3    944.9
     1     1    17     8    20     8     0     0   -42.0   45.914 -119.039    566.1    946.5
     1     1    17     8    20     7     0     0   -43.0   45.847 -119.032    548.2    949.0
     1     1    17     8    20     6     0     0   -44.0   45.764 -118.974    546.6    948.8
     1     1    17     8    20     5     0     0   -45.0   45.673 -118.946    533.6    949.0
     1     1    17     8    20     4     0     0   -46.0   45.591 -118.950    512.4    952.6
     1     1    17     8    20     3     0     0   -47.0   45.521 -118.947    508.1    953.3
     1     1    17     8    20     2     0     0   -48.0   45.481 -118.909    520.9    951.4
     1     1    17     8    20     1     0     0   -49.0   45.457 -118.867    525.3    949.7
     1     1    17     8    20     0     0     0   -50.0   45.417 -118.824    527.0    951.4
     1     1    17     8    19    23     0     0   -51.0   45.385 -118.828    526.2    950.2
