     1     1
    SITE    10     3     1     0     0
     1 BACKWARD OMEGA   
    17     8    26    20   46.392 -119.412   700.0
     1 PRESSURE
     1     1    17     8    26    20     0     0     0.0   46.392 -119.412    700.0    931.4
     1     1    17     8    26    19     0     0    -1.0   46.374 -119.442    701.2    931.3
     1     1    17     8    26    18     0     0    -2.0   46.330 -119.462    700.1    931.5
     1     1    17     8    26    17     0     0    -3.0   46.334 -119.437    697.2    931.3
     1     1    17     8    26    16     0     0    -4.0   46.396 -119.365    706.1    931.3
     1     1    17     8    26    15     0     0    -5.0   46.399 -119.276    709.9    927.7
     1     1    17     8    26    14     0     0    -6.0   46.403 -119.195    713.9    930.6
     1     1    17     8    26    13     0     0    -7.0   46.438 -119.104    718.0    929.1
     1     1    17     8    26    12     0     0    -8.0   46.469 -119.017    729.9    927.7
     1     1    17     8    26    11     0     0    -9.0   46.501 -118.934    737.1    926.8
     1     1    17     8    26    10     0     0   -10.0   46.532 -118.857    750.0    927.1
     1     1    17     8    26     9     0     0   -11.0   46.547 -118.864    747.6    923.3
     1     1    17     8    26     8     0     0   -12.0   46.523 -118.893    745.3    927.2
     1     1    17     8    26     7     0     0   -13.0   46.491 -118.886    749.2    925.0
     1     1    17     8    26     6     0     0   -14.0   46.478 -118.905    747.1    926.0
     1     1    17     8    26     5     0     0   -15.0   46.471 -118.908    745.1    926.3
     1     1    17     8    26     4     0     0   -16.0   46.468 -118.911    740.9    927.1
     1     1    17     8    26     3     0     0   -17.0   46.468 -118.937    737.0    926.8
     1     1    17     8    26     2     0     0   -18.0   46.455 -118.960    733.4    927.9
     1     1    17     8    26     1     0     0   -19.0   46.444 -118.985    733.8    927.5
     1     1    17     8    26     0     0     0   -20.0   46.417 -119.021    722.8    927.4
     1     1    17     8    25    23     0     0   -21.0   46.412 -119.072    713.8    930.7
     1     1    17     8    25    22     0     0   -22.0   46.420 -119.125    714.2    930.2
     1     1    17     8    25    21     0     0   -23.0   46.382 -119.177    721.9    929.5
     1     1    17     8    25    20     0     0   -24.0   46.319 -119.222    724.0    927.0
     1     1    17     8    25    19     0     0   -25.0   46.236 -119.231    705.2    930.0
     1     1    17     8    25    18     0     0   -26.0   46.130 -119.205    705.8    931.9
     1     1    17     8    25    17     0     0   -27.0   46.027 -119.181    715.7    929.3
     1     1    17     8    25    16     0     0   -28.0   45.939 -119.145    698.9    931.0
     1     1    17     8    25    15     0     0   -29.0   45.865 -119.096    681.3    933.9
     1     1    17     8    25    14     0     0   -30.0   45.786 -119.045    677.5    935.2
     1     1    17     8    25    13     0     0   -31.0   45.707 -119.033    702.7    930.7
     1     1    17     8    25    12     0     0   -32.0   45.647 -119.027    715.9    929.5
     1     1    17     8    25    11     0     0   -33.0   45.588 -119.008    725.6    928.5
     1     1    17     8    25    10     0     0   -34.0   45.532 -118.987    731.7    927.7
     1     1    17     8    25     9     0     0   -35.0   45.528 -118.937    729.8    927.5
     1     1    17     8    25     8     0     0   -36.0   45.535 -118.884    733.5    928.3
     1     1    17     8    25     7     0     0   -37.0   45.506 -118.853    742.2    926.5
     1     1    17     8    25     6     0     0   -38.0   45.480 -118.823    745.4    925.8
     1     1    17     8    25     5     0     0   -39.0   45.481 -118.779    748.6    925.7
     1     1    17     8    25     4     0     0   -40.0   45.475 -118.744    747.5    925.5
     1     1    17     8    25     3     0     0   -41.0   45.474 -118.744    746.2    926.5
     1     1    17     8    25     2     0     0   -42.0   45.470 -118.770    743.3    925.4
     1     1    17     8    25     1     0     0   -43.0   45.440 -118.794    736.3    927.6
     1     1    17     8    25     0     0     0   -44.0   45.389 -118.794    725.1    927.6
