     1     1
    SITE    10     3     1     0     0
     1 BACKWARD OMEGA   
    17     8    16    22   46.392 -119.412   700.0
     1 PRESSURE
     1     1    17     8    16    22     0     0     0.0   46.392 -119.412    700.0    931.4
     1     1    17     8    16    21     0     0    -1.0   46.522 -119.597    715.0    929.6
     1     1    17     8    16    20     0     0    -2.0   46.722 -119.829    744.3    926.7
     1     1    17     8    16    19     0     0    -3.0   46.933 -120.081    819.6    919.2
     1     1    17     8    16    18     0     0    -4.0   47.119 -120.296    890.2    910.0
     1     1    17     8    16    17     0     0    -5.0   47.150 -120.483    884.3    911.2
     1     1    17     8    16    16     0     0    -6.0   47.011 -120.592    881.3    910.6
     1     1    17     8    16    15     0     0    -7.0   46.865 -120.626    835.6    916.4
     1     1    17     8    16    14     0     0    -8.0   46.736 -120.646    831.3    917.0
     1     1    17     8    16    13     0     0    -9.0   46.608 -120.660    815.1    917.9
     1     1    17     8    16    12     0     0   -10.0   46.473 -120.677    799.6    920.7
     1     1    17     8    16    11     0     0   -11.0   46.325 -120.711    813.1    919.3
     1     1    17     8    16    10     0     0   -12.0   46.181 -120.766    829.0    916.7
     1     1    17     8    16     9     0     0   -13.0   46.054 -120.791    810.7    919.2
     1     1    17     8    16     8     0     0   -14.0   45.959 -120.781    805.8    919.1
     1     1    17     8    16     7     0     0   -15.0   45.913 -120.771    803.1    920.2
     1     1    17     8    16     6     0     0   -16.0   45.897 -120.796    803.4    918.6
     1     1    17     8    16     5     0     0   -17.0   45.866 -120.820    799.1    920.9
     1     1    17     8    16     4     0     0   -18.0   45.800 -120.813    804.2    919.9
     1     1    17     8    16     3     0     0   -19.0   45.800 -120.813    804.2    919.7
     1     1    17     8    16     2     0     0   -20.0   45.763 -120.785    803.2    919.8
     1     1    17     8    16     1     0     0   -21.0   45.724 -120.728    803.8    919.8
     1     1    17     8    16     0     0     0   -22.0   45.667 -120.677    805.8    919.4
     1     1    17     8    15    23     0     0   -23.0   45.609 -120.677    809.9    918.9
     1     1    17     8    15    22     0     0   -24.0   45.573 -120.690    802.0    920.1
     1     1    17     8    15    21     0     0   -25.0   45.535 -120.709    794.3    920.5
     1     1    17     8    15    20     0     0   -26.0   45.475 -120.732    780.8    921.4
     1     1    17     8    15    19     0     0   -27.0   45.399 -120.728    766.2    923.9
