     1     1
    SITE    10     3     1     0     0
     1 BACKWARD OMEGA   
    17     8    22     6   46.392 -119.412   700.0
     1 PRESSURE
     1     1    17     8    22     6     0     0     0.0   46.392 -119.412    700.0    931.4
     1     1    17     8    22     5     0     0    -1.0   46.395 -119.423    699.7    931.5
     1     1    17     8    22     4     0     0    -2.0   46.413 -119.451    702.9    931.2
     1     1    17     8    22     3     0     0    -3.0   46.441 -119.472    702.4    930.7
     1     1    17     8    22     2     0     0    -4.0   46.451 -119.490    699.6    931.4
     1     1    17     8    22     1     0     0    -5.0   46.440 -119.528    689.3    931.9
     1     1    17     8    22     0     0     0    -6.0   46.429 -119.537    677.0    935.4
     1     1    17     8    21    23     0     0    -7.0   46.406 -119.514    673.5    934.6
     1     1    17     8    21    22     0     0    -8.0   46.381 -119.506    668.1    934.8
     1     1    17     8    21    21     0     0    -9.0   46.394 -119.521    669.5    936.2
     1     1    17     8    21    20     0     0   -10.0   46.461 -119.573    693.9    933.3
     1     1    17     8    21    19     0     0   -11.0   46.539 -119.657    697.9    931.0
     1     1    17     8    21    18     0     0   -12.0   46.620 -119.723    691.0    933.4
     1     1    17     8    21    17     0     0   -13.0   46.653 -119.801    711.2    929.5
     1     1    17     8    21    16     0     0   -14.0   46.625 -119.829    708.1    930.2
     1     1    17     8    21    15     0     0   -15.0   46.601 -119.754    703.0    931.5
     1     1    17     8    21    14     0     0   -16.0   46.627 -119.675    705.9    931.7
     1     1    17     8    21    13     0     0   -17.0   46.691 -119.602    703.9    930.1
     1     1    17     8    21    12     0     0   -18.0   46.717 -119.501    688.7    932.0
     1     1    17     8    21    11     0     0   -19.0   46.763 -119.458    693.8    932.8
     1     1    17     8    21    10     0     0   -20.0   46.845 -119.456    697.1    931.8
     1     1    17     8    21     9     0     0   -21.0   46.865 -119.398    689.7    932.6
     1     1    17     8    21     8     0     0   -22.0   46.839 -119.343    674.7    934.5
     1     1    17     8    21     7     0     0   -23.0   46.808 -119.304    662.7    936.9
     1     1    17     8    21     6     0     0   -24.0   46.791 -119.263    660.7    936.2
     1     1    17     8    21     5     0     0   -25.0   46.779 -119.243    660.1    936.1
     1     1    17     8    21     4     0     0   -26.0   46.766 -119.227    660.2    936.3
     1     1    17     8    21     3     0     0   -27.0   46.753 -119.224    659.3    936.0
     1     1    17     8    21     2     0     0   -28.0   46.731 -119.258    653.5    937.0
     1     1    17     8    21     1     0     0   -29.0   46.702 -119.271    649.0    937.5
     1     1    17     8    21     0     0     0   -30.0   46.674 -119.299    648.8    938.2
     1     1    17     8    20    23     0     0   -31.0   46.695 -119.350    661.5    936.6
     1     1    17     8    20    22     0     0   -32.0   46.762 -119.381    658.3    935.6
     1     1    17     8    20    21     0     0   -33.0   46.782 -119.412    646.0    939.5
     1     1    17     8    20    20     0     0   -34.0   46.749 -119.443    638.9    937.5
     1     1    17     8    20    19     0     0   -35.0   46.700 -119.459    632.7    940.7
     1     1    17     8    20    18     0     0   -36.0   46.658 -119.407    632.2    938.9
     1     1    17     8    20    17     0     0   -37.0   46.622 -119.292    600.4    942.8
     1     1    17     8    20    16     0     0   -38.0   46.558 -119.209    585.9    944.4
     1     1    17     8    20    15     0     0   -39.0   46.471 -119.181    574.3    945.4
     1     1    17     8    20    14     0     0   -40.0   46.388 -119.164    565.9    946.1
     1     1    17     8    20    13     0     0   -41.0   46.324 -119.096    572.2    945.7
     1     1    17     8    20    12     0     0   -42.0   46.245 -119.054    585.2    944.7
     1     1    17     8    20    11     0     0   -43.0   46.144 -119.047    572.3    945.7
     1     1    17     8    20    10     0     0   -44.0   46.076 -119.049    552.3    948.3
     1     1    17     8    20     9     0     0   -45.0   46.021 -119.083    553.8    948.0
     1     1    17     8    20     8     0     0   -46.0   45.960 -119.115    549.0    946.9
     1     1    17     8    20     7     0     0   -47.0   45.895 -119.110    534.1    949.6
     1     1    17     8    20     6     0     0   -48.0   45.810 -119.050    530.5    950.1
     1     1    17     8    20     5     0     0   -49.0   45.718 -119.022    509.9    952.9
     1     1    17     8    20     4     0     0   -50.0   45.636 -119.027    492.9    955.0
     1     1    17     8    20     3     0     0   -51.0   45.566 -119.027    489.8    954.9
     1     1    17     8    20     2     0     0   -52.0   45.526 -118.991    491.6    955.2
     1     1    17     8    20     1     0     0   -53.0   45.502 -118.950    496.6    953.3
     1     1    17     8    20     0     0     0   -54.0   45.462 -118.904    499.1    954.0
     1     1    17     8    19    23     0     0   -55.0   45.429 -118.906    505.2    952.4
     1     1    17     8    19    22     0     0   -56.0   45.434 -118.987    505.3    952.4
     1     1    17     8    19    21     0     0   -57.0   45.421 -119.019    497.1    954.3
     1     1    17     8    19    20     0     0   -58.0   45.381 -119.056    481.7    954.9
