     1     1
    SITE    10     3     1     0     0
     1 BACKWARD OMEGA   
    17     8    19     4   46.392 -119.412   700.0
     1 PRESSURE
     1     1    17     8    19     4     0     0     0.0   46.392 -119.412    700.0    931.4
     1     1    17     8    19     3     0     0    -1.0   46.315 -119.410    698.0    931.7
     1     1    17     8    19     2     0     0    -2.0   46.247 -119.430    704.5    930.6
     1     1    17     8    19     1     0     0    -3.0   46.203 -119.442    704.4    930.9
     1     1    17     8    19     0     0     0    -4.0   46.150 -119.458    707.3    930.7
     1     1    17     8    18    23     0     0    -5.0   46.143 -119.616    709.0    930.2
     1     1    17     8    18    22     0     0    -6.0   46.265 -119.836    759.0    924.2
     1     1    17     8    18    21     0     0    -7.0   46.467 -120.022    761.9    924.1
     1     1    17     8    18    20     0     0    -8.0   46.657 -120.249    762.2    925.0
     1     1    17     8    18    19     0     0    -9.0   46.829 -120.477    758.9    924.3
     1     1    17     8    18    18     0     0   -10.0   47.012 -120.675    753.8    926.3
     1     1    17     8    18    17     0     0   -11.0   47.199 -120.890    741.2    927.0
