     1     1
    SITE    10     3     1     0     0
     1 BACKWARD OMEGA   
    17     8    18     3   46.392 -119.412   700.0
     1 PRESSURE
     1     1    17     8    18     3     0     0     0.0   46.392 -119.412    700.0    931.4
     1     1    17     8    18     2     0     0    -1.0   46.376 -119.414    704.5    930.9
     1     1    17     8    18     1     0     0    -2.0   46.367 -119.415    707.5    931.4
     1     1    17     8    18     0     0     0    -3.0   46.335 -119.375    715.2    929.6
     1     1    17     8    17    23     0     0    -4.0   46.292 -119.323    712.4    929.3
     1     1    17     8    17    22     0     0    -5.0   46.306 -119.334    704.5    931.1
     1     1    17     8    17    21     0     0    -6.0   46.328 -119.417    700.1    931.0
     1     1    17     8    17    20     0     0    -7.0   46.268 -119.448    675.1    934.5
     1     1    17     8    17    19     0     0    -8.0   46.192 -119.430    675.2    933.9
     1     1    17     8    17    18     0     0    -9.0   46.109 -119.456    660.3    936.0
     1     1    17     8    17    17     0     0   -10.0   45.991 -119.542    632.2    939.3
     1     1    17     8    17    16     0     0   -11.0   45.849 -119.633    625.5    939.9
     1     1    17     8    17    15     0     0   -12.0   45.719 -119.663    641.5    938.2
     1     1    17     8    17    14     0     0   -13.0   45.611 -119.657    653.5    937.1
     1     1    17     8    17    13     0     0   -14.0   45.506 -119.639    661.4    935.0
     1     1    17     8    17    12     0     0   -15.0   45.407 -119.579    665.6    936.5
