     1     1
    SITE    10     3     1     0     0
     1 BACKWARD OMEGA   
    17     8    19     7   46.392 -119.412   700.0
     1 PRESSURE
     1     1    17     8    19     7     0     0     0.0   46.392 -119.412    700.0    931.4
     1     1    17     8    19     6     0     0    -1.0   46.332 -119.434    710.8    930.2
     1     1    17     8    19     5     0     0    -2.0   46.263 -119.459    719.6    928.3
     1     1    17     8    19     4     0     0    -3.0   46.193 -119.481    727.6    928.3
     1     1    17     8    19     3     0     0    -4.0   46.117 -119.481    728.6    928.0
     1     1    17     8    19     2     0     0    -5.0   46.050 -119.504    724.5    928.6
     1     1    17     8    19     1     0     0    -6.0   46.005 -119.518    720.3    929.1
     1     1    17     8    19     0     0     0    -7.0   45.951 -119.538    722.5    929.4
     1     1    17     8    18    23     0     0    -8.0   45.944 -119.698    701.4    930.3
     1     1    17     8    18    22     0     0    -9.0   46.068 -119.922    732.0    927.9
     1     1    17     8    18    21     0     0   -10.0   46.269 -120.107    712.1    930.3
     1     1    17     8    18    20     0     0   -11.0   46.458 -120.328    748.7    925.9
     1     1    17     8    18    19     0     0   -12.0   46.630 -120.548    758.0    923.7
     1     1    17     8    18    18     0     0   -13.0   46.811 -120.755    749.2    924.1
