     1     1
    SITE    10     3     1     0     0
     1 BACKWARD OMEGA   
    17     8    24     2   46.392 -119.412   700.0
     1 PRESSURE
     1     1    17     8    24     2     0     0     0.0   46.392 -119.412    700.0    931.4
     1     1    17     8    24     1     0     0    -1.0   46.329 -119.372    699.5    931.5
     1     1    17     8    24     0     0     0    -2.0   46.282 -119.363    705.7    930.5
     1     1    17     8    23    23     0     0    -3.0   46.260 -119.395    704.4    930.7
     1     1    17     8    23    22     0     0    -4.0   46.234 -119.411    707.7    931.2
     1     1    17     8    23    21     0     0    -5.0   46.244 -119.455    715.4    929.1
     1     1    17     8    23    20     0     0    -6.0   46.241 -119.495    709.1    929.6
     1     1    17     8    23    19     0     0    -7.0   46.173 -119.455    710.5    930.1
     1     1    17     8    23    18     0     0    -8.0   46.102 -119.370    746.3    925.5
     1     1    17     8    23    17     0     0    -9.0   46.019 -119.302    747.4    925.5
     1     1    17     8    23    16     0     0   -10.0   45.923 -119.257    726.5    928.8
     1     1    17     8    23    15     0     0   -11.0   45.805 -119.204    689.3    932.0
     1     1    17     8    23    14     0     0   -12.0   45.675 -119.105    668.0    935.4
     1     1    17     8    23    13     0     0   -13.0   45.547 -118.994    655.4    937.2
     1     1    17     8    23    12     0     0   -14.0   45.401 -118.933    666.2    935.4
