     1     1
    SITE    10     3     1     0     0
     1 BACKWARD OMEGA   
    17     8    20     3   46.392 -119.412   700.0
     1 PRESSURE
     1     1    17     8    20     3     0     0     0.0   46.392 -119.412    700.0    931.4
     1     1    17     8    20     2     0     0    -1.0   46.350 -119.375    677.3    934.1
     1     1    17     8    20     1     0     0    -2.0   46.324 -119.334    670.8    935.2
     1     1    17     8    20     0     0     0    -3.0   46.283 -119.289    676.8    934.7
     1     1    17     8    19    23     0     0    -4.0   46.253 -119.289    675.8    932.6
     1     1    17     8    19    22     0     0    -5.0   46.257 -119.369    667.3    936.3
     1     1    17     8    19    21     0     0    -6.0   46.242 -119.401    651.9    935.4
     1     1    17     8    19    20     0     0    -7.0   46.201 -119.438    652.4    937.7
     1     1    17     8    19    19     0     0    -8.0   46.157 -119.473    667.0    935.5
     1     1    17     8    19    18     0     0    -9.0   46.073 -119.431    674.8    934.3
     1     1    17     8    19    17     0     0   -10.0   45.974 -119.366    674.3    934.9
     1     1    17     8    19    16     0     0   -11.0   45.877 -119.317    671.0    934.2
     1     1    17     8    19    15     0     0   -12.0   45.775 -119.272    659.0    935.6
     1     1    17     8    19    14     0     0   -13.0   45.700 -119.181    663.3    935.6
     1     1    17     8    19    13     0     0   -14.0   45.633 -119.085    662.1    935.7
     1     1    17     8    19    12     0     0   -15.0   45.623 -119.082    655.2    937.2
     1     1    17     8    19    11     0     0   -16.0   45.689 -119.153    670.3    936.0
     1     1    17     8    19    10     0     0   -17.0   45.758 -119.219    708.5    929.2
     1     1    17     8    19     9     0     0   -18.0   45.834 -119.285    722.5    927.6
     1     1    17     8    19     8     0     0   -19.0   45.893 -119.384    728.1    928.6
     1     1    17     8    19     7     0     0   -20.0   45.885 -119.457    730.5    927.3
     1     1    17     8    19     6     0     0   -21.0   45.824 -119.480    722.4    930.3
     1     1    17     8    19     5     0     0   -22.0   45.754 -119.505    721.0    928.3
     1     1    17     8    19     4     0     0   -23.0   45.684 -119.526    711.0    929.2
     1     1    17     8    19     3     0     0   -24.0   45.609 -119.523    684.8    933.8
     1     1    17     8    19     2     0     0   -25.0   45.544 -119.544    686.1    933.0
     1     1    17     8    19     1     0     0   -26.0   45.500 -119.557    684.4    933.2
     1     1    17     8    19     0     0     0   -27.0   45.446 -119.578    687.6    933.8
     1     1    17     8    18    23     0     0   -28.0   45.436 -119.736    664.5    934.8
     1     1    17     8    18    22     0     0   -29.0   45.559 -119.955    660.0    936.8
     1     1    17     8    18    21     0     0   -30.0   45.762 -120.144    639.3    939.2
     1     1    17     8    18    20     0     0   -31.0   45.945 -120.367    676.6    933.5
     1     1    17     8    18    19     0     0   -32.0   46.113 -120.582    683.5    933.4
     1     1    17     8    18    18     0     0   -33.0   46.292 -120.778    671.8    932.4
