     1     1
    SITE    10     3     1     0     0
     1 BACKWARD OMEGA   
    17     8    20     8   46.392 -119.412   700.0
     1 PRESSURE
     1     1    17     8    20     8     0     0     0.0   46.392 -119.412    700.0    931.4
     1     1    17     8    20     7     0     0    -1.0   46.325 -119.406    686.3    933.0
     1     1    17     8    20     6     0     0    -2.0   46.240 -119.355    694.5    931.9
     1     1    17     8    20     5     0     0    -3.0   46.146 -119.333    700.2    931.5
     1     1    17     8    20     4     0     0    -4.0   46.063 -119.334    709.4    930.6
     1     1    17     8    20     3     0     0    -5.0   45.992 -119.331    721.7    928.6
     1     1    17     8    20     2     0     0    -6.0   45.950 -119.293    728.3    928.5
     1     1    17     8    20     1     0     0    -7.0   45.925 -119.251    740.1    926.1
     1     1    17     8    20     0     0     0    -8.0   45.885 -119.208    739.6    926.3
     1     1    17     8    19    23     0     0    -9.0   45.853 -119.212    736.3    928.6
     1     1    17     8    19    22     0     0   -10.0   45.859 -119.292    746.3    927.1
     1     1    17     8    19    21     0     0   -11.0   45.845 -119.323    752.4    923.7
     1     1    17     8    19    20     0     0   -12.0   45.803 -119.360    754.8    925.7
     1     1    17     8    19    19     0     0   -13.0   45.760 -119.399    749.0    927.1
     1     1    17     8    19    18     0     0   -14.0   45.675 -119.359    741.7    926.7
     1     1    17     8    19    17     0     0   -15.0   45.575 -119.295    770.4    924.9
     1     1    17     8    19    16     0     0   -16.0   45.479 -119.244    783.3    922.0
     1     1    17     8    19    15     0     0   -17.0   45.376 -119.200    764.3    923.3
