     1     1
    SITE    10     3     1     0     0
     1 BACKWARD OMEGA   
    17     8    27     0   46.392 -119.412   700.0
     1 PRESSURE
     1     1    17     8    27     0     0     0     0.0   46.392 -119.412    700.0    931.4
     1     1    17     8    26    23     0     0    -1.0   46.357 -119.479    702.9    931.1
     1     1    17     8    26    22     0     0    -2.0   46.328 -119.514    701.1    931.4
     1     1    17     8    26    21     0     0    -3.0   46.322 -119.529    708.1    931.4
     1     1    17     8    26    20     0     0    -4.0   46.328 -119.563    720.1    928.4
     1     1    17     8    26    19     0     0    -5.0   46.311 -119.593    721.7    928.2
     1     1    17     8    26    18     0     0    -6.0   46.269 -119.613    715.7    929.3
     1     1    17     8    26    17     0     0    -7.0   46.273 -119.586    705.6    930.8
     1     1    17     8    26    16     0     0    -8.0   46.337 -119.514    701.0    932.0
     1     1    17     8    26    15     0     0    -9.0   46.342 -119.427    693.7    929.7
     1     1    17     8    26    14     0     0   -10.0   46.347 -119.344    696.1    933.3
     1     1    17     8    26    13     0     0   -11.0   46.383 -119.253    683.7    930.4
     1     1    17     8    26    12     0     0   -12.0   46.416 -119.164    672.7    935.1
     1     1    17     8    26    11     0     0   -13.0   46.448 -119.078    685.9    933.8
     1     1    17     8    26    10     0     0   -14.0   46.480 -118.999    704.0    931.3
     1     1    17     8    26     9     0     0   -15.0   46.496 -119.005    717.8    928.0
     1     1    17     8    26     8     0     0   -16.0   46.472 -119.033    715.7    928.3
     1     1    17     8    26     7     0     0   -17.0   46.439 -119.026    716.5    930.3
     1     1    17     8    26     6     0     0   -18.0   46.427 -119.044    712.8    928.6
     1     1    17     8    26     5     0     0   -19.0   46.421 -119.048    710.4    930.9
     1     1    17     8    26     4     0     0   -20.0   46.419 -119.051    713.1    929.7
     1     1    17     8    26     3     0     0   -21.0   46.419 -119.078    711.5    929.9
     1     1    17     8    26     2     0     0   -22.0   46.406 -119.100    717.0    930.4
     1     1    17     8    26     1     0     0   -23.0   46.394 -119.125    722.8    927.9
     1     1    17     8    26     0     0     0   -24.0   46.368 -119.163    733.0    928.9
     1     1    17     8    25    23     0     0   -25.0   46.365 -119.212    739.7    926.1
     1     1    17     8    25    22     0     0   -26.0   46.372 -119.263    742.2    926.8
     1     1    17     8    25    21     0     0   -27.0   46.334 -119.313    746.8    926.0
     1     1    17     8    25    20     0     0   -28.0   46.271 -119.355    762.4    923.1
     1     1    17     8    25    19     0     0   -29.0   46.188 -119.363    781.3    923.7
     1     1    17     8    25    18     0     0   -30.0   46.083 -119.335    804.6    920.0
     1     1    17     8    25    17     0     0   -31.0   45.978 -119.309    851.1    914.4
     1     1    17     8    25    16     0     0   -32.0   45.889 -119.271    864.6    913.0
     1     1    17     8    25    15     0     0   -33.0   45.815 -119.222    856.5    914.2
     1     1    17     8    25    14     0     0   -34.0   45.735 -119.169    848.7    915.0
     1     1    17     8    25    13     0     0   -35.0   45.654 -119.157    837.9    915.3
     1     1    17     8    25    12     0     0   -36.0   45.593 -119.151    819.0    918.0
     1     1    17     8    25    11     0     0   -37.0   45.534 -119.132    806.0    919.1
     1     1    17     8    25    10     0     0   -38.0   45.478 -119.112    786.0    922.3
     1     1    17     8    25     9     0     0   -39.0   45.472 -119.063    789.0    921.7
     1     1    17     8    25     8     0     0   -40.0   45.479 -119.010    778.9    922.2
     1     1    17     8    25     7     0     0   -41.0   45.449 -118.979    773.9    923.9
     1     1    17     8    25     6     0     0   -42.0   45.423 -118.948    777.4    922.7
     1     1    17     8    25     5     0     0   -43.0   45.424 -118.904    774.3    922.7
     1     1    17     8    25     4     0     0   -44.0   45.418 -118.869    769.0    923.4
     1     1    17     8    25     3     0     0   -45.0   45.417 -118.869    761.3    924.2
     1     1    17     8    25     2     0     0   -46.0   45.412 -118.895    755.7    925.1
     1     1    17     8    25     1     0     0   -47.0   45.381 -118.919    744.0    925.4
