     1     1
    SITE    10     3     1     0     0
     1 BACKWARD OMEGA   
    17     8    17     6   46.392 -119.412   700.0
     1 PRESSURE
     1     1    17     8    17     6     0     0     0.0   46.392 -119.412    700.0    931.4
     1     1    17     8    17     5     0     0    -1.0   46.343 -119.388    690.6    932.5
     1     1    17     8    17     4     0     0    -2.0   46.297 -119.403    681.3    933.5
     1     1    17     8    17     3     0     0    -3.0   46.254 -119.446    671.4    935.0
     1     1    17     8    17     2     0     0    -4.0   46.223 -119.479    662.6    935.9
     1     1    17     8    17     1     0     0    -5.0   46.174 -119.505    660.0    936.7
     1     1    17     8    17     0     0     0    -6.0   46.115 -119.488    666.4    935.2
     1     1    17     8    16    23     0     0    -7.0   46.133 -119.563    677.4    932.5
     1     1    17     8    16    22     0     0    -8.0   46.225 -119.755    697.8    932.6
     1     1    17     8    16    21     0     0    -9.0   46.354 -119.939    756.6    927.0
     1     1    17     8    16    20     0     0   -10.0   46.553 -120.176    742.7    926.9
     1     1    17     8    16    19     0     0   -11.0   46.766 -120.422    758.7    924.4
     1     1    17     8    16    18     0     0   -12.0   46.952 -120.638    765.5    923.5
     1     1    17     8    16    17     0     0   -13.0   46.985 -120.825    836.7    914.6
