     1     1
    SITE    10     3     1     0     0
     1 BACKWARD OMEGA   
    17     8    17    16   46.392 -119.412   700.0
     1 PRESSURE
     1     1    17     8    17    16     0     0     0.0   46.392 -119.412    700.0    931.4
     1     1    17     8    17    15     0     0    -1.0   46.261 -119.441    691.4    932.4
     1     1    17     8    17    14     0     0    -2.0   46.150 -119.439    692.7    932.0
     1     1    17     8    17    13     0     0    -3.0   46.044 -119.420    689.4    931.2
     1     1    17     8    17    12     0     0    -4.0   45.944 -119.357    677.4    933.8
     1     1    17     8    17    11     0     0    -5.0   45.859 -119.279    678.6    934.9
     1     1    17     8    17    10     0     0    -6.0   45.772 -119.215    671.1    933.5
     1     1    17     8    17     9     0     0    -7.0   45.669 -119.176    668.1    936.6
     1     1    17     8    17     8     0     0    -8.0   45.551 -119.170    694.2    932.3
     1     1    17     8    17     7     0     0    -9.0   45.434 -119.185    703.6    931.7
