     1     1
    SITE    10     3     1     0     0
     1 BACKWARD OMEGA   
    17     8    27    13   46.392 -119.412   700.0
     1 PRESSURE
     1     1    17     8    27    13     0     0     0.0   46.392 -119.412    700.0    931.4
     1     1    17     8    27    12     0     0    -1.0   46.377 -119.334    689.8    932.6
     1     1    17     8    27    11     0     0    -2.0   46.336 -119.287    678.3    933.7
     1     1    17     8    27    10     0     0    -3.0   46.290 -119.270    664.0    935.8
     1     1    17     8    27     9     0     0    -4.0   46.244 -119.260    657.7    937.3
     1     1    17     8    27     8     0     0    -5.0   46.206 -119.242    665.9    936.4
     1     1    17     8    27     7     0     0    -6.0   46.179 -119.240    674.2    933.6
     1     1    17     8    27     6     0     0    -7.0   46.184 -119.268    672.4    933.7
     1     1    17     8    27     5     0     0    -8.0   46.213 -119.302    666.6    936.7
     1     1    17     8    27     4     0     0    -9.0   46.231 -119.343    670.6    934.6
     1     1    17     8    27     3     0     0   -10.0   46.232 -119.383    672.7    934.9
     1     1    17     8    27     2     0     0   -11.0   46.214 -119.426    667.2    934.1
     1     1    17     8    27     1     0     0   -12.0   46.177 -119.458    653.4    937.5
     1     1    17     8    27     0     0     0   -13.0   46.128 -119.490    648.5    938.6
     1     1    17     8    26    23     0     0   -14.0   46.092 -119.557    652.7    937.1
     1     1    17     8    26    22     0     0   -15.0   46.064 -119.592    657.4    936.7
     1     1    17     8    26    21     0     0   -16.0   46.057 -119.606    657.9    935.5
     1     1    17     8    26    20     0     0   -17.0   46.064 -119.641    648.9    937.4
     1     1    17     8    26    19     0     0   -18.0   46.047 -119.671    649.1    938.5
     1     1    17     8    26    18     0     0   -19.0   46.003 -119.692    662.0    936.4
     1     1    17     8    26    17     0     0   -20.0   46.009 -119.667    660.5    934.2
     1     1    17     8    26    16     0     0   -21.0   46.074 -119.593    654.3    937.1
     1     1    17     8    26    15     0     0   -22.0   46.079 -119.505    654.7    936.4
     1     1    17     8    26    14     0     0   -23.0   46.083 -119.424    676.7    937.5
     1     1    17     8    26    13     0     0   -24.0   46.117 -119.332    692.8    931.7
     1     1    17     8    26    12     0     0   -25.0   46.147 -119.247    686.9    932.9
     1     1    17     8    26    11     0     0   -26.0   46.179 -119.165    684.5    934.5
     1     1    17     8    26    10     0     0   -27.0   46.210 -119.089    686.5    932.2
     1     1    17     8    26     9     0     0   -28.0   46.223 -119.096    691.2    933.4
     1     1    17     8    26     8     0     0   -29.0   46.199 -119.127    692.2    930.2
     1     1    17     8    26     7     0     0   -30.0   46.167 -119.120    685.2    934.0
     1     1    17     8    26     6     0     0   -31.0   46.155 -119.138    683.6    933.2
     1     1    17     8    26     5     0     0   -32.0   46.148 -119.142    687.0    933.6
     1     1    17     8    26     4     0     0   -33.0   46.146 -119.146    695.3    931.1
     1     1    17     8    26     3     0     0   -34.0   46.146 -119.173    693.2    931.9
     1     1    17     8    26     2     0     0   -35.0   46.134 -119.195    691.9    932.8
     1     1    17     8    26     1     0     0   -36.0   46.122 -119.220    691.4    932.1
     1     1    17     8    26     0     0     0   -37.0   46.097 -119.257    683.3    932.8
     1     1    17     8    25    23     0     0   -38.0   46.093 -119.307    672.5    935.5
     1     1    17     8    25    22     0     0   -39.0   46.099 -119.357    680.6    936.0
     1     1    17     8    25    21     0     0   -40.0   46.061 -119.405    686.2    930.7
     1     1    17     8    25    20     0     0   -41.0   45.999 -119.448    690.8    934.5
     1     1    17     8    25    19     0     0   -42.0   45.916 -119.457    699.4    929.9
     1     1    17     8    25    18     0     0   -43.0   45.814 -119.432    682.2    933.5
     1     1    17     8    25    17     0     0   -44.0   45.713 -119.406    667.4    934.6
     1     1    17     8    25    16     0     0   -45.0   45.624 -119.367    661.7    936.6
     1     1    17     8    25    15     0     0   -46.0   45.549 -119.319    669.1    935.4
     1     1    17     8    25    14     0     0   -47.0   45.470 -119.266    692.9    932.0
     1     1    17     8    25    13     0     0   -48.0   45.389 -119.253    692.7    932.0
