     1     1
    SITE    10     3     1     0     0
     1 BACKWARD OMEGA   
    17     8    25     2   46.392 -119.412   700.0
     1 PRESSURE
     1     1    17     8    25     2     0     0     0.0   46.392 -119.412    700.0    931.4
     1     1    17     8    25     1     0     0    -1.0   46.361 -119.436    696.7    931.8
     1     1    17     8    25     0     0     0    -2.0   46.310 -119.436    685.1    932.8
     1     1    17     8    24    23     0     0    -3.0   46.239 -119.420    669.9    935.1
     1     1    17     8    24    22     0     0    -4.0   46.200 -119.482    671.1    935.4
     1     1    17     8    24    21     0     0    -5.0   46.259 -119.642    704.4    930.5
     1     1    17     8    24    20     0     0    -6.0   46.448 -119.867    740.2    925.2
     1     1    17     8    24    19     0     0    -7.0   46.693 -120.122    739.8    927.4
     1     1    17     8    24    18     0     0    -8.0   46.931 -120.393    780.0    922.7
     1     1    17     8    24    17     0     0    -9.0   47.176 -120.672    821.2    917.1
