     1     1
    SITE    10     3     1     0     0
     1 BACKWARD OMEGA   
    17     8    17     2   46.392 -119.412   700.0
     1 PRESSURE
     1     1    17     8    17     2     0     0     0.0   46.392 -119.412    700.0    931.4
     1     1    17     8    17     1     0     0    -1.0   46.344 -119.436    687.1    932.9
     1     1    17     8    17     0     0     0    -2.0   46.286 -119.422    668.1    934.1
     1     1    17     8    16    23     0     0    -3.0   46.303 -119.490    645.6    937.0
     1     1    17     8    16    22     0     0    -4.0   46.392 -119.676    654.4    936.0
     1     1    17     8    16    21     0     0    -5.0   46.520 -119.862    603.4    941.8
     1     1    17     8    16    20     0     0    -6.0   46.723 -120.103    582.2    945.1
     1     1    17     8    16    19     0     0    -7.0   46.933 -120.352    631.7    940.6
     1     1    17     8    16    18     0     0    -8.0   47.125 -120.568    667.9    936.0
     1     1    17     8    16    17     0     0    -9.0   47.158 -120.759    705.9    930.8
     1     1    17     8    16    16     0     0   -10.0   47.021 -120.865    713.3    929.6
