     1     1
    SITE    10     3     1     0     0
     1 BACKWARD OMEGA   
    17     8    18    10   46.392 -119.412   700.0
     1 PRESSURE
     1     1    17     8    18    10     0     0     0.0   46.392 -119.412    700.0    931.4
     1     1    17     8    18     9     0     0    -1.0   46.247 -119.435    675.9    934.3
     1     1    17     8    18     8     0     0    -2.0   46.101 -119.476    659.8    936.4
     1     1    17     8    18     7     0     0    -3.0   46.024 -119.516    671.5    934.5
     1     1    17     8    18     6     0     0    -4.0   46.028 -119.552    669.0    934.9
     1     1    17     8    18     5     0     0    -5.0   46.043 -119.597    672.9    936.6
     1     1    17     8    18     4     0     0    -6.0   46.000 -119.613    667.2    931.8
     1     1    17     8    18     3     0     0    -7.0   45.938 -119.587    656.2    936.7
     1     1    17     8    18     2     0     0    -8.0   45.923 -119.589    650.4    937.5
     1     1    17     8    18     1     0     0    -9.0   45.914 -119.592    651.2    937.4
     1     1    17     8    18     0     0     0   -10.0   45.882 -119.553    645.6    936.8
     1     1    17     8    17    23     0     0   -11.0   45.838 -119.503    630.0    940.0
     1     1    17     8    17    22     0     0   -12.0   45.850 -119.515    627.5    941.1
     1     1    17     8    17    21     0     0   -13.0   45.871 -119.600    633.4    939.5
     1     1    17     8    17    20     0     0   -14.0   45.812 -119.636    623.5    939.0
     1     1    17     8    17    19     0     0   -15.0   45.737 -119.617    618.6    940.5
     1     1    17     8    17    18     0     0   -16.0   45.657 -119.639    600.7    943.2
     1     1    17     8    17    17     0     0   -17.0   45.541 -119.724    592.5    943.5
     1     1    17     8    17    16     0     0   -18.0   45.396 -119.814    607.7    941.7
