     1     1
    SITE    10     3     1     0     0
     1 BACKWARD OMEGA   
    17     8    21    12   46.392 -119.412   700.0
     1 PRESSURE
     1     1    17     8    21    12     0     0     0.0   46.392 -119.412    700.0    931.4
     1     1    17     8    21    11     0     0    -1.0   46.437 -119.366    678.4    934.0
     1     1    17     8    21    10     0     0    -2.0   46.517 -119.364    680.7    933.8
     1     1    17     8    21     9     0     0    -3.0   46.538 -119.306    691.8    932.3
     1     1    17     8    21     8     0     0    -4.0   46.510 -119.252    689.8    931.9
     1     1    17     8    21     7     0     0    -5.0   46.479 -119.214    684.5    933.9
     1     1    17     8    21     6     0     0    -6.0   46.461 -119.174    683.0    933.3
     1     1    17     8    21     5     0     0    -7.0   46.449 -119.155    686.9    933.7
     1     1    17     8    21     4     0     0    -8.0   46.437 -119.139    696.2    931.7
     1     1    17     8    21     3     0     0    -9.0   46.424 -119.137    701.6    930.9
     1     1    17     8    21     2     0     0   -10.0   46.400 -119.169    696.9    930.8
     1     1    17     8    21     1     0     0   -11.0   46.372 -119.181    688.3    933.3
     1     1    17     8    21     0     0     0   -12.0   46.345 -119.208    680.7    933.7
     1     1    17     8    20    23     0     0   -13.0   46.370 -119.258    679.9    933.6
     1     1    17     8    20    22     0     0   -14.0   46.438 -119.290    678.8    934.4
     1     1    17     8    20    21     0     0   -15.0   46.460 -119.320    683.3    932.7
     1     1    17     8    20    20     0     0   -16.0   46.427 -119.352    680.3    933.7
     1     1    17     8    20    19     0     0   -17.0   46.378 -119.369    686.2    934.2
     1     1    17     8    20    18     0     0   -18.0   46.337 -119.314    694.1    931.6
     1     1    17     8    20    17     0     0   -19.0   46.303 -119.196    687.8    932.5
     1     1    17     8    20    16     0     0   -20.0   46.243 -119.118    663.1    936.1
     1     1    17     8    20    15     0     0   -21.0   46.157 -119.095    642.7    938.3
     1     1    17     8    20    14     0     0   -22.0   46.073 -119.077    630.2    940.1
     1     1    17     8    20    13     0     0   -23.0   46.009 -119.008    629.8    939.7
     1     1    17     8    20    12     0     0   -24.0   45.927 -118.962    633.7    939.7
     1     1    17     8    20    11     0     0   -25.0   45.824 -118.953    646.7    937.8
     1     1    17     8    20    10     0     0   -26.0   45.756 -118.960    653.3    936.5
     1     1    17     8    20     9     0     0   -27.0   45.701 -118.997    652.6    937.2
     1     1    17     8    20     8     0     0   -28.0   45.640 -119.024    646.6    936.5
     1     1    17     8    20     7     0     0   -29.0   45.575 -119.019    635.5    940.2
     1     1    17     8    20     6     0     0   -30.0   45.492 -118.966    636.5    938.2
     1     1    17     8    20     5     0     0   -31.0   45.397 -118.940    621.6    940.6
