     1     1
    SITE    10     3     1     0     0
     1 BACKWARD OMEGA   
    17     8    23     6   46.392 -119.412   700.0
     1 PRESSURE
     1     1    17     8    23     6     0     0     0.0   46.392 -119.412    700.0    931.4
     1     1    17     8    23     5     0     0    -1.0   46.364 -119.376    695.6    931.9
     1     1    17     8    23     4     0     0    -2.0   46.343 -119.385    694.9    932.3
     1     1    17     8    23     3     0     0    -3.0   46.342 -119.448    699.2    931.6
     1     1    17     8    23     2     0     0    -4.0   46.326 -119.529    701.7    930.8
     1     1    17     8    23     1     0     0    -5.0   46.241 -119.560    697.0    931.0
     1     1    17     8    23     0     0     0    -6.0   46.116 -119.579    685.6    933.8
     1     1    17     8    22    23     0     0    -7.0   46.032 -119.631    700.4    931.0
     1     1    17     8    22    22     0     0    -8.0   45.963 -119.660    685.2    932.6
     1     1    17     8    22    21     0     0    -9.0   45.873 -119.653    672.2    936.4
     1     1    17     8    22    20     0     0   -10.0   45.777 -119.627    700.4    931.0
     1     1    17     8    22    19     0     0   -11.0   45.690 -119.621    699.6    931.0
     1     1    17     8    22    18     0     0   -12.0   45.614 -119.613    689.1    932.3
     1     1    17     8    22    17     0     0   -13.0   45.533 -119.579    683.5    934.3
     1     1    17     8    22    16     0     0   -14.0   45.433 -119.547    707.3    930.5
