     1     1
    SITE    10     3     1     0     0
     1 BACKWARD OMEGA   
    17     8    29    18   46.392 -119.412   700.0
     1 PRESSURE
     1     1    17     8    29    18     0     0     0.0   46.392 -119.412    700.0    931.4
     1     1    17     8    29    17     0     0    -1.0   46.324 -119.364    709.6    930.3
     1     1    17     8    29    16     0     0    -2.0   46.248 -119.311    704.7    931.5
     1     1    17     8    29    15     0     0    -3.0   46.156 -119.276    702.2    930.5
     1     1    17     8    29    14     0     0    -4.0   46.070 -119.241    687.3    933.2
     1     1    17     8    29    13     0     0    -5.0   45.995 -119.255    683.9    933.4
     1     1    17     8    29    12     0     0    -6.0   45.959 -119.324    679.9    934.1
     1     1    17     8    29    11     0     0    -7.0   45.929 -119.361    675.5    933.2
     1     1    17     8    29    10     0     0    -8.0   45.893 -119.326    668.7    935.5
     1     1    17     8    29     9     0     0    -9.0   45.903 -119.274    672.4    935.2
     1     1    17     8    29     8     0     0   -10.0   45.938 -119.244    678.8    933.7
     1     1    17     8    29     7     0     0   -11.0   45.943 -119.219    678.1    933.3
     1     1    17     8    29     6     0     0   -12.0   45.918 -119.198    670.1    935.1
     1     1    17     8    29     5     0     0   -13.0   45.893 -119.200    665.0    935.8
     1     1    17     8    29     4     0     0   -14.0   45.885 -119.233    663.4    935.8
     1     1    17     8    29     3     0     0   -15.0   45.913 -119.265    665.8    935.8
     1     1    17     8    29     2     0     0   -16.0   45.959 -119.296    657.5    935.2
     1     1    17     8    29     1     0     0   -17.0   45.973 -119.364    650.2    938.7
     1     1    17     8    29     0     0     0   -18.0   45.922 -119.415    660.4    936.8
     1     1    17     8    28    23     0     0   -19.0   45.852 -119.441    674.5    934.5
     1     1    17     8    28    22     0     0   -20.0   45.811 -119.482    676.8    934.1
     1     1    17     8    28    21     0     0   -21.0   45.807 -119.519    679.2    934.4
     1     1    17     8    28    20     0     0   -22.0   45.805 -119.595    675.1    933.6
     1     1    17     8    28    19     0     0   -23.0   45.776 -119.666    670.9    934.7
     1     1    17     8    28    18     0     0   -24.0   45.788 -119.721    670.2    935.4
     1     1    17     8    28    17     0     0   -25.0   45.858 -119.798    662.7    935.6
     1     1    17     8    28    16     0     0   -26.0   45.888 -119.895    655.6    936.5
     1     1    17     8    28    15     0     0   -27.0   45.927 -119.973    643.8    938.2
     1     1    17     8    28    14     0     0   -28.0   45.961 -119.936    639.9    939.0
     1     1    17     8    28    13     0     0   -29.0   45.989 -119.844    644.9    938.1
     1     1    17     8    28    12     0     0   -30.0   46.086 -119.803    643.4    938.4
     1     1    17     8    28    11     0     0   -31.0   46.200 -119.794    642.4    937.3
     1     1    17     8    28    10     0     0   -32.0   46.330 -119.821    645.7    938.5
     1     1    17     8    28     9     0     0   -33.0   46.475 -119.888    679.3    934.0
     1     1    17     8    28     8     0     0   -34.0   46.493 -119.927    675.7    933.9
     1     1    17     8    28     7     0     0   -35.0   46.429 -119.966    649.5    937.9
     1     1    17     8    28     6     0     0   -36.0   46.443 -120.036    645.0    938.0
     1     1    17     8    28     5     0     0   -37.0   46.495 -120.022    632.1    938.3
     1     1    17     8    28     4     0     0   -38.0   46.511 -119.948    630.1    941.1
     1     1    17     8    28     3     0     0   -39.0   46.472 -119.919    625.8    939.2
     1     1    17     8    28     2     0     0   -40.0   46.430 -119.897    610.5    942.2
     1     1    17     8    28     1     0     0   -41.0   46.380 -119.854    608.8    943.0
     1     1    17     8    28     0     0     0   -42.0   46.330 -119.808    619.0    941.1
     1     1    17     8    27    23     0     0   -43.0   46.293 -119.785    618.3    939.6
     1     1    17     8    27    22     0     0   -44.0   46.264 -119.801    611.7    942.5
     1     1    17     8    27    21     0     0   -45.0   46.254 -119.832    610.7    941.6
     1     1    17     8    27    20     0     0   -46.0   46.258 -119.880    607.4    942.2
     1     1    17     8    27    19     0     0   -47.0   46.258 -119.930    608.1    942.3
     1     1    17     8    27    18     0     0   -48.0   46.240 -119.966    614.6    941.4
     1     1    17     8    27    17     0     0   -49.0   46.199 -119.989    618.0    940.7
     1     1    17     8    27    16     0     0   -50.0   46.140 -120.005    620.9    941.0
     1     1    17     8    27    15     0     0   -51.0   46.134 -120.006    627.4    940.2
     1     1    17     8    27    14     0     0   -52.0   46.175 -119.953    625.8    939.7
     1     1    17     8    27    13     0     0   -53.0   46.195 -119.874    621.2    940.5
     1     1    17     8    27    12     0     0   -54.0   46.179 -119.795    600.5    941.3
     1     1    17     8    27    11     0     0   -55.0   46.136 -119.746    586.8    945.7
     1     1    17     8    27    10     0     0   -56.0   46.090 -119.728    580.3    945.1
     1     1    17     8    27     9     0     0   -57.0   46.044 -119.718    576.8    945.6
     1     1    17     8    27     8     0     0   -58.0   46.005 -119.701    575.9    945.5
     1     1    17     8    27     7     0     0   -59.0   45.979 -119.699    579.2    945.6
     1     1    17     8    27     6     0     0   -60.0   45.984 -119.727    581.3    944.5
     1     1    17     8    27     5     0     0   -61.0   46.014 -119.760    575.7    945.5
     1     1    17     8    27     4     0     0   -62.0   46.032 -119.801    570.8    946.0
     1     1    17     8    27     3     0     0   -63.0   46.033 -119.841    568.2    946.6
     1     1    17     8    27     2     0     0   -64.0   46.014 -119.883    561.1    946.2
     1     1    17     8    27     1     0     0   -65.0   45.976 -119.914    551.4    948.5
     1     1    17     8    27     0     0     0   -66.0   45.928 -119.945    546.6    948.7
     1     1    17     8    26    23     0     0   -67.0   45.893 -120.012    550.5    949.3
     1     1    17     8    26    22     0     0   -68.0   45.865 -120.049    556.8    946.9
     1     1    17     8    26    21     0     0   -69.0   45.858 -120.065    562.2    947.2
     1     1    17     8    26    20     0     0   -70.0   45.864 -120.099    566.5    946.2
     1     1    17     8    26    19     0     0   -71.0   45.847 -120.130    564.0    946.2
     1     1    17     8    26    18     0     0   -72.0   45.804 -120.151    566.0    947.5
