     1     1
    SITE    10     3     1     0     0
     1 BACKWARD OMEGA   
    17     8    24     7   46.392 -119.412   700.0
     1 PRESSURE
     1     1    17     8    24     7     0     0     0.0   46.392 -119.412    700.0    931.4
     1     1    17     8    24     6     0     0    -1.0   46.358 -119.463    687.4    932.9
     1     1    17     8    24     5     0     0    -2.0   46.303 -119.448    680.9    933.8
     1     1    17     8    24     4     0     0    -3.0   46.298 -119.444    683.8    933.8
     1     1    17     8    24     3     0     0    -4.0   46.283 -119.466    672.0    933.3
     1     1    17     8    24     2     0     0    -5.0   46.219 -119.463    662.9    935.9
     1     1    17     8    24     1     0     0    -6.0   46.157 -119.425    645.6    936.5
     1     1    17     8    24     0     0     0    -7.0   46.108 -119.419    638.4    939.2
     1     1    17     8    23    23     0     0    -8.0   46.085 -119.450    643.8    937.8
     1     1    17     8    23    22     0     0    -9.0   46.059 -119.467    642.2    937.8
     1     1    17     8    23    21     0     0   -10.0   46.069 -119.514    634.1    938.9
     1     1    17     8    23    20     0     0   -11.0   46.067 -119.553    638.7    939.2
     1     1    17     8    23    19     0     0   -12.0   45.999 -119.512    650.6    936.6
     1     1    17     8    23    18     0     0   -13.0   45.928 -119.428    631.5    939.9
     1     1    17     8    23    17     0     0   -14.0   45.846 -119.360    633.4    939.2
     1     1    17     8    23    16     0     0   -15.0   45.746 -119.314    642.9    939.0
     1     1    17     8    23    15     0     0   -16.0   45.626 -119.260    648.1    937.9
     1     1    17     8    23    14     0     0   -17.0   45.500 -119.159    647.5    936.5
     1     1    17     8    23    13     0     0   -18.0   45.372 -119.049    641.4    938.0
