     1     1
    SITE    10     3     1     0     0
     1 BACKWARD OMEGA   
    17     8    23    10   46.392 -119.412   700.0
     1 PRESSURE
     1     1    17     8    23    10     0     0     0.0   46.392 -119.412    700.0    931.4
     1     1    17     8    23     9     0     0    -1.0   46.251 -119.458    687.7    932.9
     1     1    17     8    23     8     0     0    -2.0   46.108 -119.496    667.9    935.2
     1     1    17     8    23     7     0     0    -3.0   45.994 -119.480    665.3    935.7
     1     1    17     8    23     6     0     0    -4.0   45.940 -119.434    673.5    934.3
     1     1    17     8    23     5     0     0    -5.0   45.912 -119.400    669.1    935.0
     1     1    17     8    23     4     0     0    -6.0   45.892 -119.407    661.2    936.0
     1     1    17     8    23     3     0     0    -7.0   45.892 -119.469    655.7    937.3
     1     1    17     8    23     2     0     0    -8.0   45.877 -119.550    652.3    936.8
     1     1    17     8    23     1     0     0    -9.0   45.795 -119.579    625.1    938.6
     1     1    17     8    23     0     0     0   -10.0   45.671 -119.591    620.0    941.1
     1     1    17     8    22    23     0     0   -11.0   45.589 -119.644    615.5    941.1
     1     1    17     8    22    22     0     0   -12.0   45.521 -119.676    612.0    941.8
     1     1    17     8    22    21     0     0   -13.0   45.433 -119.673    624.2    940.4
