     1     1
    SITE    10     3     1     0     0
     1 BACKWARD OMEGA   
    17     8    26     6   46.392 -119.412   700.0
     1 PRESSURE
     1     1    17     8    26     6     0     0     0.0   46.392 -119.412    700.0    931.4
     1     1    17     8    26     5     0     0    -1.0   46.386 -119.415    702.4    931.1
     1     1    17     8    26     4     0     0    -2.0   46.384 -119.418    701.6    930.4
     1     1    17     8    26     3     0     0    -3.0   46.383 -119.444    700.6    931.3
     1     1    17     8    26     2     0     0    -4.0   46.371 -119.466    698.1    931.5
     1     1    17     8    26     1     0     0    -5.0   46.359 -119.491    697.1    932.2
     1     1    17     8    26     0     0     0    -6.0   46.333 -119.527    702.5    931.5
     1     1    17     8    25    23     0     0    -7.0   46.331 -119.576    709.2    929.6
     1     1    17     8    25    22     0     0    -8.0   46.339 -119.629    704.7    929.9
     1     1    17     8    25    21     0     0    -9.0   46.302 -119.678    681.0    933.3
     1     1    17     8    25    20     0     0   -10.0   46.240 -119.717    652.7    939.1
     1     1    17     8    25    19     0     0   -11.0   46.155 -119.722    666.9    938.5
     1     1    17     8    25    18     0     0   -12.0   46.050 -119.695    670.8    934.2
     1     1    17     8    25    17     0     0   -13.0   45.944 -119.670    652.2    936.4
     1     1    17     8    25    16     0     0   -14.0   45.853 -119.633    643.0    939.1
     1     1    17     8    25    15     0     0   -15.0   45.777 -119.584    664.5    936.1
     1     1    17     8    25    14     0     0   -16.0   45.700 -119.530    662.4    934.6
     1     1    17     8    25    13     0     0   -17.0   45.618 -119.520    638.0    939.3
     1     1    17     8    25    12     0     0   -18.0   45.554 -119.516    623.2    940.8
     1     1    17     8    25    11     0     0   -19.0   45.494 -119.500    623.8    940.8
     1     1    17     8    25    10     0     0   -20.0   45.439 -119.484    631.2    939.8
     1     1    17     8    25     9     0     0   -21.0   45.433 -119.436    632.5    938.8
     1     1    17     8    25     8     0     0   -22.0   45.439 -119.384    621.7    940.4
     1     1    17     8    25     7     0     0   -23.0   45.408 -119.354    613.9    941.5
     1     1    17     8    25     6     0     0   -24.0   45.382 -119.324    613.3    942.3
