     1     1
    SITE    10     3     1     0     0
     1 BACKWARD OMEGA   
    17     8    22    12   46.392 -119.412   700.0
     1 PRESSURE
     1     1    17     8    22    12     0     0     0.0   46.392 -119.412    700.0    931.4
     1     1    17     8    22    11     0     0    -1.0   46.361 -119.359    714.6    929.7
     1     1    17     8    22    10     0     0    -2.0   46.303 -119.318    717.5    928.4
     1     1    17     8    22     9     0     0    -3.0   46.231 -119.280    728.2    929.1
     1     1    17     8    22     8     0     0    -4.0   46.161 -119.253    740.6    926.5
     1     1    17     8    22     7     0     0    -5.0   46.102 -119.228    738.2    926.9
     1     1    17     8    22     6     0     0    -6.0   46.072 -119.219    735.2    927.8
     1     1    17     8    22     5     0     0    -7.0   46.076 -119.230    734.9    927.3
     1     1    17     8    22     4     0     0    -8.0   46.092 -119.257    733.2    927.6
     1     1    17     8    22     3     0     0    -9.0   46.120 -119.279    727.2    927.6
     1     1    17     8    22     2     0     0   -10.0   46.129 -119.298    722.4    929.9
     1     1    17     8    22     1     0     0   -11.0   46.119 -119.337    720.6    928.7
     1     1    17     8    22     0     0     0   -12.0   46.109 -119.347    722.7    929.2
     1     1    17     8    21    23     0     0   -13.0   46.086 -119.323    724.9    928.5
     1     1    17     8    21    22     0     0   -14.0   46.061 -119.315    720.5    928.4
     1     1    17     8    21    21     0     0   -15.0   46.074 -119.331    709.2    930.2
     1     1    17     8    21    20     0     0   -16.0   46.143 -119.387    692.4    931.5
     1     1    17     8    21    19     0     0   -17.0   46.223 -119.476    690.4    933.5
     1     1    17     8    21    18     0     0   -18.0   46.305 -119.543    728.5    928.2
     1     1    17     8    21    17     0     0   -19.0   46.339 -119.621    737.7    926.6
     1     1    17     8    21    16     0     0   -20.0   46.309 -119.651    725.0    928.7
     1     1    17     8    21    15     0     0   -21.0   46.284 -119.577    720.4    929.2
     1     1    17     8    21    14     0     0   -22.0   46.313 -119.501    709.7    928.9
     1     1    17     8    21    13     0     0   -23.0   46.378 -119.431    700.8    933.2
     1     1    17     8    21    12     0     0   -24.0   46.405 -119.330    698.7    930.4
     1     1    17     8    21    11     0     0   -25.0   46.449 -119.285    665.6    935.3
     1     1    17     8    21    10     0     0   -26.0   46.531 -119.286    660.9    937.1
     1     1    17     8    21     9     0     0   -27.0   46.550 -119.228    687.7    932.6
     1     1    17     8    21     8     0     0   -28.0   46.523 -119.174    693.9    931.4
     1     1    17     8    21     7     0     0   -29.0   46.492 -119.138    684.4    932.5
     1     1    17     8    21     6     0     0   -30.0   46.474 -119.098    677.7    935.1
     1     1    17     8    21     5     0     0   -31.0   46.462 -119.079    679.9    933.8
     1     1    17     8    21     4     0     0   -32.0   46.449 -119.063    686.3    933.2
     1     1    17     8    21     3     0     0   -33.0   46.436 -119.061    691.1    932.0
     1     1    17     8    21     2     0     0   -34.0   46.412 -119.094    686.1    932.3
     1     1    17     8    21     1     0     0   -35.0   46.383 -119.106    674.3    934.4
     1     1    17     8    21     0     0     0   -36.0   46.357 -119.133    665.2    935.7
     1     1    17     8    20    23     0     0   -37.0   46.381 -119.183    659.5    936.6
     1     1    17     8    20    22     0     0   -38.0   46.449 -119.215    659.1    936.4
     1     1    17     8    20    21     0     0   -39.0   46.470 -119.248    662.3    935.9
     1     1    17     8    20    20     0     0   -40.0   46.438 -119.280    663.1    935.9
     1     1    17     8    20    19     0     0   -41.0   46.389 -119.297    669.3    935.5
     1     1    17     8    20    18     0     0   -42.0   46.347 -119.243    671.6    934.1
     1     1    17     8    20    17     0     0   -43.0   46.314 -119.127    651.5    936.9
     1     1    17     8    20    16     0     0   -44.0   46.251 -119.046    635.9    939.5
     1     1    17     8    20    15     0     0   -45.0   46.163 -119.021    629.0    940.2
     1     1    17     8    20    14     0     0   -46.0   46.079 -119.002    619.3    941.1
     1     1    17     8    20    13     0     0   -47.0   46.016 -118.933    621.7    940.6
     1     1    17     8    20    12     0     0   -48.0   45.936 -118.887    620.5    941.4
     1     1    17     8    20    11     0     0   -49.0   45.831 -118.881    635.1    938.6
     1     1    17     8    20    10     0     0   -50.0   45.761 -118.888    643.6    937.3
     1     1    17     8    20     9     0     0   -51.0   45.705 -118.925    646.7    937.9
     1     1    17     8    20     8     0     0   -52.0   45.642 -118.955    650.2    937.3
     1     1    17     8    20     7     0     0   -53.0   45.577 -118.953    656.6    937.3
     1     1    17     8    20     6     0     0   -54.0   45.493 -118.899    643.5    938.0
     1     1    17     8    20     5     0     0   -55.0   45.397 -118.873    636.4    939.0
