     1     1
    SITE    10     3     1     0     0
     1 BACKWARD OMEGA   
    17     8    17     1   46.392 -119.412   700.0
     1 PRESSURE
     1     1    17     8    17     1     0     0     0.0   46.392 -119.412    700.0    931.4
     1     1    17     8    17     0     0     0    -1.0   46.334 -119.396    673.9    934.5
     1     1    17     8    16    23     0     0    -2.0   46.351 -119.462    651.3    937.2
     1     1    17     8    16    22     0     0    -3.0   46.438 -119.652    658.6    935.7
     1     1    17     8    16    21     0     0    -4.0   46.570 -119.840    622.7    939.7
     1     1    17     8    16    20     0     0    -5.0   46.771 -120.083    599.0    943.0
     1     1    17     8    16    19     0     0    -6.0   46.977 -120.331    612.9    942.4
     1     1    17     8    16    18     0     0    -7.0   47.169 -120.543    647.4    938.5
     1     1    17     8    16    17     0     0    -8.0   47.202 -120.731    680.6    934.1
     1     1    17     8    16    16     0     0    -9.0   47.066 -120.838    708.5    930.1
