     1     1
    SITE    10     3     1     0     0
     1 BACKWARD OMEGA   
    17     8    27    16   46.392 -119.412   700.0
     1 PRESSURE
     1     1    17     8    27    16     0     0     0.0   46.392 -119.412    700.0    931.4
     1     1    17     8    27    15     0     0    -1.0   46.386 -119.413    703.2    931.1
     1     1    17     8    27    14     0     0    -2.0   46.424 -119.361    711.7    928.5
     1     1    17     8    27    13     0     0    -3.0   46.441 -119.280    715.7    930.5
     1     1    17     8    27    12     0     0    -4.0   46.426 -119.201    725.6    928.6
     1     1    17     8    27    11     0     0    -5.0   46.385 -119.154    722.0    927.4
     1     1    17     8    27    10     0     0    -6.0   46.339 -119.135    712.6    931.4
     1     1    17     8    27     9     0     0    -7.0   46.293 -119.125    720.7    929.6
     1     1    17     8    27     8     0     0    -8.0   46.255 -119.106    733.7    927.4
     1     1    17     8    27     7     0     0    -9.0   46.229 -119.103    736.9    926.0
     1     1    17     8    27     6     0     0   -10.0   46.234 -119.129    733.1    927.8
     1     1    17     8    27     5     0     0   -11.0   46.262 -119.162    727.5    927.7
     1     1    17     8    27     4     0     0   -12.0   46.281 -119.203    724.9    929.4
     1     1    17     8    27     3     0     0   -13.0   46.282 -119.243    726.7    928.0
     1     1    17     8    27     2     0     0   -14.0   46.262 -119.283    715.7    928.4
     1     1    17     8    27     1     0     0   -15.0   46.225 -119.312    704.3    931.5
     1     1    17     8    27     0     0     0   -16.0   46.177 -119.345    710.2    931.7
     1     1    17     8    26    23     0     0   -17.0   46.142 -119.411    715.4    928.2
     1     1    17     8    26    22     0     0   -18.0   46.114 -119.449    725.2    929.9
     1     1    17     8    26    21     0     0   -19.0   46.108 -119.465    730.2    926.1
     1     1    17     8    26    20     0     0   -20.0   46.114 -119.499    727.4    929.7
     1     1    17     8    26    19     0     0   -21.0   46.096 -119.529    729.8    927.1
     1     1    17     8    26    18     0     0   -22.0   46.052 -119.549    730.5    928.4
     1     1    17     8    26    17     0     0   -23.0   46.056 -119.523    732.0    928.0
     1     1    17     8    26    16     0     0   -24.0   46.117 -119.449    727.2    927.8
     1     1    17     8    26    15     0     0   -25.0   46.120 -119.362    717.6    929.9
     1     1    17     8    26    14     0     0   -26.0   46.124 -119.279    723.6    931.9
     1     1    17     8    26    13     0     0   -27.0   46.158 -119.185    728.7    926.5
     1     1    17     8    26    12     0     0   -28.0   46.191 -119.097    715.7    929.5
     1     1    17     8    26    11     0     0   -29.0   46.224 -119.013    709.1    931.8
     1     1    17     8    26    10     0     0   -30.0   46.255 -118.935    711.7    929.6
     1     1    17     8    26     9     0     0   -31.0   46.270 -118.939    709.5    931.0
     1     1    17     8    26     8     0     0   -32.0   46.245 -118.967    715.2    929.6
     1     1    17     8    26     7     0     0   -33.0   46.213 -118.960    714.3    929.6
     1     1    17     8    26     6     0     0   -34.0   46.200 -118.980    714.9    930.0
     1     1    17     8    26     5     0     0   -35.0   46.194 -118.984    719.2    929.0
     1     1    17     8    26     4     0     0   -36.0   46.192 -118.987    725.5    929.2
     1     1    17     8    26     3     0     0   -37.0   46.192 -119.013    730.3    926.8
     1     1    17     8    26     2     0     0   -38.0   46.180 -119.036    727.7    928.4
     1     1    17     8    26     1     0     0   -39.0   46.168 -119.062    725.6    928.3
     1     1    17     8    26     0     0     0   -40.0   46.142 -119.100    722.3    928.9
     1     1    17     8    25    23     0     0   -41.0   46.140 -119.151    725.8    928.6
     1     1    17     8    25    22     0     0   -42.0   46.148 -119.202    732.8    927.6
     1     1    17     8    25    21     0     0   -43.0   46.111 -119.252    725.4    926.4
     1     1    17     8    25    20     0     0   -44.0   46.050 -119.294    713.8    931.7
     1     1    17     8    25    19     0     0   -45.0   45.967 -119.300    702.5    929.4
     1     1    17     8    25    18     0     0   -46.0   45.861 -119.269    654.6    937.2
     1     1    17     8    25    17     0     0   -47.0   45.758 -119.238    637.1    939.5
     1     1    17     8    25    16     0     0   -48.0   45.668 -119.198    632.7    938.9
     1     1    17     8    25    15     0     0   -49.0   45.595 -119.149    626.4    940.7
     1     1    17     8    25    14     0     0   -50.0   45.517 -119.101    625.0    940.0
     1     1    17     8    25    13     0     0   -51.0   45.437 -119.088    600.1    942.7
     1     1    17     8    25    12     0     0   -52.0   45.374 -119.079    590.7    944.5
