     1     1
    SITE    10     3     1     0     0
     1 BACKWARD OMEGA   
    17     8    23    11   46.392 -119.412   700.0
     1 PRESSURE
     1     1    17     8    23    11     0     0     0.0   46.392 -119.412    700.0    931.4
     1     1    17     8    23    10     0     0    -1.0   46.258 -119.416    703.5    931.0
     1     1    17     8    23     9     0     0    -2.0   46.117 -119.461    686.4    933.0
     1     1    17     8    23     8     0     0    -3.0   45.970 -119.495    670.8    935.1
     1     1    17     8    23     7     0     0    -4.0   45.853 -119.474    663.9    935.7
     1     1    17     8    23     6     0     0    -5.0   45.796 -119.426    658.5    936.3
     1     1    17     8    23     5     0     0    -6.0   45.768 -119.391    653.6    937.0
     1     1    17     8    23     4     0     0    -7.0   45.748 -119.399    655.4    937.2
     1     1    17     8    23     3     0     0    -8.0   45.748 -119.460    666.0    934.9
     1     1    17     8    23     2     0     0    -9.0   45.732 -119.543    651.2    934.9
     1     1    17     8    23     1     0     0   -10.0   45.648 -119.575    643.4    939.5
     1     1    17     8    23     0     0     0   -11.0   45.526 -119.587    651.7    936.5
     1     1    17     8    22    23     0     0   -12.0   45.444 -119.638    649.5    937.6
     1     1    17     8    22    22     0     0   -13.0   45.375 -119.669    655.5    936.5
