     1     1
    SITE    10     3     1     0     0
     1 BACKWARD OMEGA   
    17     8    23     1   46.392 -119.412   700.0
     1 PRESSURE
     1     1    17     8    23     1     0     0     0.0   46.392 -119.412    700.0    931.4
     1     1    17     8    23     0     0     0    -1.0   46.267 -119.428    703.4    931.1
     1     1    17     8    22    23     0     0    -2.0   46.181 -119.478    698.8    931.2
     1     1    17     8    22    22     0     0    -3.0   46.111 -119.507    686.1    932.6
     1     1    17     8    22    21     0     0    -4.0   46.022 -119.499    668.9    934.6
     1     1    17     8    22    20     0     0    -5.0   45.924 -119.470    654.6    937.0
     1     1    17     8    22    19     0     0    -6.0   45.838 -119.460    655.5    937.0
     1     1    17     8    22    18     0     0    -7.0   45.766 -119.449    650.9    936.9
     1     1    17     8    22    17     0     0    -8.0   45.682 -119.417    642.4    938.9
     1     1    17     8    22    16     0     0    -9.0   45.578 -119.386    661.3    936.3
     1     1    17     8    22    15     0     0   -10.0   45.462 -119.346    665.1    935.3
     1     1    17     8    22    14     0     0   -11.0   45.360 -119.285    663.6    936.7
