     1     1
    SITE    10     3     1     0     0
     1 BACKWARD OMEGA   
    17     8    17    17   46.392 -119.412   700.0
     1 PRESSURE
     1     1    17     8    17    17     0     0     0.0   46.392 -119.412    700.0    931.4
     1     1    17     8    17    16     0     0    -1.0   46.251 -119.499    665.9    935.5
     1     1    17     8    17    15     0     0    -2.0   46.121 -119.529    668.2    935.5
     1     1    17     8    17    14     0     0    -3.0   46.013 -119.527    683.7    933.0
     1     1    17     8    17    13     0     0    -4.0   45.908 -119.510    684.4    933.9
     1     1    17     8    17    12     0     0    -5.0   45.809 -119.451    690.7    932.9
     1     1    17     8    17    11     0     0    -6.0   45.723 -119.375    701.9    930.3
     1     1    17     8    17    10     0     0    -7.0   45.638 -119.308    718.4    930.0
     1     1    17     8    17     9     0     0    -8.0   45.538 -119.266    745.6    926.1
     1     1    17     8    17     8     0     0    -9.0   45.419 -119.260    743.2    925.2
