     1     1
    SITE    10     3     1     0     0
     1 BACKWARD OMEGA   
    17     8    23    12   46.392 -119.412   700.0
     1 PRESSURE
     1     1    17     8    23    12     0     0     0.0   46.392 -119.412    700.0    931.4
     1     1    17     8    23    11     0     0    -1.0   46.249 -119.369    675.7    934.3
     1     1    17     8    23    10     0     0    -2.0   46.118 -119.377    654.6    936.9
     1     1    17     8    23     9     0     0    -3.0   45.976 -119.424    650.3    938.0
     1     1    17     8    23     8     0     0    -4.0   45.833 -119.460    668.2    934.8
     1     1    17     8    23     7     0     0    -5.0   45.719 -119.446    656.6    936.8
     1     1    17     8    23     6     0     0    -6.0   45.662 -119.400    658.3    936.0
     1     1    17     8    23     5     0     0    -7.0   45.634 -119.365    660.3    936.2
     1     1    17     8    23     4     0     0    -8.0   45.612 -119.374    664.4    935.5
     1     1    17     8    23     3     0     0    -9.0   45.612 -119.435    665.4    935.5
     1     1    17     8    23     2     0     0   -10.0   45.597 -119.515    678.2    935.4
     1     1    17     8    23     1     0     0   -11.0   45.513 -119.546    704.7    930.7
     1     1    17     8    23     0     0     0   -12.0   45.393 -119.556    697.8    931.1
