     1     1
    SITE    10     3     1     0     0
     1 BACKWARD OMEGA   
    17     8    20    22   46.392 -119.412   700.0
     1 PRESSURE
     1     1    17     8    20    22     0     0     0.0   46.392 -119.412    700.0    931.4
     1     1    17     8    20    21     0     0    -1.0   46.413 -119.444    704.7    930.9
     1     1    17     8    20    20     0     0    -2.0   46.380 -119.476    696.1    931.5
     1     1    17     8    20    19     0     0    -3.0   46.332 -119.492    698.7    933.3
     1     1    17     8    20    18     0     0    -4.0   46.291 -119.436    696.1    929.8
     1     1    17     8    20    17     0     0    -5.0   46.257 -119.318    705.8    931.1
     1     1    17     8    20    16     0     0    -6.0   46.196 -119.237    725.9    928.0
     1     1    17     8    20    15     0     0    -7.0   46.109 -119.212    716.8    928.5
     1     1    17     8    20    14     0     0    -8.0   46.026 -119.193    708.5    930.8
     1     1    17     8    20    13     0     0    -9.0   45.964 -119.124    712.8    930.1
     1     1    17     8    20    12     0     0   -10.0   45.883 -119.081    704.0    930.7
     1     1    17     8    20    11     0     0   -11.0   45.780 -119.075    699.0    930.8
     1     1    17     8    20    10     0     0   -12.0   45.713 -119.082    681.2    934.0
     1     1    17     8    20     9     0     0   -13.0   45.659 -119.117    674.2    934.4
     1     1    17     8    20     8     0     0   -14.0   45.598 -119.146    673.1    935.1
     1     1    17     8    20     7     0     0   -15.0   45.533 -119.142    655.1    934.0
     1     1    17     8    20     6     0     0   -16.0   45.448 -119.089    630.9    939.8
     1     1    17     8    20     5     0     0   -17.0   45.356 -119.066    620.7    941.0
