     1     1
    SITE    10     3     1     0     0
     1 BACKWARD OMEGA   
    17     8    22    14   46.392 -119.412   700.0
     1 PRESSURE
     1     1    17     8    22    14     0     0     0.0   46.392 -119.412    700.0    931.4
     1     1    17     8    22    13     0     0    -1.0   46.328 -119.345    690.8    932.5
     1     1    17     8    22    12     0     0    -2.0   46.294 -119.282    683.1    933.2
     1     1    17     8    22    11     0     0    -3.0   46.264 -119.227    672.6    934.7
     1     1    17     8    22    10     0     0    -4.0   46.209 -119.185    660.9    935.0
     1     1    17     8    22     9     0     0    -5.0   46.139 -119.148    649.1    937.7
     1     1    17     8    22     8     0     0    -6.0   46.068 -119.122    650.8    937.8
     1     1    17     8    22     7     0     0    -7.0   46.010 -119.096    663.7    935.2
     1     1    17     8    22     6     0     0    -8.0   45.980 -119.087    664.8    935.4
     1     1    17     8    22     5     0     0    -9.0   45.984 -119.099    671.7    935.5
     1     1    17     8    22     4     0     0   -10.0   46.002 -119.126    676.4    933.3
     1     1    17     8    22     3     0     0   -11.0   46.029 -119.146    669.0    934.5
     1     1    17     8    22     2     0     0   -12.0   46.039 -119.162    660.4    936.7
     1     1    17     8    22     1     0     0   -13.0   46.028 -119.200    660.2    936.2
     1     1    17     8    22     0     0     0   -14.0   46.017 -119.211    661.2    936.7
     1     1    17     8    21    23     0     0   -15.0   45.993 -119.188    661.3    935.5
     1     1    17     8    21    22     0     0   -16.0   45.968 -119.179    661.4    936.5
     1     1    17     8    21    21     0     0   -17.0   45.980 -119.192    660.5    935.5
     1     1    17     8    21    20     0     0   -18.0   46.047 -119.246    664.4    936.3
     1     1    17     8    21    19     0     0   -19.0   46.127 -119.331    667.6    936.4
     1     1    17     8    21    18     0     0   -20.0   46.207 -119.402    690.4    933.1
     1     1    17     8    21    17     0     0   -21.0   46.241 -119.480    726.8    928.1
     1     1    17     8    21    16     0     0   -22.0   46.212 -119.506    733.2    926.7
     1     1    17     8    21    15     0     0   -23.0   46.186 -119.432    724.4    929.3
     1     1    17     8    21    14     0     0   -24.0   46.214 -119.356    727.1    929.4
     1     1    17     8    21    13     0     0   -25.0   46.278 -119.287    730.3    926.8
     1     1    17     8    21    12     0     0   -26.0   46.304 -119.186    729.1    928.8
     1     1    17     8    21    11     0     0   -27.0   46.350 -119.142    729.1    927.7
     1     1    17     8    21    10     0     0   -28.0   46.432 -119.142    710.5    931.1
     1     1    17     8    21     9     0     0   -29.0   46.453 -119.085    705.7    930.4
     1     1    17     8    21     8     0     0   -30.0   46.425 -119.029    697.4    932.7
     1     1    17     8    21     7     0     0   -31.0   46.393 -118.991    698.3    932.0
     1     1    17     8    21     6     0     0   -32.0   46.374 -118.951    700.6    931.2
     1     1    17     8    21     5     0     0   -33.0   46.362 -118.930    700.2    931.2
     1     1    17     8    21     4     0     0   -34.0   46.350 -118.914    695.8    931.6
     1     1    17     8    21     3     0     0   -35.0   46.336 -118.912    690.5    932.9
     1     1    17     8    21     2     0     0   -36.0   46.314 -118.944    685.0    932.8
     1     1    17     8    21     1     0     0   -37.0   46.285 -118.955    677.0    934.3
     1     1    17     8    21     0     0     0   -38.0   46.258 -118.980    666.3    934.6
     1     1    17     8    20    23     0     0   -39.0   46.280 -119.030    642.3    937.5
     1     1    17     8    20    22     0     0   -40.0   46.347 -119.065    626.6    940.6
     1     1    17     8    20    21     0     0   -41.0   46.367 -119.098    630.9    939.7
     1     1    17     8    20    20     0     0   -42.0   46.334 -119.130    632.5    938.9
     1     1    17     8    20    19     0     0   -43.0   46.286 -119.147    639.4    939.9
     1     1    17     8    20    18     0     0   -44.0   46.245 -119.094    647.3    936.2
     1     1    17     8    20    17     0     0   -45.0   46.211 -118.975    627.3    940.9
     1     1    17     8    20    16     0     0   -46.0   46.146 -118.894    632.4    938.6
     1     1    17     8    20    15     0     0   -47.0   46.056 -118.871    632.0    940.1
     1     1    17     8    20    14     0     0   -48.0   45.972 -118.856    637.9    938.7
     1     1    17     8    20    13     0     0   -49.0   45.907 -118.788    630.0    939.7
     1     1    17     8    20    12     0     0   -50.0   45.828 -118.747    617.3    941.3
     1     1    17     8    20    11     0     0   -51.0   45.724 -118.743    637.4    939.1
     1     1    17     8    20    10     0     0   -52.0   45.654 -118.748    658.2    936.3
     1     1    17     8    20     9     0     0   -53.0   45.599 -118.782    676.2    934.0
     1     1    17     8    20     8     0     0   -54.0   45.538 -118.811    683.3    932.4
     1     1    17     8    20     7     0     0   -55.0   45.473 -118.806    685.7    933.3
     1     1    17     8    20     6     0     0   -56.0   45.389 -118.754    700.0    931.5
