     1     1
    SITE    10     3     1     0     0
     1 BACKWARD OMEGA   
    17     8    25    15   46.392 -119.412   700.0
     1 PRESSURE
     1     1    17     8    25    15     0     0     0.0   46.392 -119.412    700.0    931.4
     1     1    17     8    25    14     0     0    -1.0   46.313 -119.358    687.0    932.9
     1     1    17     8    25    13     0     0    -2.0   46.233 -119.345    673.2    934.5
     1     1    17     8    25    12     0     0    -3.0   46.170 -119.336    668.4    935.6
     1     1    17     8    25    11     0     0    -4.0   46.110 -119.318    669.4    934.7
     1     1    17     8    25    10     0     0    -5.0   46.054 -119.299    665.8    935.3
     1     1    17     8    25     9     0     0    -6.0   46.049 -119.249    650.8    936.6
     1     1    17     8    25     8     0     0    -7.0   46.055 -119.199    638.4    939.1
     1     1    17     8    25     7     0     0    -8.0   46.026 -119.168    642.9    939.9
     1     1    17     8    25     6     0     0    -9.0   46.000 -119.135    645.7    936.6
     1     1    17     8    25     5     0     0   -10.0   46.001 -119.091    647.2    938.5
     1     1    17     8    25     4     0     0   -11.0   45.995 -119.057    650.2    936.9
     1     1    17     8    25     3     0     0   -12.0   45.994 -119.056    655.5    937.3
     1     1    17     8    25     2     0     0   -13.0   45.990 -119.081    659.9    935.1
     1     1    17     8    25     1     0     0   -14.0   45.961 -119.104    656.1    936.8
     1     1    17     8    25     0     0     0   -15.0   45.909 -119.105    676.6    936.9
     1     1    17     8    24    23     0     0   -16.0   45.841 -119.092    686.6    933.1
     1     1    17     8    24    22     0     0   -17.0   45.806 -119.155    694.7    932.1
     1     1    17     8    24    21     0     0   -18.0   45.869 -119.315    704.7    930.9
     1     1    17     8    24    20     0     0   -19.0   46.059 -119.539    766.2    924.2
     1     1    17     8    24    19     0     0   -20.0   46.303 -119.789    802.1    920.7
     1     1    17     8    24    18     0     0   -21.0   46.540 -120.053    810.5    919.4
     1     1    17     8    24    17     0     0   -22.0   46.788 -120.324    832.6    916.3
     1     1    17     8    24    16     0     0   -23.0   47.031 -120.580    885.2    910.7
     1     1    17     8    24    15     0     0   -24.0   47.217 -120.775    880.9    912.4
