     1     1
    SITE    10     3     1     0     0
     1 BACKWARD OMEGA   
    17     8    21     8   46.392 -119.412   700.0
     1 PRESSURE
     1     1    17     8    21     8     0     0     0.0   46.392 -119.412    700.0    931.4
     1     1    17     8    21     7     0     0    -1.0   46.361 -119.374    713.2    929.9
     1     1    17     8    21     6     0     0    -2.0   46.343 -119.333    715.7    929.0
     1     1    17     8    21     5     0     0    -3.0   46.331 -119.313    714.1    930.2
     1     1    17     8    21     4     0     0    -4.0   46.318 -119.298    712.3    929.6
     1     1    17     8    21     3     0     0    -5.0   46.305 -119.295    706.2    930.6
     1     1    17     8    21     2     0     0    -6.0   46.281 -119.328    706.9    931.5
     1     1    17     8    21     1     0     0    -7.0   46.253 -119.341    708.4    929.7
     1     1    17     8    21     0     0     0    -8.0   46.226 -119.367    704.3    931.5
     1     1    17     8    20    23     0     0    -9.0   46.249 -119.416    717.5    931.4
     1     1    17     8    20    22     0     0   -10.0   46.315 -119.450    719.5    929.3
     1     1    17     8    20    21     0     0   -11.0   46.337 -119.483    718.3    928.7
     1     1    17     8    20    20     0     0   -12.0   46.303 -119.515    714.0    929.6
     1     1    17     8    20    19     0     0   -13.0   46.255 -119.531    713.3    930.2
     1     1    17     8    20    18     0     0   -14.0   46.212 -119.477    709.5    929.8
     1     1    17     8    20    17     0     0   -15.0   46.177 -119.358    701.9    931.9
     1     1    17     8    20    16     0     0   -16.0   46.116 -119.277    719.1    928.9
     1     1    17     8    20    15     0     0   -17.0   46.029 -119.252    706.1    930.4
     1     1    17     8    20    14     0     0   -18.0   45.946 -119.235    697.8    931.7
     1     1    17     8    20    13     0     0   -19.0   45.882 -119.166    697.3    931.4
     1     1    17     8    20    12     0     0   -20.0   45.802 -119.124    694.8    932.4
     1     1    17     8    20    11     0     0   -21.0   45.698 -119.119    699.4    930.5
     1     1    17     8    20    10     0     0   -22.0   45.630 -119.125    687.8    933.1
     1     1    17     8    20     9     0     0   -23.0   45.577 -119.159    698.3    932.3
     1     1    17     8    20     8     0     0   -24.0   45.516 -119.189    724.3    927.9
     1     1    17     8    20     7     0     0   -25.0   45.450 -119.185    712.9    926.9
     1     1    17     8    20     6     0     0   -26.0   45.365 -119.131    690.3    933.4
