     1     1
    SITE    10     3     1     0     0
     1 BACKWARD OMEGA   
    17     8    27     4   46.392 -119.412   700.0
     1 PRESSURE
     1     1    17     8    27     4     0     0     0.0   46.392 -119.412    700.0    931.4
     1     1    17     8    27     3     0     0    -1.0   46.393 -119.452    709.4    930.3
     1     1    17     8    27     2     0     0    -2.0   46.374 -119.493    722.9    929.5
     1     1    17     8    27     1     0     0    -3.0   46.336 -119.523    732.1    926.5
     1     1    17     8    27     0     0     0    -4.0   46.288 -119.556    734.5    927.5
     1     1    17     8    26    23     0     0    -5.0   46.253 -119.623    734.7    927.3
     1     1    17     8    26    22     0     0    -6.0   46.226 -119.659    733.9    927.4
     1     1    17     8    26    21     0     0    -7.0   46.219 -119.675    732.6    928.2
     1     1    17     8    26    20     0     0    -8.0   46.226 -119.709    738.0    927.1
     1     1    17     8    26    19     0     0    -9.0   46.209 -119.739    741.7    926.1
     1     1    17     8    26    18     0     0   -10.0   46.163 -119.757    739.2    926.6
     1     1    17     8    26    17     0     0   -11.0   46.166 -119.730    718.7    928.1
     1     1    17     8    26    16     0     0   -12.0   46.228 -119.656    700.7    931.1
     1     1    17     8    26    15     0     0   -13.0   46.229 -119.568    705.2    933.6
     1     1    17     8    26    14     0     0   -14.0   46.234 -119.484    701.0    929.6
     1     1    17     8    26    13     0     0   -15.0   46.271 -119.391    695.8    933.1
     1     1    17     8    26    12     0     0   -16.0   46.304 -119.302    714.5    929.9
     1     1    17     8    26    11     0     0   -17.0   46.337 -119.219    730.5    927.2
     1     1    17     8    26    10     0     0   -18.0   46.368 -119.142    736.1    927.2
     1     1    17     8    26     9     0     0   -19.0   46.384 -119.149    733.7    927.2
     1     1    17     8    26     8     0     0   -20.0   46.360 -119.178    743.8    925.7
     1     1    17     8    26     7     0     0   -21.0   46.327 -119.170    753.0    925.3
     1     1    17     8    26     6     0     0   -22.0   46.315 -119.189    750.7    924.4
     1     1    17     8    26     5     0     0   -23.0   46.308 -119.192    747.1    926.6
     1     1    17     8    26     4     0     0   -24.0   46.307 -119.195    740.5    926.2
     1     1    17     8    26     3     0     0   -25.0   46.306 -119.221    733.1    928.3
     1     1    17     8    26     2     0     0   -26.0   46.293 -119.244    733.0    927.5
     1     1    17     8    26     1     0     0   -27.0   46.282 -119.269    733.4    927.7
     1     1    17     8    26     0     0     0   -28.0   46.255 -119.305    741.5    927.4
     1     1    17     8    25    23     0     0   -29.0   46.251 -119.355    746.5    925.3
     1     1    17     8    25    22     0     0   -30.0   46.258 -119.406    748.7    926.3
     1     1    17     8    25    21     0     0   -31.0   46.219 -119.454    762.7    925.5
     1     1    17     8    25    20     0     0   -32.0   46.157 -119.495    770.7    920.9
     1     1    17     8    25    19     0     0   -33.0   46.075 -119.501    781.1    924.9
     1     1    17     8    25    18     0     0   -34.0   45.971 -119.473    795.1    920.4
     1     1    17     8    25    17     0     0   -35.0   45.867 -119.446    802.7    920.0
     1     1    17     8    25    16     0     0   -36.0   45.776 -119.406    791.7    920.8
     1     1    17     8    25    15     0     0   -37.0   45.700 -119.354    786.3    922.0
     1     1    17     8    25    14     0     0   -38.0   45.621 -119.302    782.8    921.1
     1     1    17     8    25    13     0     0   -39.0   45.540 -119.290    759.1    925.8
     1     1    17     8    25    12     0     0   -40.0   45.477 -119.285    769.4    923.6
     1     1    17     8    25    11     0     0   -41.0   45.418 -119.267    773.0    922.8
     1     1    17     8    25    10     0     0   -42.0   45.363 -119.247    756.5    924.9
