     1     1
    SITE    10     3     1     0     0
     1 BACKWARD OMEGA   
    17     8    23    13   46.392 -119.412   700.0
     1 PRESSURE
     1     1    17     8    23    13     0     0     0.0   46.392 -119.412    700.0    931.4
     1     1    17     8    23    12     0     0    -1.0   46.242 -119.346    658.8    936.4
     1     1    17     8    23    11     0     0    -2.0   46.097 -119.308    668.6    935.2
     1     1    17     8    23    10     0     0    -3.0   45.965 -119.310    676.0    933.6
     1     1    17     8    23     9     0     0    -4.0   45.824 -119.353    661.9    935.7
     1     1    17     8    23     8     0     0    -5.0   45.680 -119.387    635.6    939.0
     1     1    17     8    23     7     0     0    -6.0   45.567 -119.373    639.7    938.5
     1     1    17     8    23     6     0     0    -7.0   45.511 -119.326    636.7    939.2
     1     1    17     8    23     5     0     0    -8.0   45.483 -119.289    627.1    939.8
     1     1    17     8    23     4     0     0    -9.0   45.461 -119.295    618.2    942.1
     1     1    17     8    23     3     0     0   -10.0   45.461 -119.356    615.4    940.6
     1     1    17     8    23     2     0     0   -11.0   45.445 -119.437    614.7    942.3
     1     1    17     8    23     1     0     0   -12.0   45.365 -119.470    595.6    941.8
