     1     1
    SITE    10     3     1     0     0
     1 BACKWARD OMEGA   
    17     8    25    16   46.392 -119.412   700.0
     1 PRESSURE
     1     1    17     8    25    16     0     0     0.0   46.392 -119.412    700.0    931.4
     1     1    17     8    25    15     0     0    -1.0   46.316 -119.361    690.0    932.6
     1     1    17     8    25    14     0     0    -2.0   46.236 -119.306    671.5    934.7
     1     1    17     8    25    13     0     0    -3.0   46.156 -119.294    666.7    936.1
     1     1    17     8    25    12     0     0    -4.0   46.094 -119.286    682.2    933.1
     1     1    17     8    25    11     0     0    -5.0   46.036 -119.267    683.7    933.3
     1     1    17     8    25    10     0     0    -6.0   45.981 -119.246    679.5    933.8
     1     1    17     8    25     9     0     0    -7.0   45.976 -119.195    673.5    935.0
     1     1    17     8    25     8     0     0    -8.0   45.982 -119.144    660.4    935.3
     1     1    17     8    25     7     0     0    -9.0   45.953 -119.114    648.4    938.4
     1     1    17     8    25     6     0     0   -10.0   45.927 -119.083    646.0    938.3
     1     1    17     8    25     5     0     0   -11.0   45.928 -119.040    652.9    937.2
     1     1    17     8    25     4     0     0   -12.0   45.923 -119.006    661.3    935.9
     1     1    17     8    25     3     0     0   -13.0   45.921 -119.005    662.8    935.5
     1     1    17     8    25     2     0     0   -14.0   45.917 -119.030    658.7    936.0
     1     1    17     8    25     1     0     0   -15.0   45.887 -119.054    654.5    936.9
     1     1    17     8    25     0     0     0   -16.0   45.835 -119.056    644.7    937.2
     1     1    17     8    24    23     0     0   -17.0   45.766 -119.043    638.8    938.8
     1     1    17     8    24    22     0     0   -18.0   45.732 -119.104    633.7    939.0
     1     1    17     8    24    21     0     0   -19.0   45.795 -119.261    632.4    938.6
     1     1    17     8    24    20     0     0   -20.0   45.985 -119.492    674.3    934.4
     1     1    17     8    24    19     0     0   -21.0   46.230 -119.740    704.9    931.1
     1     1    17     8    24    18     0     0   -22.0   46.470 -120.005    743.4    925.9
     1     1    17     8    24    17     0     0   -23.0   46.718 -120.279    776.6    920.5
     1     1    17     8    24    16     0     0   -24.0   46.961 -120.537    790.6    921.8
     1     1    17     8    24    15     0     0   -25.0   47.149 -120.732    830.9    916.7
     1     1    17     8    24    14     0     0   -26.0   47.281 -120.876    840.5    915.1
