     1     1
    SITE    10     3     1     0     0
     1 BACKWARD OMEGA   
    17     8    16    21   46.392 -119.412   700.0
     1 PRESSURE
     1     1    17     8    16    21     0     0     0.0   46.392 -119.412    700.0    931.4
     1     1    17     8    16    20     0     0    -1.0   46.592 -119.652    746.8    926.3
     1     1    17     8    16    19     0     0    -2.0   46.806 -119.903    767.6    923.6
     1     1    17     8    16    18     0     0    -3.0   46.990 -120.118    816.9    917.8
     1     1    17     8    16    17     0     0    -4.0   47.020 -120.306    806.6    919.4
     1     1    17     8    16    16     0     0    -5.0   46.879 -120.415    767.7    924.3
     1     1    17     8    16    15     0     0    -6.0   46.736 -120.452    779.4    921.7
     1     1    17     8    16    14     0     0    -7.0   46.608 -120.468    800.2    919.4
     1     1    17     8    16    13     0     0    -8.0   46.480 -120.479    795.8    921.4
     1     1    17     8    16    12     0     0    -9.0   46.347 -120.493    800.1    920.8
     1     1    17     8    16    11     0     0   -10.0   46.199 -120.530    829.3    917.3
     1     1    17     8    16    10     0     0   -11.0   46.058 -120.585    821.5    918.1
     1     1    17     8    16     9     0     0   -12.0   45.932 -120.612    834.1    917.0
     1     1    17     8    16     8     0     0   -13.0   45.838 -120.603    846.8    914.1
     1     1    17     8    16     7     0     0   -14.0   45.792 -120.594    834.5    916.3
     1     1    17     8    16     6     0     0   -15.0   45.775 -120.619    844.8    917.3
     1     1    17     8    16     5     0     0   -16.0   45.744 -120.645    855.8    912.7
     1     1    17     8    16     4     0     0   -17.0   45.679 -120.637    840.3    915.2
     1     1    17     8    16     3     0     0   -18.0   45.622 -120.625    827.0    917.6
     1     1    17     8    16     2     0     0   -19.0   45.584 -120.600    825.4    917.0
     1     1    17     8    16     1     0     0   -20.0   45.544 -120.543    823.6    917.9
     1     1    17     8    16     0     0     0   -21.0   45.484 -120.491    829.2    917.5
     1     1    17     8    15    23     0     0   -22.0   45.426 -120.491    832.4    916.5
     1     1    17     8    15    22     0     0   -23.0   45.389 -120.504    832.6    916.9
