     1     1
    SITE    10     3     1     0     0
     1 BACKWARD OMEGA   
    17     8    23     8   46.392 -119.412   700.0
     1 PRESSURE
     1     1    17     8    23     8     0     0     0.0   46.392 -119.412    700.0    931.4
     1     1    17     8    23     7     0     0    -1.0   46.278 -119.400    700.5    931.3
     1     1    17     8    23     6     0     0    -2.0   46.224 -119.354    693.8    932.4
     1     1    17     8    23     5     0     0    -3.0   46.196 -119.318    693.0    932.3
     1     1    17     8    23     4     0     0    -4.0   46.176 -119.323    692.7    932.2
     1     1    17     8    23     3     0     0    -5.0   46.175 -119.383    695.8    932.3
     1     1    17     8    23     2     0     0    -6.0   46.159 -119.464    698.1    930.9
     1     1    17     8    23     1     0     0    -7.0   46.073 -119.496    720.1    932.1
     1     1    17     8    23     0     0     0    -8.0   45.951 -119.511    749.6    925.0
     1     1    17     8    22    23     0     0    -9.0   45.867 -119.564    761.4    924.8
     1     1    17     8    22    22     0     0   -10.0   45.799 -119.596    761.2    924.1
     1     1    17     8    22    21     0     0   -11.0   45.709 -119.591    748.2    925.2
     1     1    17     8    22    20     0     0   -12.0   45.610 -119.564    730.6    928.2
     1     1    17     8    22    19     0     0   -13.0   45.521 -119.555    729.7    928.0
     1     1    17     8    22    18     0     0   -14.0   45.445 -119.542    714.2    930.1
     1     1    17     8    22    17     0     0   -15.0   45.362 -119.509    682.1    932.8
