     1     1
    SITE    10     3     1     0     0
     1 BACKWARD OMEGA   
    17     8    26    11   46.392 -119.412   700.0
     1 PRESSURE
     1     1    17     8    26    11     0     0     0.0   46.392 -119.412    700.0    931.4
     1     1    17     8    26    10     0     0    -1.0   46.423 -119.333    692.8    932.3
     1     1    17     8    26     9     0     0    -2.0   46.436 -119.339    688.2    932.5
     1     1    17     8    26     8     0     0    -3.0   46.412 -119.367    686.5    932.7
     1     1    17     8    26     7     0     0    -4.0   46.380 -119.360    676.3    933.7
     1     1    17     8    26     6     0     0    -5.0   46.367 -119.379    667.8    936.1
     1     1    17     8    26     5     0     0    -6.0   46.361 -119.383    670.5    935.3
     1     1    17     8    26     4     0     0    -7.0   46.359 -119.385    668.5    933.8
     1     1    17     8    26     3     0     0    -8.0   46.358 -119.411    664.6    936.0
     1     1    17     8    26     2     0     0    -9.0   46.346 -119.434    664.0    935.8
     1     1    17     8    26     1     0     0   -10.0   46.335 -119.459    664.7    935.7
     1     1    17     8    26     0     0     0   -11.0   46.309 -119.495    669.8    935.4
     1     1    17     8    25    23     0     0   -12.0   46.306 -119.543    676.3    933.4
     1     1    17     8    25    22     0     0   -13.0   46.314 -119.596    667.7    934.0
     1     1    17     8    25    21     0     0   -14.0   46.278 -119.644    634.0    938.4
     1     1    17     8    25    20     0     0   -15.0   46.216 -119.682    616.4    942.0
     1     1    17     8    25    19     0     0   -16.0   46.131 -119.687    626.7    942.3
     1     1    17     8    25    18     0     0   -17.0   46.025 -119.658    622.2    940.2
     1     1    17     8    25    17     0     0   -18.0   45.919 -119.633    604.7    942.2
     1     1    17     8    25    16     0     0   -19.0   45.829 -119.596    598.6    943.2
     1     1    17     8    25    15     0     0   -20.0   45.754 -119.548    610.1    942.2
     1     1    17     8    25    14     0     0   -21.0   45.676 -119.494    601.7    942.2
     1     1    17     8    25    13     0     0   -22.0   45.595 -119.485    591.9    944.1
     1     1    17     8    25    12     0     0   -23.0   45.531 -119.481    588.0    944.2
     1     1    17     8    25    11     0     0   -24.0   45.471 -119.466    584.6    944.6
     1     1    17     8    25    10     0     0   -25.0   45.416 -119.449    587.2    944.6
     1     1    17     8    25     9     0     0   -26.0   45.409 -119.401    587.8    943.1
     1     1    17     8    25     8     0     0   -27.0   45.415 -119.351    580.4    945.4
     1     1    17     8    25     7     0     0   -28.0   45.384 -119.320    572.5    945.0
