     1     1
    SITE    10     3     1     0     0
     1 BACKWARD OMEGA   
    17     8    16     2   46.392 -119.412   700.0
     1 PRESSURE
     1     1    17     8    16     2     0     0     0.0   46.392 -119.412    700.0    931.4
     1     1    17     8    16     1     0     0    -1.0   46.351 -119.354    700.7    931.3
     1     1    17     8    16     0     0     0    -2.0   46.292 -119.298    711.4    932.1
     1     1    17     8    15    23     0     0    -3.0   46.233 -119.297    732.9    927.5
     1     1    17     8    15    22     0     0    -4.0   46.197 -119.309    744.3    925.6
     1     1    17     8    15    21     0     0    -5.0   46.160 -119.327    740.9    925.5
     1     1    17     8    15    20     0     0    -6.0   46.101 -119.351    741.6    928.4
     1     1    17     8    15    19     0     0    -7.0   46.026 -119.347    734.2    927.2
     1     1    17     8    15    18     0     0    -8.0   45.943 -119.308    730.4    928.3
     1     1    17     8    15    17     0     0    -9.0   45.854 -119.258    693.8    931.6
     1     1    17     8    15    16     0     0   -10.0   45.788 -119.190    663.1    936.0
     1     1    17     8    15    15     0     0   -11.0   45.727 -119.143    650.0    937.2
     1     1    17     8    15    14     0     0   -12.0   45.649 -119.125    638.7    939.1
     1     1    17     8    15    13     0     0   -13.0   45.569 -119.129    632.7    939.2
     1     1    17     8    15    12     0     0   -14.0   45.491 -119.159    623.7    940.6
     1     1    17     8    15    11     0     0   -15.0   45.428 -119.146    631.2    940.3
     1     1    17     8    15    10     0     0   -16.0   45.398 -119.179    654.7    936.8
