     1     1
    SITE    10     3     1     0     0
     1 BACKWARD OMEGA   
    17     8    20     2   46.392 -119.412   700.0
     1 PRESSURE
     1     1    17     8    20     2     0     0     0.0   46.392 -119.412    700.0    931.4
     1     1    17     8    20     1     0     0    -1.0   46.367 -119.370    688.7    932.8
     1     1    17     8    20     0     0     0    -2.0   46.325 -119.326    695.9    932.4
     1     1    17     8    19    23     0     0    -3.0   46.294 -119.328    688.7    930.4
     1     1    17     8    19    22     0     0    -4.0   46.299 -119.410    672.2    935.6
     1     1    17     8    19    21     0     0    -5.0   46.283 -119.442    648.3    936.4
     1     1    17     8    19    20     0     0    -6.0   46.242 -119.477    639.5    940.8
     1     1    17     8    19    19     0     0    -7.0   46.198 -119.513    657.0    937.5
     1     1    17     8    19    18     0     0    -8.0   46.115 -119.472    653.3    933.9
     1     1    17     8    19    17     0     0    -9.0   46.016 -119.407    650.3    936.8
     1     1    17     8    19    16     0     0   -10.0   45.920 -119.358    656.2    936.2
     1     1    17     8    19    15     0     0   -11.0   45.819 -119.313    651.9    937.0
     1     1    17     8    19    14     0     0   -12.0   45.743 -119.221    668.2    935.8
     1     1    17     8    19    13     0     0   -13.0   45.676 -119.124    677.2    933.4
     1     1    17     8    19    12     0     0   -14.0   45.666 -119.123    660.5    936.1
     1     1    17     8    19    11     0     0   -15.0   45.731 -119.196    656.5    936.4
     1     1    17     8    19    10     0     0   -16.0   45.799 -119.264    669.5    936.5
     1     1    17     8    19     9     0     0   -17.0   45.876 -119.332    671.9    934.5
     1     1    17     8    19     8     0     0   -18.0   45.933 -119.429    680.1    934.0
     1     1    17     8    19     7     0     0   -19.0   45.924 -119.503    688.5    932.8
     1     1    17     8    19     6     0     0   -20.0   45.864 -119.528    688.8    933.1
     1     1    17     8    19     5     0     0   -21.0   45.796 -119.554    686.9    932.6
     1     1    17     8    19     4     0     0   -22.0   45.725 -119.573    681.2    933.5
     1     1    17     8    19     3     0     0   -23.0   45.649 -119.571    665.9    935.5
     1     1    17     8    19     2     0     0   -24.0   45.584 -119.593    664.0    935.6
     1     1    17     8    19     1     0     0   -25.0   45.541 -119.606    660.7    936.1
     1     1    17     8    19     0     0     0   -26.0   45.486 -119.627    670.0    936.7
     1     1    17     8    18    23     0     0   -27.0   45.479 -119.786    671.0    934.0
     1     1    17     8    18    22     0     0   -28.0   45.605 -120.007    667.4    935.0
     1     1    17     8    18    21     0     0   -29.0   45.809 -120.197    659.9    936.8
     1     1    17     8    18    20     0     0   -30.0   45.991 -120.418    702.7    930.1
     1     1    17     8    18    19     0     0   -31.0   46.159 -120.636    717.3    927.9
     1     1    17     8    18    18     0     0   -32.0   46.339 -120.836    684.6    933.3
