     1     1
    SITE    10     3     1     0     0
     1 BACKWARD OMEGA   
    17     8    19     6   46.392 -119.412   700.0
     1 PRESSURE
     1     1    17     8    19     6     0     0     0.0   46.392 -119.412    700.0    931.4
     1     1    17     8    19     5     0     0    -1.0   46.323 -119.438    683.3    933.4
     1     1    17     8    19     4     0     0    -2.0   46.253 -119.460    684.0    933.5
     1     1    17     8    19     3     0     0    -3.0   46.176 -119.460    686.3    932.6
     1     1    17     8    19     2     0     0    -4.0   46.109 -119.484    676.7    934.3
     1     1    17     8    19     1     0     0    -5.0   46.065 -119.499    668.7    935.1
     1     1    17     8    19     0     0     0    -6.0   46.012 -119.519    675.8    936.2
     1     1    17     8    18    23     0     0    -7.0   46.003 -119.683    685.8    932.8
     1     1    17     8    18    22     0     0    -8.0   46.125 -119.903    664.4    934.5
     1     1    17     8    18    21     0     0    -9.0   46.327 -120.089    671.9    934.7
     1     1    17     8    18    20     0     0   -10.0   46.513 -120.312    702.2    930.9
     1     1    17     8    18    19     0     0   -11.0   46.685 -120.535    705.0    930.8
     1     1    17     8    18    18     0     0   -12.0   46.868 -120.742    730.6    926.9
