     1     1
    SITE    10     3     1     0     0
     1 BACKWARD OMEGA   
    17     8    18     7   46.392 -119.412   700.0
     1 PRESSURE
     1     1    17     8    18     7     0     0     0.0   46.392 -119.412    700.0    931.4
     1     1    17     8    18     6     0     0    -1.0   46.395 -119.447    702.9    931.1
     1     1    17     8    18     5     0     0    -2.0   46.411 -119.493    699.4    931.0
     1     1    17     8    18     4     0     0    -3.0   46.368 -119.508    708.3    932.2
     1     1    17     8    18     3     0     0    -4.0   46.306 -119.479    717.3    929.5
     1     1    17     8    18     2     0     0    -5.0   46.289 -119.481    719.8    928.5
     1     1    17     8    18     1     0     0    -6.0   46.280 -119.482    712.5    929.5
     1     1    17     8    18     0     0     0    -7.0   46.248 -119.442    701.2    931.2
     1     1    17     8    17    23     0     0    -8.0   46.203 -119.390    684.9    932.8
     1     1    17     8    17    22     0     0    -9.0   46.217 -119.401    682.4    935.3
     1     1    17     8    17    21     0     0   -10.0   46.238 -119.482    672.4    934.8
     1     1    17     8    17    20     0     0   -11.0   46.177 -119.515    673.4    935.2
     1     1    17     8    17    19     0     0   -12.0   46.102 -119.496    679.6    933.6
     1     1    17     8    17    18     0     0   -13.0   46.020 -119.521    677.2    934.5
     1     1    17     8    17    17     0     0   -14.0   45.904 -119.607    678.7    934.6
     1     1    17     8    17    16     0     0   -15.0   45.760 -119.697    676.4    934.7
     1     1    17     8    17    15     0     0   -16.0   45.631 -119.733    689.9    932.4
     1     1    17     8    17    14     0     0   -17.0   45.521 -119.732    696.4    932.1
     1     1    17     8    17    13     0     0   -18.0   45.417 -119.715    697.3    931.0
