     1     1
    SITE    10     3     1     0     0
     1 BACKWARD OMEGA   
    17     8    25    12   46.392 -119.412   700.0
     1 PRESSURE
     1     1    17     8    25    12     0     0     0.0   46.392 -119.412    700.0    931.4
     1     1    17     8    25    11     0     0    -1.0   46.333 -119.393    695.0    932.0
     1     1    17     8    25    10     0     0    -2.0   46.278 -119.373    690.9    932.3
     1     1    17     8    25     9     0     0    -3.0   46.273 -119.322    687.3    933.6
     1     1    17     8    25     8     0     0    -4.0   46.279 -119.270    692.5    932.0
     1     1    17     8    25     7     0     0    -5.0   46.250 -119.239    694.6    932.4
     1     1    17     8    25     6     0     0    -6.0   46.225 -119.209    699.6    931.2
     1     1    17     8    25     5     0     0    -7.0   46.226 -119.165    700.0    931.6
     1     1    17     8    25     4     0     0    -8.0   46.221 -119.129    703.5    931.4
     1     1    17     8    25     3     0     0    -9.0   46.220 -119.129    702.6    930.1
     1     1    17     8    25     2     0     0   -10.0   46.216 -119.154    700.7    931.7
     1     1    17     8    25     1     0     0   -11.0   46.186 -119.176    709.3    930.9
     1     1    17     8    25     0     0     0   -12.0   46.135 -119.176    715.8    928.8
     1     1    17     8    24    23     0     0   -13.0   46.069 -119.162    705.5    929.3
     1     1    17     8    24    22     0     0   -14.0   46.033 -119.226    669.8    933.3
     1     1    17     8    24    21     0     0   -15.0   46.092 -119.386    705.1    931.2
     1     1    17     8    24    20     0     0   -16.0   46.278 -119.608    756.3    923.5
     1     1    17     8    24    19     0     0   -17.0   46.520 -119.862    799.5    919.7
     1     1    17     8    24    18     0     0   -18.0   46.758 -120.128    820.4    916.8
     1     1    17     8    24    17     0     0   -19.0   47.006 -120.405    804.4    920.3
     1     1    17     8    24    16     0     0   -20.0   47.247 -120.663    800.5    920.4
