     1     1
    SITE    10     3     1     0     0
     1 BACKWARD OMEGA   
    17     8    17     4   46.392 -119.412   700.0
     1 PRESSURE
     1     1    17     8    17     4     0     0     0.0   46.392 -119.412    700.0    931.4
     1     1    17     8    17     3     0     0    -1.0   46.349 -119.454    690.3    932.6
     1     1    17     8    17     2     0     0    -2.0   46.318 -119.487    677.7    934.1
     1     1    17     8    17     1     0     0    -3.0   46.270 -119.511    668.2    935.4
     1     1    17     8    17     0     0     0    -4.0   46.211 -119.497    658.0    936.3
     1     1    17     8    16    23     0     0    -5.0   46.230 -119.574    629.1    936.6
     1     1    17     8    16    22     0     0    -6.0   46.325 -119.766    654.2    936.8
     1     1    17     8    16    21     0     0    -7.0   46.454 -119.951    654.7    936.7
     1     1    17     8    16    20     0     0    -8.0   46.652 -120.194    652.7    938.2
     1     1    17     8    16    19     0     0    -9.0   46.862 -120.440    701.3    931.8
     1     1    17     8    16    18     0     0   -10.0   47.052 -120.658    726.4    928.9
     1     1    17     8    16    17     0     0   -11.0   47.085 -120.848    730.0    927.9
