     1     1
    SITE    10     3     1     0     0
     1 BACKWARD OMEGA   
    17     8    24    15   46.392 -119.412   700.0
     1 PRESSURE
     1     1    17     8    24    15     0     0     0.0   46.392 -119.412    700.0    931.4
     1     1    17     8    24    14     0     0    -1.0   46.524 -119.552    741.7    926.5
     1     1    17     8    24    13     0     0    -2.0   46.513 -119.729    747.1    926.3
     1     1    17     8    24    12     0     0    -3.0   46.438 -119.960    751.7    926.2
     1     1    17     8    24    11     0     0    -4.0   46.343 -120.138    762.4    923.9
     1     1    17     8    24    10     0     0    -5.0   46.192 -120.208    743.7    926.7
     1     1    17     8    24     9     0     0    -6.0   46.090 -120.197    758.6    924.8
     1     1    17     8    24     8     0     0    -7.0   46.010 -120.225    794.7    920.9
     1     1    17     8    24     7     0     0    -8.0   45.965 -120.319    810.8    918.5
     1     1    17     8    24     6     0     0    -9.0   45.930 -120.370    804.5    919.5
     1     1    17     8    24     5     0     0   -10.0   45.876 -120.355    797.5    921.1
     1     1    17     8    24     4     0     0   -11.0   45.873 -120.350    791.5    920.2
     1     1    17     8    24     3     0     0   -12.0   45.857 -120.373    779.5    922.3
     1     1    17     8    24     2     0     0   -13.0   45.793 -120.369    782.1    922.3
     1     1    17     8    24     1     0     0   -14.0   45.730 -120.329    772.4    920.5
     1     1    17     8    24     0     0     0   -15.0   45.682 -120.322    757.7    924.7
     1     1    17     8    23    23     0     0   -16.0   45.660 -120.355    758.9    926.4
     1     1    17     8    23    22     0     0   -17.0   45.634 -120.373    762.3    922.8
     1     1    17     8    23    21     0     0   -18.0   45.645 -120.417    762.4    925.5
     1     1    17     8    23    20     0     0   -19.0   45.643 -120.455    793.0    919.3
     1     1    17     8    23    19     0     0   -20.0   45.575 -120.415    786.4    918.4
     1     1    17     8    23    18     0     0   -21.0   45.502 -120.329    773.2    923.5
     1     1    17     8    23    17     0     0   -22.0   45.418 -120.259    785.8    921.8
