     1     1
    SITE    10     3     1     0     0
     1 BACKWARD OMEGA   
    17     8    18     2   46.392 -119.412   700.0
     1 PRESSURE
     1     1    17     8    18     2     0     0     0.0   46.392 -119.412    700.0    931.4
     1     1    17     8    18     1     0     0    -1.0   46.383 -119.413    703.9    931.0
     1     1    17     8    18     0     0     0    -2.0   46.351 -119.373    717.3    929.6
     1     1    17     8    17    23     0     0    -3.0   46.308 -119.322    718.6    928.2
     1     1    17     8    17    22     0     0    -4.0   46.322 -119.333    711.3    930.2
     1     1    17     8    17    21     0     0    -5.0   46.344 -119.415    708.6    930.3
     1     1    17     8    17    20     0     0    -6.0   46.284 -119.446    687.5    932.4
     1     1    17     8    17    19     0     0    -7.0   46.208 -119.426    684.0    933.1
     1     1    17     8    17    18     0     0    -8.0   46.126 -119.453    670.7    934.8
     1     1    17     8    17    17     0     0    -9.0   46.008 -119.540    638.6    938.2
     1     1    17     8    17    16     0     0   -10.0   45.865 -119.631    634.3    938.8
     1     1    17     8    17    15     0     0   -11.0   45.735 -119.661    648.0    937.5
     1     1    17     8    17    14     0     0   -12.0   45.627 -119.654    661.0    936.1
     1     1    17     8    17    13     0     0   -13.0   45.523 -119.636    674.9    933.6
     1     1    17     8    17    12     0     0   -14.0   45.424 -119.577    681.1    934.4
