     1     1
    SITE    10     3     1     0     0
     1 BACKWARD OMEGA   
    17     8    20     9   46.392 -119.412   700.0
     1 PRESSURE
     1     1    17     8    20     9     0     0     0.0   46.392 -119.412    700.0    931.4
     1     1    17     8    20     8     0     0    -1.0   46.329 -119.441    685.9    933.1
     1     1    17     8    20     7     0     0    -2.0   46.261 -119.434    689.5    933.0
     1     1    17     8    20     6     0     0    -3.0   46.177 -119.382    699.5    931.2
     1     1    17     8    20     5     0     0    -4.0   46.085 -119.358    698.6    931.2
     1     1    17     8    20     4     0     0    -5.0   46.003 -119.361    697.7    932.8
     1     1    17     8    20     3     0     0    -6.0   45.931 -119.359    715.2    929.1
     1     1    17     8    20     2     0     0    -7.0   45.889 -119.321    723.9    929.0
     1     1    17     8    20     1     0     0    -8.0   45.864 -119.280    726.1    926.5
     1     1    17     8    20     0     0     0    -9.0   45.824 -119.237    716.4    930.6
     1     1    17     8    19    23     0     0   -10.0   45.794 -119.240    725.9    930.5
     1     1    17     8    19    22     0     0   -11.0   45.800 -119.320    729.1    928.5
     1     1    17     8    19    21     0     0   -12.0   45.786 -119.349    729.7    927.1
     1     1    17     8    19    20     0     0   -13.0   45.744 -119.385    742.0    925.8
     1     1    17     8    19    19     0     0   -14.0   45.701 -119.426    733.9    927.8
     1     1    17     8    19    18     0     0   -15.0   45.616 -119.388    734.8    929.4
     1     1    17     8    19    17     0     0   -16.0   45.516 -119.324    738.9    925.9
     1     1    17     8    19    16     0     0   -17.0   45.420 -119.273    726.3    929.9
