     1     1
    SITE    10     3     1     0     0
     1 BACKWARD OMEGA   
    17     8    27    19   46.392 -119.412   700.0
     1 PRESSURE
     1     1    17     8    27    19     0     0     0.0   46.392 -119.412    700.0    931.4
     1     1    17     8    27    18     0     0    -1.0   46.374 -119.447    688.2    932.8
     1     1    17     8    27    17     0     0    -2.0   46.333 -119.470    684.4    934.1
     1     1    17     8    27    16     0     0    -3.0   46.274 -119.486    684.0    932.6
     1     1    17     8    27    15     0     0    -4.0   46.268 -119.488    685.4    934.0
     1     1    17     8    27    14     0     0    -5.0   46.306 -119.434    694.4    933.0
     1     1    17     8    27    13     0     0    -6.0   46.324 -119.353    706.6    929.6
     1     1    17     8    27    12     0     0    -7.0   46.310 -119.274    699.1    929.9
     1     1    17     8    27    11     0     0    -8.0   46.268 -119.227    686.5    934.7
     1     1    17     8    27    10     0     0    -9.0   46.224 -119.208    691.9    933.5
     1     1    17     8    27     9     0     0   -10.0   46.178 -119.197    697.7    930.6
     1     1    17     8    27     8     0     0   -11.0   46.140 -119.179    693.5    932.2
     1     1    17     8    27     7     0     0   -12.0   46.114 -119.177    683.7    932.7
     1     1    17     8    27     6     0     0   -13.0   46.119 -119.205    676.5    934.6
     1     1    17     8    27     5     0     0   -14.0   46.148 -119.240    673.6    934.7
     1     1    17     8    27     4     0     0   -15.0   46.167 -119.281    667.2    934.6
     1     1    17     8    27     3     0     0   -16.0   46.169 -119.321    660.1    937.0
     1     1    17     8    27     2     0     0   -17.0   46.151 -119.362    652.9    936.2
     1     1    17     8    27     1     0     0   -18.0   46.114 -119.392    628.5    938.8
     1     1    17     8    27     0     0     0   -19.0   46.064 -119.424    613.8    942.8
     1     1    17     8    26    23     0     0   -20.0   46.028 -119.491    612.1    941.6
     1     1    17     8    26    22     0     0   -21.0   46.000 -119.528    615.6    941.4
     1     1    17     8    26    21     0     0   -22.0   45.992 -119.542    622.5    940.7
     1     1    17     8    26    20     0     0   -23.0   45.998 -119.576    619.2    940.4
     1     1    17     8    26    19     0     0   -24.0   45.981 -119.606    619.0    941.7
     1     1    17     8    26    18     0     0   -25.0   45.937 -119.624    626.5    940.3
     1     1    17     8    26    17     0     0   -26.0   45.939 -119.596    621.2    939.3
     1     1    17     8    26    16     0     0   -27.0   46.002 -119.522    622.6    940.3
     1     1    17     8    26    15     0     0   -28.0   46.007 -119.433    615.3    941.3
     1     1    17     8    26    14     0     0   -29.0   46.013 -119.352    615.0    941.3
     1     1    17     8    26    13     0     0   -30.0   46.048 -119.263    637.3    937.3
     1     1    17     8    26    12     0     0   -31.0   46.080 -119.176    652.3    937.4
     1     1    17     8    26    11     0     0   -32.0   46.112 -119.092    663.9    934.8
     1     1    17     8    26    10     0     0   -33.0   46.144 -119.014    657.1    936.3
     1     1    17     8    26     9     0     0   -34.0   46.160 -119.020    660.4    938.2
     1     1    17     8    26     8     0     0   -35.0   46.136 -119.048    665.8    934.1
     1     1    17     8    26     7     0     0   -36.0   46.104 -119.041    660.7    936.6
     1     1    17     8    26     6     0     0   -37.0   46.093 -119.061    663.4    936.2
     1     1    17     8    26     5     0     0   -38.0   46.087 -119.064    670.4    935.3
     1     1    17     8    26     4     0     0   -39.0   46.085 -119.067    670.7    934.7
     1     1    17     8    26     3     0     0   -40.0   46.084 -119.094    668.4    934.8
     1     1    17     8    26     2     0     0   -41.0   46.072 -119.116    666.3    935.7
     1     1    17     8    26     1     0     0   -42.0   46.060 -119.141    670.0    935.3
     1     1    17     8    26     0     0     0   -43.0   46.034 -119.179    673.9    934.1
     1     1    17     8    25    23     0     0   -44.0   46.031 -119.230    672.7    935.0
     1     1    17     8    25    22     0     0   -45.0   46.037 -119.281    689.1    934.2
     1     1    17     8    25    21     0     0   -46.0   45.997 -119.331    702.4    928.8
     1     1    17     8    25    20     0     0   -47.0   45.934 -119.374    704.5    930.9
     1     1    17     8    25    19     0     0   -48.0   45.851 -119.382    699.7    930.6
     1     1    17     8    25    18     0     0   -49.0   45.748 -119.355    700.4    931.7
     1     1    17     8    25    17     0     0   -50.0   45.644 -119.329    698.8    931.0
     1     1    17     8    25    16     0     0   -51.0   45.554 -119.293    688.2    933.0
     1     1    17     8    25    15     0     0   -52.0   45.478 -119.245    705.5    930.9
     1     1    17     8    25    14     0     0   -53.0   45.399 -119.193    709.1    930.2
