     1     1
    SITE    10     3     1     0     0
     1 BACKWARD OMEGA   
    17     8    23     0   46.392 -119.412   700.0
     1 PRESSURE
     1     1    17     8    23     0     0     0     0.0   46.392 -119.412    700.0    931.4
     1     1    17     8    22    23     0     0    -1.0   46.306 -119.464    708.2    930.4
     1     1    17     8    22    22     0     0    -2.0   46.235 -119.494    701.8    931.6
     1     1    17     8    22    21     0     0    -3.0   46.145 -119.489    715.1    929.3
     1     1    17     8    22    20     0     0    -4.0   46.048 -119.465    717.0    930.0
     1     1    17     8    22    19     0     0    -5.0   45.962 -119.458    730.6    928.4
     1     1    17     8    22    18     0     0    -6.0   45.888 -119.448    746.5    925.7
     1     1    17     8    22    17     0     0    -7.0   45.808 -119.418    743.4    925.8
     1     1    17     8    22    16     0     0    -8.0   45.705 -119.386    734.5    927.9
     1     1    17     8    22    15     0     0    -9.0   45.588 -119.346    734.3    926.6
     1     1    17     8    22    14     0     0   -10.0   45.487 -119.283    715.2    929.8
     1     1    17     8    22    13     0     0   -11.0   45.422 -119.219    714.2    929.9
     1     1    17     8    22    12     0     0   -12.0   45.387 -119.158    713.1    929.4
