     1     1
    SITE    10     3     1     0     0
     1 BACKWARD OMEGA   
    17     8    28     4   46.392 -119.412   700.0
     1 PRESSURE
     1     1    17     8    28     4     0     0     0.0   46.392 -119.412    700.0    931.4
     1     1    17     8    28     3     0     0    -1.0   46.352 -119.385    710.1    930.2
     1     1    17     8    28     2     0     0    -2.0   46.309 -119.364    709.9    930.2
     1     1    17     8    28     1     0     0    -3.0   46.260 -119.324    707.9    930.8
     1     1    17     8    28     0     0     0    -4.0   46.214 -119.280    710.5    930.6
     1     1    17     8    27    23     0     0    -5.0   46.178 -119.258    712.8    928.9
     1     1    17     8    27    22     0     0    -6.0   46.150 -119.275    708.9    930.8
     1     1    17     8    27    21     0     0    -7.0   46.140 -119.306    712.0    930.5
     1     1    17     8    27    20     0     0    -8.0   46.143 -119.353    708.5    929.2
     1     1    17     8    27    19     0     0    -9.0   46.141 -119.402    700.9    931.4
     1     1    17     8    27    18     0     0   -10.0   46.123 -119.438    687.5    932.2
     1     1    17     8    27    17     0     0   -11.0   46.084 -119.462    672.0    935.5
     1     1    17     8    27    16     0     0   -12.0   46.026 -119.479    655.8    936.2
     1     1    17     8    27    15     0     0   -13.0   46.021 -119.478    644.0    939.5
     1     1    17     8    27    14     0     0   -14.0   46.060 -119.425    636.3    939.3
     1     1    17     8    27    13     0     0   -15.0   46.080 -119.344    633.4    939.8
     1     1    17     8    27    12     0     0   -16.0   46.065 -119.263    627.7    939.4
     1     1    17     8    27    11     0     0   -17.0   46.022 -119.215    625.5    940.9
     1     1    17     8    27    10     0     0   -18.0   45.977 -119.196    619.4    940.4
     1     1    17     8    27     9     0     0   -19.0   45.933 -119.185    613.5    942.1
     1     1    17     8    27     8     0     0   -20.0   45.895 -119.165    621.2    941.6
     1     1    17     8    27     7     0     0   -21.0   45.869 -119.164    629.3    938.9
     1     1    17     8    27     6     0     0   -22.0   45.874 -119.191    638.7    939.7
     1     1    17     8    27     5     0     0   -23.0   45.903 -119.224    644.7    937.4
     1     1    17     8    27     4     0     0   -24.0   45.921 -119.265    644.5    937.8
     1     1    17     8    27     3     0     0   -25.0   45.923 -119.304    640.9    938.3
     1     1    17     8    27     2     0     0   -26.0   45.904 -119.345    632.6    939.0
     1     1    17     8    27     1     0     0   -27.0   45.866 -119.377    631.2    940.5
     1     1    17     8    27     0     0     0   -28.0   45.818 -119.409    629.5    939.2
     1     1    17     8    26    23     0     0   -29.0   45.784 -119.475    621.8    940.8
     1     1    17     8    26    22     0     0   -30.0   45.757 -119.512    628.9    940.3
     1     1    17     8    26    21     0     0   -31.0   45.752 -119.529    628.9    939.3
     1     1    17     8    26    20     0     0   -32.0   45.759 -119.563    625.8    940.5
     1     1    17     8    26    19     0     0   -33.0   45.741 -119.594    624.9    940.2
     1     1    17     8    26    18     0     0   -34.0   45.697 -119.613    621.5    940.5
     1     1    17     8    26    17     0     0   -35.0   45.699 -119.591    623.4    941.9
     1     1    17     8    26    16     0     0   -36.0   45.759 -119.520    616.8    941.4
     1     1    17     8    26    15     0     0   -37.0   45.760 -119.432    607.5    941.6
     1     1    17     8    26    14     0     0   -38.0   45.762 -119.349    611.1    943.0
     1     1    17     8    26    13     0     0   -39.0   45.796 -119.258    619.8    939.8
     1     1    17     8    26    12     0     0   -40.0   45.829 -119.172    622.0    940.4
     1     1    17     8    26    11     0     0   -41.0   45.861 -119.090    633.5    941.0
     1     1    17     8    26    10     0     0   -42.0   45.890 -119.014    657.6    935.7
     1     1    17     8    26     9     0     0   -43.0   45.904 -119.022    667.6    933.8
     1     1    17     8    26     8     0     0   -44.0   45.879 -119.051    671.1    935.4
     1     1    17     8    26     7     0     0   -45.0   45.847 -119.043    674.9    934.0
     1     1    17     8    26     6     0     0   -46.0   45.834 -119.062    673.8    934.4
     1     1    17     8    26     5     0     0   -47.0   45.827 -119.065    666.8    934.7
     1     1    17     8    26     4     0     0   -48.0   45.824 -119.068    664.1    935.8
     1     1    17     8    26     3     0     0   -49.0   45.824 -119.094    668.2    935.9
     1     1    17     8    26     2     0     0   -50.0   45.812 -119.117    672.8    934.3
     1     1    17     8    26     1     0     0   -51.0   45.800 -119.142    673.1    934.3
     1     1    17     8    26     0     0     0   -52.0   45.775 -119.179    674.4    934.9
     1     1    17     8    25    23     0     0   -53.0   45.772 -119.228    680.9    933.9
     1     1    17     8    25    22     0     0   -54.0   45.781 -119.278    691.3    933.0
     1     1    17     8    25    21     0     0   -55.0   45.744 -119.328    699.2    929.9
     1     1    17     8    25    20     0     0   -56.0   45.683 -119.371    703.7    931.9
     1     1    17     8    25    19     0     0   -57.0   45.600 -119.380    710.3    929.5
     1     1    17     8    25    18     0     0   -58.0   45.497 -119.353    730.2    927.4
     1     1    17     8    25    17     0     0   -59.0   45.393 -119.327    725.0    927.6
