     1     1
    SITE    10     3     1     0     0
     1 BACKWARD OMEGA   
    17     8    21     4   46.392 -119.412   700.0
     1 PRESSURE
     1     1    17     8    21     4     0     0     0.0   46.392 -119.412    700.0    931.4
     1     1    17     8    21     3     0     0    -1.0   46.378 -119.410    695.4    932.0
     1     1    17     8    21     2     0     0    -2.0   46.355 -119.442    698.3    932.6
     1     1    17     8    21     1     0     0    -3.0   46.327 -119.453    707.1    930.3
     1     1    17     8    21     0     0     0    -4.0   46.299 -119.479    708.1    929.7
     1     1    17     8    20    23     0     0    -5.0   46.323 -119.529    720.3    930.2
     1     1    17     8    20    22     0     0    -6.0   46.390 -119.561    724.1    928.2
     1     1    17     8    20    21     0     0    -7.0   46.411 -119.593    715.5    929.6
     1     1    17     8    20    20     0     0    -8.0   46.379 -119.625    712.8    930.9
     1     1    17     8    20    19     0     0    -9.0   46.331 -119.643    718.1    929.4
     1     1    17     8    20    18     0     0   -10.0   46.291 -119.589    719.2    928.4
     1     1    17     8    20    17     0     0   -11.0   46.256 -119.471    697.1    932.4
     1     1    17     8    20    16     0     0   -12.0   46.195 -119.389    714.5    930.4
     1     1    17     8    20    15     0     0   -13.0   46.108 -119.361    725.4    928.6
     1     1    17     8    20    14     0     0   -14.0   46.024 -119.342    732.8    927.9
     1     1    17     8    20    13     0     0   -15.0   45.962 -119.274    748.8    926.1
     1     1    17     8    20    12     0     0   -16.0   45.883 -119.233    747.7    925.6
     1     1    17     8    20    11     0     0   -17.0   45.777 -119.226    747.9    926.0
     1     1    17     8    20    10     0     0   -18.0   45.709 -119.233    745.0    926.2
     1     1    17     8    20     9     0     0   -19.0   45.655 -119.267    736.4    926.9
     1     1    17     8    20     8     0     0   -20.0   45.595 -119.293    723.9    929.0
     1     1    17     8    20     7     0     0   -21.0   45.531 -119.287    724.3    928.9
     1     1    17     8    20     6     0     0   -22.0   45.448 -119.235    712.2    930.5
     1     1    17     8    20     5     0     0   -23.0   45.354 -119.214    717.7    929.4
