     1     1
    SITE    10     3     1     0     0
     1 BACKWARD OMEGA   
    17     8    26     1   46.392 -119.412   700.0
     1 PRESSURE
     1     1    17     8    26     1     0     0     0.0   46.392 -119.412    700.0    931.4
     1     1    17     8    26     0     0     0    -1.0   46.366 -119.449    687.5    932.9
     1     1    17     8    25    23     0     0    -2.0   46.363 -119.499    680.8    934.7
     1     1    17     8    25    22     0     0    -3.0   46.371 -119.551    681.3    933.1
     1     1    17     8    25    21     0     0    -4.0   46.334 -119.600    676.6    934.7
     1     1    17     8    25    20     0     0    -5.0   46.273 -119.639    666.4    935.5
     1     1    17     8    25    19     0     0    -6.0   46.187 -119.648    651.7    936.5
     1     1    17     8    25    18     0     0    -7.0   46.082 -119.621    641.0    937.6
     1     1    17     8    25    17     0     0    -8.0   45.976 -119.593    627.7    940.2
     1     1    17     8    25    16     0     0    -9.0   45.887 -119.555    625.2    940.0
     1     1    17     8    25    15     0     0   -10.0   45.811 -119.509    630.9    940.2
     1     1    17     8    25    14     0     0   -11.0   45.733 -119.455    644.1    938.1
     1     1    17     8    25    13     0     0   -12.0   45.652 -119.444    654.9    937.0
     1     1    17     8    25    12     0     0   -13.0   45.588 -119.439    657.8    936.1
     1     1    17     8    25    11     0     0   -14.0   45.529 -119.420    639.4    938.5
     1     1    17     8    25    10     0     0   -15.0   45.474 -119.404    632.2    939.8
     1     1    17     8    25     9     0     0   -16.0   45.470 -119.356    630.2    939.2
     1     1    17     8    25     8     0     0   -17.0   45.477 -119.302    628.5    940.0
     1     1    17     8    25     7     0     0   -18.0   45.448 -119.271    627.3    940.1
     1     1    17     8    25     6     0     0   -19.0   45.421 -119.240    628.3    940.7
     1     1    17     8    25     5     0     0   -20.0   45.422 -119.197    627.6    939.9
     1     1    17     8    25     4     0     0   -21.0   45.417 -119.163    621.8    940.3
     1     1    17     8    25     3     0     0   -22.0   45.416 -119.163    617.7    941.6
     1     1    17     8    25     2     0     0   -23.0   45.411 -119.189    612.8    941.1
     1     1    17     8    25     1     0     0   -24.0   45.380 -119.211    609.8    942.9
