     1     1
    SITE    10     3     1     0     0
     1 BACKWARD OMEGA   
    17     8    27     5   46.392 -119.412   700.0
     1 PRESSURE
     1     1    17     8    27     5     0     0     0.0   46.392 -119.412    700.0    931.4
     1     1    17     8    27     4     0     0    -1.0   46.410 -119.453    706.6    930.6
     1     1    17     8    27     3     0     0    -2.0   46.411 -119.493    712.8    929.7
     1     1    17     8    27     2     0     0    -3.0   46.392 -119.533    721.0    929.3
     1     1    17     8    27     1     0     0    -4.0   46.354 -119.563    729.2    926.8
     1     1    17     8    27     0     0     0    -5.0   46.306 -119.596    731.2    928.4
     1     1    17     8    26    23     0     0    -6.0   46.272 -119.663    735.3    927.0
     1     1    17     8    26    22     0     0    -7.0   46.244 -119.700    739.4    926.6
     1     1    17     8    26    21     0     0    -8.0   46.238 -119.715    740.9    927.0
     1     1    17     8    26    20     0     0    -9.0   46.244 -119.750    743.9    926.4
     1     1    17     8    26    19     0     0   -10.0   46.227 -119.780    741.7    926.0
     1     1    17     8    26    18     0     0   -11.0   46.182 -119.797    737.7    927.3
     1     1    17     8    26    17     0     0   -12.0   46.184 -119.769    704.0    927.3
     1     1    17     8    26    16     0     0   -13.0   46.245 -119.697    688.0    932.8
     1     1    17     8    26    15     0     0   -14.0   46.248 -119.610    701.2    934.4
     1     1    17     8    26    14     0     0   -15.0   46.253 -119.526    705.2    928.8
     1     1    17     8    26    13     0     0   -16.0   46.290 -119.434    699.8    931.8
     1     1    17     8    26    12     0     0   -17.0   46.323 -119.345    705.9    930.9
     1     1    17     8    26    11     0     0   -18.0   46.355 -119.261    714.8    929.7
     1     1    17     8    26    10     0     0   -19.0   46.387 -119.184    720.3    928.3
     1     1    17     8    26     9     0     0   -20.0   46.402 -119.189    718.3    929.7
     1     1    17     8    26     8     0     0   -21.0   46.377 -119.218    722.4    928.1
     1     1    17     8    26     7     0     0   -22.0   46.345 -119.210    726.7    928.3
     1     1    17     8    26     6     0     0   -23.0   46.332 -119.228    724.0    927.9
     1     1    17     8    26     5     0     0   -24.0   46.326 -119.232    725.2    929.2
     1     1    17     8    26     4     0     0   -25.0   46.324 -119.235    720.1    928.1
     1     1    17     8    26     3     0     0   -26.0   46.324 -119.261    710.6    931.0
     1     1    17     8    26     2     0     0   -27.0   46.311 -119.284    708.4    930.5
     1     1    17     8    26     1     0     0   -28.0   46.299 -119.309    708.1    930.6
     1     1    17     8    26     0     0     0   -29.0   46.273 -119.345    715.8    930.3
     1     1    17     8    25    23     0     0   -30.0   46.268 -119.395    720.8    928.3
     1     1    17     8    25    22     0     0   -31.0   46.276 -119.446    719.2    929.4
     1     1    17     8    25    21     0     0   -32.0   46.237 -119.494    724.8    929.2
     1     1    17     8    25    20     0     0   -33.0   46.175 -119.535    720.3    926.5
     1     1    17     8    25    19     0     0   -34.0   46.093 -119.541    727.4    932.1
     1     1    17     8    25    18     0     0   -35.0   45.989 -119.511    736.1    927.2
     1     1    17     8    25    17     0     0   -36.0   45.885 -119.484    745.0    926.6
     1     1    17     8    25    16     0     0   -37.0   45.795 -119.446    738.8    926.4
     1     1    17     8    25    15     0     0   -38.0   45.718 -119.393    727.8    928.9
     1     1    17     8    25    14     0     0   -39.0   45.639 -119.340    736.3    926.3
     1     1    17     8    25    13     0     0   -40.0   45.558 -119.330    724.0    929.3
     1     1    17     8    25    12     0     0   -41.0   45.495 -119.324    726.2    928.7
     1     1    17     8    25    11     0     0   -42.0   45.435 -119.307    732.3    927.5
     1     1    17     8    25    10     0     0   -43.0   45.380 -119.289    717.6    929.0
