     1     1
    SITE    10     3     1     0     0
     1 BACKWARD OMEGA   
    17     8    28    14   46.392 -119.412   700.0
     1 PRESSURE
     1     1    17     8    28    14     0     0     0.0   46.392 -119.412    700.0    931.4
     1     1    17     8    28    13     0     0    -1.0   46.419 -119.318    721.3    928.9
     1     1    17     8    28    12     0     0    -2.0   46.513 -119.275    711.4    929.6
     1     1    17     8    28    11     0     0    -3.0   46.625 -119.270    679.8    933.9
     1     1    17     8    28    10     0     0    -4.0   46.753 -119.305    671.2    933.6
     1     1    17     8    28     9     0     0    -5.0   46.893 -119.372    696.5    931.3
     1     1    17     8    28     8     0     0    -6.0   46.906 -119.419    662.8    936.4
     1     1    17     8    28     7     0     0    -7.0   46.839 -119.464    662.9    935.6
     1     1    17     8    28     6     0     0    -8.0   46.853 -119.535    665.2    935.2
     1     1    17     8    28     5     0     0    -9.0   46.907 -119.521    663.7    935.8
     1     1    17     8    28     4     0     0   -10.0   46.923 -119.450    645.0    938.0
     1     1    17     8    28     3     0     0   -11.0   46.885 -119.422    623.1    941.1
     1     1    17     8    28     2     0     0   -12.0   46.843 -119.400    611.8    942.5
     1     1    17     8    28     1     0     0   -13.0   46.793 -119.360    606.2    942.1
     1     1    17     8    28     0     0     0   -14.0   46.745 -119.316    598.3    943.1
     1     1    17     8    27    23     0     0   -15.0   46.711 -119.292    596.0    944.0
     1     1    17     8    27    22     0     0   -16.0   46.683 -119.309    600.0    942.9
     1     1    17     8    27    21     0     0   -17.0   46.673 -119.341    603.7    942.6
     1     1    17     8    27    20     0     0   -18.0   46.677 -119.388    610.9    942.1
     1     1    17     8    27    19     0     0   -19.0   46.676 -119.436    614.6    940.7
     1     1    17     8    27    18     0     0   -20.0   46.659 -119.471    617.7    941.8
     1     1    17     8    27    17     0     0   -21.0   46.619 -119.493    619.4    940.1
     1     1    17     8    27    16     0     0   -22.0   46.559 -119.510    619.0    941.5
     1     1    17     8    27    15     0     0   -23.0   46.553 -119.510    620.5    940.1
     1     1    17     8    27    14     0     0   -24.0   46.592 -119.456    619.3    941.1
     1     1    17     8    27    13     0     0   -25.0   46.609 -119.376    619.5    941.0
     1     1    17     8    27    12     0     0   -26.0   46.594 -119.297    606.4    940.8
     1     1    17     8    27    11     0     0   -27.0   46.551 -119.251    591.8    945.6
     1     1    17     8    27    10     0     0   -28.0   46.506 -119.231    588.6    943.8
     1     1    17     8    27     9     0     0   -29.0   46.461 -119.218    579.4    944.7
     1     1    17     8    27     8     0     0   -30.0   46.423 -119.198    574.5    946.5
     1     1    17     8    27     7     0     0   -31.0   46.397 -119.195    573.7    945.3
     1     1    17     8    27     6     0     0   -32.0   46.403 -119.221    570.8    946.3
     1     1    17     8    27     5     0     0   -33.0   46.432 -119.254    569.3    946.0
     1     1    17     8    27     4     0     0   -34.0   46.451 -119.295    570.9    946.6
     1     1    17     8    27     3     0     0   -35.0   46.452 -119.335    575.7    945.2
     1     1    17     8    27     2     0     0   -36.0   46.433 -119.376    576.1    945.2
     1     1    17     8    27     1     0     0   -37.0   46.395 -119.406    581.9    945.4
     1     1    17     8    27     0     0     0   -38.0   46.347 -119.440    595.9    943.2
     1     1    17     8    26    23     0     0   -39.0   46.312 -119.506    597.7    942.1
     1     1    17     8    26    22     0     0   -40.0   46.284 -119.541    593.7    944.1
     1     1    17     8    26    21     0     0   -41.0   46.278 -119.557    593.9    943.5
     1     1    17     8    26    20     0     0   -42.0   46.285 -119.591    602.4    942.3
     1     1    17     8    26    19     0     0   -43.0   46.268 -119.621    605.9    942.0
     1     1    17     8    26    18     0     0   -44.0   46.224 -119.641    597.9    942.2
     1     1    17     8    26    17     0     0   -45.0   46.228 -119.614    584.4    945.1
     1     1    17     8    26    16     0     0   -46.0   46.291 -119.539    577.6    945.5
     1     1    17     8    26    15     0     0   -47.0   46.296 -119.452    574.8    945.3
     1     1    17     8    26    14     0     0   -48.0   46.300 -119.370    573.3    944.5
     1     1    17     8    26    13     0     0   -49.0   46.334 -119.280    577.1    944.9
     1     1    17     8    26    12     0     0   -50.0   46.367 -119.192    582.9    944.9
     1     1    17     8    26    11     0     0   -51.0   46.400 -119.108    595.8    943.9
     1     1    17     8    26    10     0     0   -52.0   46.433 -119.031    610.7    941.8
     1     1    17     8    26     9     0     0   -53.0   46.448 -119.037    617.1    940.4
     1     1    17     8    26     8     0     0   -54.0   46.423 -119.065    613.0    941.6
     1     1    17     8    26     7     0     0   -55.0   46.391 -119.058    611.4    942.0
     1     1    17     8    26     6     0     0   -56.0   46.378 -119.077    607.9    941.6
     1     1    17     8    26     5     0     0   -57.0   46.372 -119.082    606.8    942.8
     1     1    17     8    26     4     0     0   -58.0   46.371 -119.086    607.4    942.1
     1     1    17     8    26     3     0     0   -59.0   46.371 -119.113    604.1    942.1
     1     1    17     8    26     2     0     0   -60.0   46.359 -119.135    607.4    942.8
     1     1    17     8    26     1     0     0   -61.0   46.346 -119.160    614.8    941.0
     1     1    17     8    26     0     0     0   -62.0   46.321 -119.196    615.1    940.9
     1     1    17     8    25    23     0     0   -63.0   46.317 -119.244    613.2    941.8
     1     1    17     8    25    22     0     0   -64.0   46.324 -119.295    617.3    941.4
     1     1    17     8    25    21     0     0   -65.0   46.285 -119.344    639.3    940.3
     1     1    17     8    25    20     0     0   -66.0   46.222 -119.385    661.4    933.6
     1     1    17     8    25    19     0     0   -67.0   46.137 -119.393    667.5    935.8
     1     1    17     8    25    18     0     0   -68.0   46.032 -119.366    687.8    933.3
     1     1    17     8    25    17     0     0   -69.0   45.928 -119.340    710.6    930.0
     1     1    17     8    25    16     0     0   -70.0   45.838 -119.303    709.8    930.4
     1     1    17     8    25    15     0     0   -71.0   45.764 -119.256    714.8    930.1
     1     1    17     8    25    14     0     0   -72.0   45.684 -119.204    728.0    928.7
