     1     1
    SITE    10     3     1     0     0
     1 BACKWARD OMEGA   
    17     8    28    15   46.392 -119.412   700.0
     1 PRESSURE
     1     1    17     8    28    15     0     0     0.0   46.392 -119.412    700.0    931.4
     1     1    17     8    28    14     0     0    -1.0   46.426 -119.375    693.8    932.1
     1     1    17     8    28    13     0     0    -2.0   46.453 -119.281    697.0    931.9
     1     1    17     8    28    12     0     0    -3.0   46.547 -119.238    680.6    933.5
     1     1    17     8    28    11     0     0    -4.0   46.661 -119.235    651.3    935.8
     1     1    17     8    28    10     0     0    -5.0   46.788 -119.271    626.0    939.0
     1     1    17     8    28     9     0     0    -6.0   46.930 -119.340    627.2    939.6
     1     1    17     8    28     8     0     0    -7.0   46.945 -119.385    602.1    942.8
     1     1    17     8    28     7     0     0    -8.0   46.877 -119.430    591.2    943.8
     1     1    17     8    28     6     0     0    -9.0   46.892 -119.503    592.1    943.8
     1     1    17     8    28     5     0     0   -10.0   46.946 -119.491    586.8    943.2
     1     1    17     8    28     4     0     0   -11.0   46.962 -119.419    576.7    946.5
     1     1    17     8    28     3     0     0   -12.0   46.924 -119.390    561.7    947.5
     1     1    17     8    28     2     0     0   -13.0   46.882 -119.368    557.6    948.1
     1     1    17     8    28     1     0     0   -14.0   46.834 -119.325    553.6    947.4
     1     1    17     8    28     0     0     0   -15.0   46.786 -119.279    543.6    949.0
     1     1    17     8    27    23     0     0   -16.0   46.750 -119.255    541.4    949.5
     1     1    17     8    27    22     0     0   -17.0   46.722 -119.271    542.0    949.2
     1     1    17     8    27    21     0     0   -18.0   46.713 -119.301    544.2    949.1
     1     1    17     8    27    20     0     0   -19.0   46.717 -119.349    544.0    948.5
     1     1    17     8    27    19     0     0   -20.0   46.715 -119.398    542.8    949.2
     1     1    17     8    27    18     0     0   -21.0   46.698 -119.434    545.8    949.1
     1     1    17     8    27    17     0     0   -22.0   46.658 -119.455    545.1    948.0
     1     1    17     8    27    16     0     0   -23.0   46.598 -119.472    536.0    950.3
     1     1    17     8    27    15     0     0   -24.0   46.592 -119.473    533.7    950.2
     1     1    17     8    27    14     0     0   -25.0   46.632 -119.420    538.1    949.5
     1     1    17     8    27    13     0     0   -26.0   46.650 -119.342    544.3    949.2
     1     1    17     8    27    12     0     0   -27.0   46.636 -119.263    543.6    948.0
     1     1    17     8    27    11     0     0   -28.0   46.595 -119.215    539.4    950.7
     1     1    17     8    27    10     0     0   -29.0   46.551 -119.195    545.5    949.0
     1     1    17     8    27     9     0     0   -30.0   46.506 -119.182    546.8    947.9
     1     1    17     8    27     8     0     0   -31.0   46.468 -119.163    543.2    949.3
     1     1    17     8    27     7     0     0   -32.0   46.441 -119.161    542.3    949.3
     1     1    17     8    27     6     0     0   -33.0   46.447 -119.187    541.8    948.8
     1     1    17     8    27     5     0     0   -34.0   46.476 -119.222    542.0    949.7
     1     1    17     8    27     4     0     0   -35.0   46.495 -119.263    546.3    948.6
     1     1    17     8    27     3     0     0   -36.0   46.495 -119.303    550.1    948.1
     1     1    17     8    27     2     0     0   -37.0   46.476 -119.343    551.1    947.9
     1     1    17     8    27     1     0     0   -38.0   46.438 -119.372    552.4    948.2
     1     1    17     8    27     0     0     0   -39.0   46.389 -119.405    558.7    947.4
     1     1    17     8    26    23     0     0   -40.0   46.354 -119.472    559.8    946.5
     1     1    17     8    26    22     0     0   -41.0   46.325 -119.507    557.5    947.6
     1     1    17     8    26    21     0     0   -42.0   46.319 -119.522    562.3    947.6
     1     1    17     8    26    20     0     0   -43.0   46.325 -119.556    572.4    945.4
     1     1    17     8    26    19     0     0   -44.0   46.308 -119.586    574.1    945.1
     1     1    17     8    26    18     0     0   -45.0   46.266 -119.606    569.6    946.0
     1     1    17     8    26    17     0     0   -46.0   46.271 -119.580    561.6    947.0
     1     1    17     8    26    16     0     0   -47.0   46.335 -119.507    557.3    948.0
     1     1    17     8    26    15     0     0   -48.0   46.340 -119.420    549.3    946.3
     1     1    17     8    26    14     0     0   -49.0   46.345 -119.338    551.3    949.5
     1     1    17     8    26    13     0     0   -50.0   46.381 -119.247    541.8    946.8
     1     1    17     8    26    12     0     0   -51.0   46.414 -119.157    532.9    950.5
     1     1    17     8    26    11     0     0   -52.0   46.446 -119.072    543.2    949.6
     1     1    17     8    26    10     0     0   -53.0   46.478 -118.994    561.5    947.6
     1     1    17     8    26     9     0     0   -54.0   46.493 -119.000    573.4    944.5
     1     1    17     8    26     8     0     0   -55.0   46.469 -119.029    570.7    945.1
     1     1    17     8    26     7     0     0   -56.0   46.436 -119.022    571.5    946.6
     1     1    17     8    26     6     0     0   -57.0   46.424 -119.041    567.6    945.2
     1     1    17     8    26     5     0     0   -58.0   46.418 -119.044    565.1    947.2
     1     1    17     8    26     4     0     0   -59.0   46.416 -119.048    567.3    946.2
     1     1    17     8    26     3     0     0   -60.0   46.416 -119.075    566.0    946.3
     1     1    17     8    26     2     0     0   -61.0   46.403 -119.097    570.8    946.7
     1     1    17     8    26     1     0     0   -62.0   46.391 -119.122    576.3    944.7
     1     1    17     8    26     0     0     0   -63.0   46.366 -119.160    584.3    945.4
     1     1    17     8    25    23     0     0   -64.0   46.363 -119.209    589.2    943.5
     1     1    17     8    25    22     0     0   -65.0   46.369 -119.260    590.3    944.1
     1     1    17     8    25    21     0     0   -66.0   46.331 -119.310    594.6    943.6
     1     1    17     8    25    20     0     0   -67.0   46.268 -119.353    609.5    940.9
     1     1    17     8    25    19     0     0   -68.0   46.185 -119.360    625.6    941.4
     1     1    17     8    25    18     0     0   -69.0   46.079 -119.333    645.9    938.2
     1     1    17     8    25    17     0     0   -70.0   45.973 -119.308    683.9    933.1
     1     1    17     8    25    16     0     0   -71.0   45.885 -119.273    694.2    932.0
     1     1    17     8    25    15     0     0   -72.0   45.811 -119.225    688.5    932.9
