     1     1
    SITE    10     3     1     0     0
     1 BACKWARD OMEGA   
    17     8    20    17   46.392 -119.412   700.0
     1 PRESSURE
     1     1    17     8    20    17     0     0     0.0   46.392 -119.412    700.0    931.4
     1     1    17     8    20    16     0     0    -1.0   46.328 -119.330    693.5    932.2
     1     1    17     8    20    15     0     0    -2.0   46.240 -119.304    693.7    931.9
     1     1    17     8    20    14     0     0    -3.0   46.158 -119.288    681.1    934.3
     1     1    17     8    20    13     0     0    -4.0   46.098 -119.221    695.7    931.1
     1     1    17     8    20    12     0     0    -5.0   46.017 -119.180    688.4    933.0
     1     1    17     8    20    11     0     0    -6.0   45.913 -119.173    671.8    935.3
     1     1    17     8    20    10     0     0    -7.0   45.843 -119.177    660.8    935.4
     1     1    17     8    20     9     0     0    -8.0   45.786 -119.213    654.6    937.5
     1     1    17     8    20     8     0     0    -9.0   45.724 -119.244    666.5    935.5
     1     1    17     8    20     7     0     0   -10.0   45.660 -119.242    674.5    933.8
     1     1    17     8    20     6     0     0   -11.0   45.579 -119.189    676.6    934.3
     1     1    17     8    20     5     0     0   -12.0   45.488 -119.166    672.1    933.7
     1     1    17     8    20     4     0     0   -13.0   45.405 -119.174    659.1    935.9
