     1     1
    SITE    10     3     1     0     0
     1 BACKWARD OMEGA   
    17     8    28     2   46.392 -119.412   700.0
     1 PRESSURE
     1     1    17     8    28     2     0     0     0.0   46.392 -119.412    700.0    931.4
     1     1    17     8    28     1     0     0    -1.0   46.342 -119.371    681.7    933.6
     1     1    17     8    28     0     0     0    -2.0   46.294 -119.325    675.7    934.8
     1     1    17     8    27    23     0     0    -3.0   46.258 -119.300    667.4    934.5
     1     1    17     8    27    22     0     0    -4.0   46.229 -119.316    654.3    936.8
     1     1    17     8    27    21     0     0    -5.0   46.218 -119.347    649.1    938.4
     1     1    17     8    27    20     0     0    -6.0   46.220 -119.395    644.0    937.2
     1     1    17     8    27    19     0     0    -7.0   46.218 -119.443    637.7    939.3
     1     1    17     8    27    18     0     0    -8.0   46.202 -119.478    635.6    939.2
     1     1    17     8    27    17     0     0    -9.0   46.163 -119.500    637.8    939.8
     1     1    17     8    27    16     0     0   -10.0   46.107 -119.520    633.7    938.3
     1     1    17     8    27    15     0     0   -11.0   46.103 -119.523    621.9    941.0
     1     1    17     8    27    14     0     0   -12.0   46.143 -119.472    617.0    940.9
     1     1    17     8    27    13     0     0   -13.0   46.163 -119.393    611.9    941.2
     1     1    17     8    27    12     0     0   -14.0   46.150 -119.314    611.4    942.4
     1     1    17     8    27    11     0     0   -15.0   46.108 -119.267    610.5    942.4
     1     1    17     8    27    10     0     0   -16.0   46.064 -119.250    605.8    941.3
     1     1    17     8    27     9     0     0   -17.0   46.020 -119.240    597.7    943.9
     1     1    17     8    27     8     0     0   -18.0   45.982 -119.221    601.4    943.4
     1     1    17     8    27     7     0     0   -19.0   45.955 -119.218    607.7    941.9
     1     1    17     8    27     6     0     0   -20.0   45.960 -119.246    605.6    942.3
     1     1    17     8    27     5     0     0   -21.0   45.989 -119.281    606.4    942.3
     1     1    17     8    27     4     0     0   -22.0   46.006 -119.323    610.3    942.1
     1     1    17     8    27     3     0     0   -23.0   46.007 -119.364    609.0    941.3
     1     1    17     8    27     2     0     0   -24.0   45.987 -119.407    609.1    942.8
     1     1    17     8    27     1     0     0   -25.0   45.948 -119.438    622.2    941.4
     1     1    17     8    27     0     0     0   -26.0   45.900 -119.473    633.2    938.1
     1     1    17     8    26    23     0     0   -27.0   45.867 -119.540    651.5    939.9
     1     1    17     8    26    22     0     0   -28.0   45.841 -119.576    662.2    933.4
     1     1    17     8    26    21     0     0   -29.0   45.835 -119.591    664.6    935.7
     1     1    17     8    26    20     0     0   -30.0   45.842 -119.626    669.1    934.5
     1     1    17     8    26    19     0     0   -31.0   45.823 -119.656    671.3    935.2
     1     1    17     8    26    18     0     0   -32.0   45.779 -119.674    680.1    934.2
     1     1    17     8    26    17     0     0   -33.0   45.782 -119.650    696.9    932.6
     1     1    17     8    26    16     0     0   -34.0   45.844 -119.578    697.6    932.2
     1     1    17     8    26    15     0     0   -35.0   45.848 -119.490    702.3    929.9
     1     1    17     8    26    14     0     0   -36.0   45.852 -119.407    707.7    932.7
     1     1    17     8    26    13     0     0   -37.0   45.885 -119.315    709.4    929.5
     1     1    17     8    26    12     0     0   -38.0   45.918 -119.232    712.0    930.0
     1     1    17     8    26    11     0     0   -39.0   45.949 -119.150    707.6    929.3
     1     1    17     8    26    10     0     0   -40.0   45.979 -119.073    711.9    930.1
     1     1    17     8    26     9     0     0   -41.0   45.992 -119.079    700.4    929.1
     1     1    17     8    26     8     0     0   -42.0   45.967 -119.108    690.8    932.4
     1     1    17     8    26     7     0     0   -43.0   45.935 -119.101    682.9    932.8
     1     1    17     8    26     6     0     0   -44.0   45.924 -119.120    672.8    934.9
     1     1    17     8    26     5     0     0   -45.0   45.918 -119.125    664.3    935.3
     1     1    17     8    26     4     0     0   -46.0   45.917 -119.127    657.4    937.0
     1     1    17     8    26     3     0     0   -47.0   45.916 -119.153    653.7    936.4
     1     1    17     8    26     2     0     0   -48.0   45.904 -119.174    655.1    937.3
     1     1    17     8    26     1     0     0   -49.0   45.893 -119.199    657.3    936.1
     1     1    17     8    26     0     0     0   -50.0   45.866 -119.236    648.3    936.5
     1     1    17     8    25    23     0     0   -51.0   45.862 -119.287    634.5    939.5
     1     1    17     8    25    22     0     0   -52.0   45.870 -119.339    625.2    941.0
     1     1    17     8    25    21     0     0   -53.0   45.833 -119.387    604.8    940.5
     1     1    17     8    25    20     0     0   -54.0   45.774 -119.428    570.0    946.1
     1     1    17     8    25    19     0     0   -55.0   45.692 -119.434    549.1    949.9
     1     1    17     8    25    18     0     0   -56.0   45.588 -119.407    561.1    948.1
     1     1    17     8    25    17     0     0   -57.0   45.486 -119.376    567.6    945.5
     1     1    17     8    25    16     0     0   -58.0   45.397 -119.338    563.6    946.8
