     1     1
    SITE    10     3     1     0     0
     1 BACKWARD OMEGA   
    17     8    25    17   46.392 -119.412   700.0
     1 PRESSURE
     1     1    17     8    25    17     0     0     0.0   46.392 -119.412    700.0    931.4
     1     1    17     8    25    16     0     0    -1.0   46.302 -119.375    694.4    932.1
     1     1    17     8    25    15     0     0    -2.0   46.227 -119.325    679.9    934.2
     1     1    17     8    25    14     0     0    -3.0   46.148 -119.270    685.3    933.7
     1     1    17     8    25    13     0     0    -4.0   46.067 -119.255    709.5    930.0
     1     1    17     8    25    12     0     0    -5.0   46.006 -119.246    715.2    929.2
     1     1    17     8    25    11     0     0    -6.0   45.947 -119.227    714.0    930.1
     1     1    17     8    25    10     0     0    -7.0   45.890 -119.205    712.1    929.7
     1     1    17     8    25     9     0     0    -8.0   45.885 -119.155    715.5    931.4
     1     1    17     8    25     8     0     0    -9.0   45.891 -119.103    713.9    928.3
     1     1    17     8    25     7     0     0   -10.0   45.861 -119.071    701.1    930.6
     1     1    17     8    25     6     0     0   -11.0   45.836 -119.039    692.7    933.4
     1     1    17     8    25     5     0     0   -12.0   45.837 -118.995    693.3    931.9
     1     1    17     8    25     4     0     0   -13.0   45.833 -118.961    686.4    932.5
     1     1    17     8    25     3     0     0   -14.0   45.832 -118.961    680.1    934.4
     1     1    17     8    25     2     0     0   -15.0   45.827 -118.987    679.6    934.1
     1     1    17     8    25     1     0     0   -16.0   45.796 -119.011    676.9    933.3
     1     1    17     8    25     0     0     0   -17.0   45.743 -119.011    670.1    935.3
     1     1    17     8    24    23     0     0   -18.0   45.674 -118.999    662.2    935.4
     1     1    17     8    24    22     0     0   -19.0   45.637 -119.060    638.2    938.6
     1     1    17     8    24    21     0     0   -20.0   45.697 -119.218    638.4    939.6
     1     1    17     8    24    20     0     0   -21.0   45.885 -119.447    670.6    935.2
     1     1    17     8    24    19     0     0   -22.0   46.129 -119.692    700.6    930.6
     1     1    17     8    24    18     0     0   -23.0   46.369 -119.961    741.1    926.8
     1     1    17     8    24    17     0     0   -24.0   46.619 -120.235    756.4    927.4
     1     1    17     8    24    16     0     0   -25.0   46.861 -120.490    778.7    922.8
     1     1    17     8    24    15     0     0   -26.0   47.050 -120.688    830.5    916.3
     1     1    17     8    24    14     0     0   -27.0   47.182 -120.830    838.6    916.2
