     1     1
    SITE    10     3     1     0     0
     1 BACKWARD OMEGA   
    17     8    23     5   46.392 -119.412   700.0
     1 PRESSURE
     1     1    17     8    23     5     0     0     0.0   46.392 -119.412    700.0    931.4
     1     1    17     8    23     4     0     0    -1.0   46.371 -119.420    703.4    931.0
     1     1    17     8    23     3     0     0    -2.0   46.370 -119.482    706.5    931.1
     1     1    17     8    23     2     0     0    -3.0   46.353 -119.562    701.5    929.9
     1     1    17     8    23     1     0     0    -4.0   46.267 -119.592    681.1    932.6
     1     1    17     8    23     0     0     0    -5.0   46.143 -119.610    676.4    934.9
     1     1    17     8    22    23     0     0    -6.0   46.058 -119.661    685.9    932.5
     1     1    17     8    22    22     0     0    -7.0   45.989 -119.690    669.3    934.8
     1     1    17     8    22    21     0     0    -8.0   45.898 -119.683    649.5    938.5
     1     1    17     8    22    20     0     0    -9.0   45.803 -119.656    681.2    932.9
     1     1    17     8    22    19     0     0   -10.0   45.717 -119.649    687.0    932.5
     1     1    17     8    22    18     0     0   -11.0   45.642 -119.642    682.9    933.4
     1     1    17     8    22    17     0     0   -12.0   45.561 -119.609    684.2    933.9
     1     1    17     8    22    16     0     0   -13.0   45.461 -119.576    695.8    931.9
     1     1    17     8    22    15     0     0   -14.0   45.345 -119.536    713.2    929.9
