     1     1
    SITE    10     3     1     0     0
     1 BACKWARD OMEGA   
    17     8    20     7   46.392 -119.412   700.0
     1 PRESSURE
     1     1    17     8    20     7     0     0     0.0   46.392 -119.412    700.0    931.4
     1     1    17     8    20     6     0     0    -1.0   46.308 -119.359    699.9    931.4
     1     1    17     8    20     5     0     0    -2.0   46.214 -119.337    700.9    931.4
     1     1    17     8    20     4     0     0    -3.0   46.130 -119.340    709.8    930.1
     1     1    17     8    20     3     0     0    -4.0   46.058 -119.337    719.8    929.1
     1     1    17     8    20     2     0     0    -5.0   46.017 -119.299    726.5    928.4
     1     1    17     8    20     1     0     0    -6.0   45.991 -119.257    731.4    927.2
     1     1    17     8    20     0     0     0    -7.0   45.950 -119.212    733.6    927.7
     1     1    17     8    19    23     0     0    -8.0   45.919 -119.215    731.3    927.4
     1     1    17     8    19    22     0     0    -9.0   45.924 -119.297    742.8    929.0
     1     1    17     8    19    21     0     0   -10.0   45.910 -119.330    762.3    921.8
     1     1    17     8    19    20     0     0   -11.0   45.868 -119.364    744.9    925.5
     1     1    17     8    19    19     0     0   -12.0   45.824 -119.401    739.0    928.8
     1     1    17     8    19    18     0     0   -13.0   45.739 -119.359    711.4    926.8
     1     1    17     8    19    17     0     0   -14.0   45.636 -119.294    705.8    931.6
     1     1    17     8    19    16     0     0   -15.0   45.540 -119.243    719.7    928.0
     1     1    17     8    19    15     0     0   -16.0   45.438 -119.197    701.3    930.8
