     1     1
    SITE    10     3     1     0     0
     1 BACKWARD OMEGA   
    17     8    21    13   46.392 -119.412   700.0
     1 PRESSURE
     1     1    17     8    21    13     0     0     0.0   46.392 -119.412    700.0    931.4
     1     1    17     8    21    12     0     0    -1.0   46.418 -119.310    692.0    932.3
     1     1    17     8    21    11     0     0    -2.0   46.463 -119.264    660.4    935.9
     1     1    17     8    21    10     0     0    -3.0   46.545 -119.265    661.6    936.9
     1     1    17     8    21     9     0     0    -4.0   46.564 -119.208    691.2    932.2
     1     1    17     8    21     8     0     0    -5.0   46.536 -119.154    703.6    930.1
     1     1    17     8    21     7     0     0    -6.0   46.505 -119.117    698.3    930.6
     1     1    17     8    21     6     0     0    -7.0   46.488 -119.077    693.3    933.2
     1     1    17     8    21     5     0     0    -8.0   46.475 -119.058    694.9    931.7
     1     1    17     8    21     4     0     0    -9.0   46.462 -119.043    700.3    931.8
     1     1    17     8    21     3     0     0   -10.0   46.449 -119.040    705.5    930.3
     1     1    17     8    21     2     0     0   -11.0   46.425 -119.073    701.3    930.6
     1     1    17     8    21     1     0     0   -12.0   46.396 -119.085    690.8    932.5
     1     1    17     8    21     0     0     0   -13.0   46.369 -119.113    683.9    933.6
     1     1    17     8    20    23     0     0   -14.0   46.394 -119.163    679.0    934.1
     1     1    17     8    20    22     0     0   -15.0   46.461 -119.196    678.1    934.0
     1     1    17     8    20    21     0     0   -16.0   46.482 -119.229    680.0    934.0
     1     1    17     8    20    20     0     0   -17.0   46.450 -119.262    681.0    933.8
     1     1    17     8    20    19     0     0   -18.0   46.401 -119.280    686.4    933.3
     1     1    17     8    20    18     0     0   -19.0   46.360 -119.225    689.0    932.2
     1     1    17     8    20    17     0     0   -20.0   46.327 -119.109    667.2    935.3
     1     1    17     8    20    16     0     0   -21.0   46.263 -119.026    656.2    937.0
     1     1    17     8    20    15     0     0   -22.0   46.175 -119.000    653.3    937.2
     1     1    17     8    20    14     0     0   -23.0   46.091 -118.982    645.6    937.9
     1     1    17     8    20    13     0     0   -24.0   46.027 -118.911    648.0    937.7
     1     1    17     8    20    12     0     0   -25.0   45.949 -118.865    644.4    938.4
     1     1    17     8    20    11     0     0   -26.0   45.845 -118.858    644.4    937.3
     1     1    17     8    20    10     0     0   -27.0   45.774 -118.864    647.7    937.2
     1     1    17     8    20     9     0     0   -28.0   45.718 -118.901    656.3    936.8
     1     1    17     8    20     8     0     0   -29.0   45.654 -118.933    664.3    935.8
     1     1    17     8    20     7     0     0   -30.0   45.589 -118.930    671.7    934.8
     1     1    17     8    20     6     0     0   -31.0   45.505 -118.877    654.0    937.1
     1     1    17     8    20     5     0     0   -32.0   45.409 -118.852    654.6    936.9
