     1     1
    SITE    10     3     1     0     0
     1 BACKWARD OMEGA   
    17     8    22    21   46.392 -119.412   700.0
     1 PRESSURE
     1     1    17     8    22    21     0     0     0.0   46.392 -119.412    700.0    931.4
     1     1    17     8    22    20     0     0    -1.0   46.292 -119.381    694.3    932.1
     1     1    17     8    22    19     0     0    -2.0   46.203 -119.373    688.2    932.6
     1     1    17     8    22    18     0     0    -3.0   46.128 -119.362    682.4    933.7
     1     1    17     8    22    17     0     0    -4.0   46.046 -119.329    688.3    932.7
     1     1    17     8    22    16     0     0    -5.0   45.945 -119.294    673.4    932.7
     1     1    17     8    22    15     0     0    -6.0   45.831 -119.255    612.4    941.8
     1     1    17     8    22    14     0     0    -7.0   45.729 -119.193    603.2    943.1
     1     1    17     8    22    13     0     0    -8.0   45.665 -119.128    619.6    941.0
     1     1    17     8    22    12     0     0    -9.0   45.631 -119.067    625.2    940.2
     1     1    17     8    22    11     0     0   -10.0   45.599 -119.014    625.4    940.5
     1     1    17     8    22    10     0     0   -11.0   45.542 -118.972    621.1    939.8
     1     1    17     8    22     9     0     0   -12.0   45.469 -118.936    619.7    941.1
     1     1    17     8    22     8     0     0   -13.0   45.397 -118.912    631.6    939.5
