     1     1
    SITE    10     3     1     0     0
     1 BACKWARD OMEGA   
    17     8    21    10   46.392 -119.412   700.0
     1 PRESSURE
     1     1    17     8    21    10     0     0     0.0   46.392 -119.412    700.0    931.4
     1     1    17     8    21     9     0     0    -1.0   46.413 -119.355    703.4    931.0
     1     1    17     8    21     8     0     0    -2.0   46.385 -119.301    711.1    931.3
     1     1    17     8    21     7     0     0    -3.0   46.354 -119.264    716.5    928.0
     1     1    17     8    21     6     0     0    -4.0   46.337 -119.223    713.6    930.3
     1     1    17     8    21     5     0     0    -5.0   46.325 -119.203    715.2    929.8
     1     1    17     8    21     4     0     0    -6.0   46.312 -119.188    714.0    929.2
     1     1    17     8    21     3     0     0    -7.0   46.299 -119.185    711.9    930.3
     1     1    17     8    21     2     0     0    -8.0   46.276 -119.218    714.3    930.2
     1     1    17     8    21     1     0     0    -9.0   46.248 -119.230    708.6    929.2
     1     1    17     8    21     0     0     0   -10.0   46.221 -119.257    698.0    931.9
     1     1    17     8    20    23     0     0   -11.0   46.244 -119.304    718.0    931.5
     1     1    17     8    20    22     0     0   -12.0   46.311 -119.336    713.4    929.4
     1     1    17     8    20    21     0     0   -13.0   46.332 -119.369    697.4    933.0
     1     1    17     8    20    20     0     0   -14.0   46.299 -119.400    686.2    932.4
     1     1    17     8    20    19     0     0   -15.0   46.250 -119.415    677.7    935.1
     1     1    17     8    20    18     0     0   -16.0   46.208 -119.360    665.0    933.9
     1     1    17     8    20    17     0     0   -17.0   46.175 -119.244    680.6    933.2
     1     1    17     8    20    16     0     0   -18.0   46.113 -119.166    681.3    934.4
     1     1    17     8    20    15     0     0   -19.0   46.025 -119.139    693.6    932.1
     1     1    17     8    20    14     0     0   -20.0   45.941 -119.120    691.2    932.1
     1     1    17     8    20    13     0     0   -21.0   45.876 -119.051    695.1    932.7
     1     1    17     8    20    12     0     0   -22.0   45.798 -119.011    710.9    929.6
     1     1    17     8    20    11     0     0   -23.0   45.698 -119.005    691.6    932.7
     1     1    17     8    20    10     0     0   -24.0   45.629 -119.009    686.3    932.8
     1     1    17     8    20     9     0     0   -25.0   45.575 -119.044    682.5    933.5
     1     1    17     8    20     8     0     0   -26.0   45.514 -119.071    683.2    934.1
     1     1    17     8    20     7     0     0   -27.0   45.447 -119.065    671.0    932.4
     1     1    17     8    20     6     0     0   -28.0   45.364 -119.013    648.9    937.5
