     1     1
    SITE    10     3     1     0     0
     1 BACKWARD OMEGA   
    17     8    29    13   46.392 -119.412   700.0
     1 PRESSURE
     1     1    17     8    29    13     0     0     0.0   46.392 -119.412    700.0    931.4
     1     1    17     8    29    12     0     0    -1.0   46.356 -119.483    696.6    931.8
     1     1    17     8    29    11     0     0    -2.0   46.325 -119.521    700.5    930.1
     1     1    17     8    29    10     0     0    -3.0   46.289 -119.489    692.8    933.4
     1     1    17     8    29     9     0     0    -4.0   46.299 -119.439    694.9    931.4
     1     1    17     8    29     8     0     0    -5.0   46.334 -119.408    687.0    931.9
     1     1    17     8    29     7     0     0    -6.0   46.339 -119.382    676.0    934.9
     1     1    17     8    29     6     0     0    -7.0   46.313 -119.360    667.5    935.3
     1     1    17     8    29     5     0     0    -8.0   46.286 -119.362    663.6    936.2
     1     1    17     8    29     4     0     0    -9.0   46.276 -119.393    665.4    935.5
     1     1    17     8    29     3     0     0   -10.0   46.305 -119.426    671.6    935.5
     1     1    17     8    29     2     0     0   -11.0   46.353 -119.459    689.8    932.8
     1     1    17     8    29     1     0     0   -12.0   46.366 -119.532    691.9    930.2
     1     1    17     8    29     0     0     0   -13.0   46.315 -119.588    693.7    931.8
     1     1    17     8    28    23     0     0   -14.0   46.247 -119.615    700.8    932.1
     1     1    17     8    28    22     0     0   -15.0   46.207 -119.658    715.2    929.0
     1     1    17     8    28    21     0     0   -16.0   46.202 -119.694    708.2    930.4
     1     1    17     8    28    20     0     0   -17.0   46.198 -119.768    708.2    931.5
     1     1    17     8    28    19     0     0   -18.0   46.169 -119.841    715.9    929.2
     1     1    17     8    28    18     0     0   -19.0   46.182 -119.895    724.9    930.6
     1     1    17     8    28    17     0     0   -20.0   46.251 -119.966    721.3    928.6
     1     1    17     8    28    16     0     0   -21.0   46.280 -120.056    723.4    927.9
     1     1    17     8    28    15     0     0   -22.0   46.317 -120.134    709.6    930.3
     1     1    17     8    28    14     0     0   -23.0   46.351 -120.097    697.1    931.8
     1     1    17     8    28    13     0     0   -24.0   46.379 -120.004    695.4    933.0
     1     1    17     8    28    12     0     0   -25.0   46.476 -119.961    711.3    929.3
     1     1    17     8    28    11     0     0   -26.0   46.587 -119.954    695.0    930.2
     1     1    17     8    28    10     0     0   -27.0   46.717 -119.978    669.2    934.7
     1     1    17     8    28     9     0     0   -28.0   46.861 -120.042    649.1    937.5
     1     1    17     8    28     8     0     0   -29.0   46.881 -120.087    655.4    937.0
     1     1    17     8    28     7     0     0   -30.0   46.817 -120.128    683.8    932.2
     1     1    17     8    28     6     0     0   -31.0   46.831 -120.197    678.1    933.5
     1     1    17     8    28     5     0     0   -32.0   46.885 -120.182    666.1    936.2
     1     1    17     8    28     4     0     0   -33.0   46.901 -120.109    653.0    937.9
     1     1    17     8    28     3     0     0   -34.0   46.861 -120.082    652.4    937.4
     1     1    17     8    28     2     0     0   -35.0   46.817 -120.059    653.5    936.2
     1     1    17     8    28     1     0     0   -36.0   46.768 -120.015    650.8    937.5
     1     1    17     8    28     0     0     0   -37.0   46.721 -119.968    658.5    937.0
     1     1    17     8    27    23     0     0   -38.0   46.685 -119.944    661.4    934.7
     1     1    17     8    27    22     0     0   -39.0   46.656 -119.962    662.9    936.6
     1     1    17     8    27    21     0     0   -40.0   46.645 -119.992    664.7    935.2
     1     1    17     8    27    20     0     0   -41.0   46.647 -120.041    673.5    935.8
     1     1    17     8    27    19     0     0   -42.0   46.645 -120.091    686.3    931.5
     1     1    17     8    27    18     0     0   -43.0   46.627 -120.127    684.6    933.0
     1     1    17     8    27    17     0     0   -44.0   46.587 -120.153    676.3    933.5
     1     1    17     8    27    16     0     0   -45.0   46.526 -120.170    663.0    936.7
     1     1    17     8    27    15     0     0   -46.0   46.518 -120.172    661.2    936.8
     1     1    17     8    27    14     0     0   -47.0   46.556 -120.120    655.1    937.1
     1     1    17     8    27    13     0     0   -48.0   46.575 -120.040    653.9    937.6
     1     1    17     8    27    12     0     0   -49.0   46.561 -119.962    663.7    936.7
     1     1    17     8    27    11     0     0   -50.0   46.521 -119.914    681.4    933.0
     1     1    17     8    27    10     0     0   -51.0   46.475 -119.896    683.4    932.2
     1     1    17     8    27     9     0     0   -52.0   46.429 -119.886    684.0    934.4
     1     1    17     8    27     8     0     0   -53.0   46.391 -119.868    681.0    932.2
     1     1    17     8    27     7     0     0   -54.0   46.365 -119.865    671.0    935.1
     1     1    17     8    27     6     0     0   -55.0   46.370 -119.892    670.7    935.6
     1     1    17     8    27     5     0     0   -56.0   46.399 -119.925    677.9    933.8
     1     1    17     8    27     4     0     0   -57.0   46.417 -119.966    678.6    933.3
     1     1    17     8    27     3     0     0   -58.0   46.417 -120.006    675.7    934.5
     1     1    17     8    27     2     0     0   -59.0   46.397 -120.048    672.1    934.3
     1     1    17     8    27     1     0     0   -60.0   46.359 -120.078    670.7    935.6
     1     1    17     8    27     0     0     0   -61.0   46.311 -120.114    664.3    934.2
     1     1    17     8    26    23     0     0   -62.0   46.276 -120.182    659.8    937.7
     1     1    17     8    26    22     0     0   -63.0   46.248 -120.217    663.9    935.5
     1     1    17     8    26    21     0     0   -64.0   46.241 -120.234    655.6    935.1
     1     1    17     8    26    20     0     0   -65.0   46.247 -120.270    646.9    938.1
     1     1    17     8    26    19     0     0   -66.0   46.229 -120.302    647.3    938.5
     1     1    17     8    26    18     0     0   -67.0   46.187 -120.320    647.1    936.7
     1     1    17     8    26    17     0     0   -68.0   46.193 -120.291    630.3    938.9
     1     1    17     8    26    16     0     0   -69.0   46.256 -120.216    647.4    937.9
     1     1    17     8    26    15     0     0   -70.0   46.260 -120.128    641.1    934.8
     1     1    17     8    26    14     0     0   -71.0   46.262 -120.044    628.5    941.2
     1     1    17     8    26    13     0     0   -72.0   46.297 -119.952    634.3    939.1
