     1     1
    SITE    10     3     1     0     0
     1 BACKWARD OMEGA   
    17     8    21    14   46.392 -119.412   700.0
     1 PRESSURE
     1     1    17     8    21    14     0     0     0.0   46.392 -119.412    700.0    931.4
     1     1    17     8    21    13     0     0    -1.0   46.455 -119.342    704.0    931.0
     1     1    17     8    21    12     0     0    -2.0   46.480 -119.240    708.2    930.4
     1     1    17     8    21    11     0     0    -3.0   46.527 -119.191    690.9    932.9
     1     1    17     8    21    10     0     0    -4.0   46.610 -119.190    713.0    929.1
     1     1    17     8    21     9     0     0    -5.0   46.630 -119.133    712.9    929.9
     1     1    17     8    21     8     0     0    -6.0   46.602 -119.079    715.7    929.6
     1     1    17     8    21     7     0     0    -7.0   46.570 -119.041    716.4    929.0
     1     1    17     8    21     6     0     0    -8.0   46.551 -119.000    719.0    929.9
     1     1    17     8    21     5     0     0    -9.0   46.539 -118.981    722.9    928.2
     1     1    17     8    21     4     0     0   -10.0   46.526 -118.965    724.2    928.9
     1     1    17     8    21     3     0     0   -11.0   46.513 -118.963    725.1    928.2
     1     1    17     8    21     2     0     0   -12.0   46.489 -118.996    724.4    928.5
     1     1    17     8    21     1     0     0   -13.0   46.460 -119.008    720.9    928.8
     1     1    17     8    21     0     0     0   -14.0   46.433 -119.036    723.3    929.5
     1     1    17     8    20    23     0     0   -15.0   46.457 -119.087    726.4    927.8
     1     1    17     8    20    22     0     0   -16.0   46.523 -119.120    709.3    930.0
     1     1    17     8    20    21     0     0   -17.0   46.545 -119.153    700.1    933.8
     1     1    17     8    20    20     0     0   -18.0   46.513 -119.186    705.8    930.5
     1     1    17     8    20    19     0     0   -19.0   46.466 -119.204    711.1    930.1
     1     1    17     8    20    18     0     0   -20.0   46.426 -119.148    710.1    929.6
     1     1    17     8    20    17     0     0   -21.0   46.394 -119.031    703.9    931.3
     1     1    17     8    20    16     0     0   -22.0   46.331 -118.948    690.0    932.6
     1     1    17     8    20    15     0     0   -23.0   46.243 -118.919    695.0    932.0
     1     1    17     8    20    14     0     0   -24.0   46.160 -118.900    688.7    932.7
     1     1    17     8    20    13     0     0   -25.0   46.097 -118.828    684.2    933.3
     1     1    17     8    20    12     0     0   -26.0   46.020 -118.783    720.5    931.1
     1     1    17     8    20    11     0     0   -27.0   45.918 -118.775    727.4    927.8
     1     1    17     8    20    10     0     0   -28.0   45.848 -118.780    730.2    929.2
     1     1    17     8    20     9     0     0   -29.0   45.792 -118.815    743.9    926.2
     1     1    17     8    20     8     0     0   -30.0   45.728 -118.844    750.7    925.4
     1     1    17     8    20     7     0     0   -31.0   45.663 -118.837    766.0    925.2
     1     1    17     8    20     6     0     0   -32.0   45.579 -118.781    753.2    925.6
     1     1    17     8    20     5     0     0   -33.0   45.483 -118.758    764.0    924.5
     1     1    17     8    20     4     0     0   -34.0   45.401 -118.763    791.3    920.9
