     1     1
    SITE    10     3     1     0     0
     1 BACKWARD OMEGA   
    17     8    28    11   46.392 -119.412   700.0
     1 PRESSURE
     1     1    17     8    28    11     0     0     0.0   46.392 -119.412    700.0    931.4
     1     1    17     8    28    10     0     0    -1.0   46.519 -119.440    679.2    933.9
     1     1    17     8    28     9     0     0    -2.0   46.661 -119.503    669.6    935.1
     1     1    17     8    28     8     0     0    -3.0   46.679 -119.545    655.4    936.7
     1     1    17     8    28     7     0     0    -4.0   46.614 -119.582    653.4    937.2
     1     1    17     8    28     6     0     0    -5.0   46.629 -119.654    651.7    936.8
     1     1    17     8    28     5     0     0    -6.0   46.682 -119.643    654.7    938.5
     1     1    17     8    28     4     0     0    -7.0   46.698 -119.574    659.5    934.6
     1     1    17     8    28     3     0     0    -8.0   46.659 -119.547    668.6    935.1
     1     1    17     8    28     2     0     0    -9.0   46.618 -119.525    683.0    933.7
     1     1    17     8    28     1     0     0   -10.0   46.570 -119.483    687.9    931.2
     1     1    17     8    28     0     0     0   -11.0   46.522 -119.438    684.5    933.8
     1     1    17     8    27    23     0     0   -12.0   46.485 -119.413    681.7    933.2
     1     1    17     8    27    22     0     0   -13.0   46.457 -119.429    675.0    934.3
     1     1    17     8    27    21     0     0   -14.0   46.446 -119.458    671.8    935.2
     1     1    17     8    27    20     0     0   -15.0   46.450 -119.507    673.9    934.6
     1     1    17     8    27    19     0     0   -16.0   46.449 -119.557    675.9    934.0
     1     1    17     8    27    18     0     0   -17.0   46.431 -119.593    672.9    934.6
     1     1    17     8    27    17     0     0   -18.0   46.392 -119.617    668.4    934.9
     1     1    17     8    27    16     0     0   -19.0   46.332 -119.635    655.7    935.8
     1     1    17     8    27    15     0     0   -20.0   46.325 -119.637    649.8    939.4
     1     1    17     8    27    14     0     0   -21.0   46.363 -119.584    650.8    937.9
     1     1    17     8    27    13     0     0   -22.0   46.381 -119.503    653.3    936.8
     1     1    17     8    27    12     0     0   -23.0   46.367 -119.426    647.7    937.3
     1     1    17     8    27    11     0     0   -24.0   46.325 -119.380    643.3    937.2
     1     1    17     8    27    10     0     0   -25.0   46.277 -119.363    633.4    939.6
     1     1    17     8    27     9     0     0   -26.0   46.231 -119.353    627.2    940.3
     1     1    17     8    27     8     0     0   -27.0   46.193 -119.334    630.1    940.6
     1     1    17     8    27     7     0     0   -28.0   46.167 -119.331    640.6    938.3
     1     1    17     8    27     6     0     0   -29.0   46.172 -119.358    645.6    937.8
     1     1    17     8    27     5     0     0   -30.0   46.202 -119.391    653.8    937.5
     1     1    17     8    27     4     0     0   -31.0   46.220 -119.432    659.6    935.4
     1     1    17     8    27     3     0     0   -32.0   46.221 -119.472    662.3    936.3
     1     1    17     8    27     2     0     0   -33.0   46.202 -119.514    664.5    935.2
     1     1    17     8    27     1     0     0   -34.0   46.164 -119.545    662.9    935.8
     1     1    17     8    27     0     0     0   -35.0   46.116 -119.577    662.6    936.2
     1     1    17     8    26    23     0     0   -36.0   46.081 -119.642    663.2    935.9
     1     1    17     8    26    22     0     0   -37.0   46.053 -119.677    663.6    936.0
     1     1    17     8    26    21     0     0   -38.0   46.046 -119.691    659.2    935.2
     1     1    17     8    26    20     0     0   -39.0   46.052 -119.725    652.6    937.5
     1     1    17     8    26    19     0     0   -40.0   46.036 -119.755    655.4    937.1
     1     1    17     8    26    18     0     0   -41.0   45.991 -119.775    659.4    936.1
     1     1    17     8    26    17     0     0   -42.0   45.995 -119.750    669.7    936.0
     1     1    17     8    26    16     0     0   -43.0   46.060 -119.678    681.0    933.9
     1     1    17     8    26    15     0     0   -44.0   46.064 -119.588    692.5    932.2
     1     1    17     8    26    14     0     0   -45.0   46.068 -119.504    700.9    931.9
     1     1    17     8    26    13     0     0   -46.0   46.103 -119.410    714.9    931.0
     1     1    17     8    26    12     0     0   -47.0   46.134 -119.323    716.7    929.1
     1     1    17     8    26    11     0     0   -48.0   46.166 -119.241    709.9    931.1
     1     1    17     8    26    10     0     0   -49.0   46.196 -119.165    711.4    930.0
     1     1    17     8    26     9     0     0   -50.0   46.210 -119.173    717.9    930.1
     1     1    17     8    26     8     0     0   -51.0   46.186 -119.203    719.0    928.1
     1     1    17     8    26     7     0     0   -52.0   46.154 -119.196    711.9    930.4
     1     1    17     8    26     6     0     0   -53.0   46.142 -119.215    707.5    930.5
     1     1    17     8    26     5     0     0   -54.0   46.136 -119.219    708.4    930.7
     1     1    17     8    26     4     0     0   -55.0   46.134 -119.222    713.1    929.1
     1     1    17     8    26     3     0     0   -56.0   46.133 -119.249    713.3    930.2
     1     1    17     8    26     2     0     0   -57.0   46.121 -119.272    716.7    929.5
     1     1    17     8    26     1     0     0   -58.0   46.109 -119.297    717.6    929.0
     1     1    17     8    26     0     0     0   -59.0   46.083 -119.334    710.7    929.6
     1     1    17     8    25    23     0     0   -60.0   46.079 -119.384    704.5    930.9
     1     1    17     8    25    22     0     0   -61.0   46.086 -119.434    712.2    931.6
     1     1    17     8    25    21     0     0   -62.0   46.047 -119.483    724.0    928.3
     1     1    17     8    25    20     0     0   -63.0   45.985 -119.526    730.1    927.4
     1     1    17     8    25    19     0     0   -64.0   45.904 -119.534    729.6    927.7
     1     1    17     8    25    18     0     0   -65.0   45.803 -119.509    725.8    928.3
     1     1    17     8    25    17     0     0   -66.0   45.700 -119.484    710.5    930.1
     1     1    17     8    25    16     0     0   -67.0   45.612 -119.446    713.3    930.5
     1     1    17     8    25    15     0     0   -68.0   45.539 -119.394    734.5    926.9
     1     1    17     8    25    14     0     0   -69.0   45.461 -119.340    751.0    925.8
     1     1    17     8    25    13     0     0   -70.0   45.380 -119.326    754.7    925.1
