     1     1
    SITE    10     3     1     0     0
     1 BACKWARD OMEGA   
    17     8    28     5   46.392 -119.412   700.0
     1 PRESSURE
     1     1    17     8    28     5     0     0     0.0   46.392 -119.412    700.0    931.4
     1     1    17     8    28     4     0     0    -1.0   46.408 -119.341    698.3    931.6
     1     1    17     8    28     3     0     0    -2.0   46.367 -119.315    704.5    929.3
     1     1    17     8    28     2     0     0    -3.0   46.323 -119.295    696.6    931.5
     1     1    17     8    28     1     0     0    -4.0   46.275 -119.253    694.4    933.5
     1     1    17     8    28     0     0     0    -5.0   46.228 -119.208    699.3    931.0
     1     1    17     8    27    23     0     0    -6.0   46.193 -119.184    696.8    931.5
     1     1    17     8    27    22     0     0    -7.0   46.165 -119.200    692.0    932.4
     1     1    17     8    27    21     0     0    -8.0   46.155 -119.231    693.0    932.8
     1     1    17     8    27    20     0     0    -9.0   46.157 -119.278    685.9    931.6
     1     1    17     8    27    19     0     0   -10.0   46.155 -119.326    669.8    936.2
     1     1    17     8    27    18     0     0   -11.0   46.138 -119.362    661.5    935.7
     1     1    17     8    27    17     0     0   -12.0   46.099 -119.387    643.0    937.4
     1     1    17     8    27    16     0     0   -13.0   46.042 -119.404    632.1    940.2
     1     1    17     8    27    15     0     0   -14.0   46.035 -119.402    631.5    940.0
     1     1    17     8    27    14     0     0   -15.0   46.074 -119.348    625.9    940.8
     1     1    17     8    27    13     0     0   -16.0   46.094 -119.267    624.4    940.6
     1     1    17     8    27    12     0     0   -17.0   46.080 -119.187    624.5    940.3
     1     1    17     8    27    11     0     0   -18.0   46.038 -119.138    626.7    940.7
     1     1    17     8    27    10     0     0   -19.0   45.994 -119.120    629.1    939.1
     1     1    17     8    27     9     0     0   -20.0   45.949 -119.110    628.4    940.4
     1     1    17     8    27     8     0     0   -21.0   45.911 -119.091    633.9    939.6
     1     1    17     8    27     7     0     0   -22.0   45.885 -119.089    636.2    938.6
     1     1    17     8    27     6     0     0   -23.0   45.890 -119.116    645.8    938.9
     1     1    17     8    27     5     0     0   -24.0   45.920 -119.150    645.9    936.7
     1     1    17     8    27     4     0     0   -25.0   45.939 -119.191    638.7    938.9
     1     1    17     8    27     3     0     0   -26.0   45.940 -119.230    634.6    939.5
     1     1    17     8    27     2     0     0   -27.0   45.921 -119.271    622.9    939.5
     1     1    17     8    27     1     0     0   -28.0   45.883 -119.303    612.7    942.6
     1     1    17     8    27     0     0     0   -29.0   45.835 -119.336    610.3    941.9
     1     1    17     8    26    23     0     0   -30.0   45.800 -119.402    606.7    942.0
     1     1    17     8    26    22     0     0   -31.0   45.772 -119.438    610.1    941.5
     1     1    17     8    26    21     0     0   -32.0   45.766 -119.454    601.2    943.0
     1     1    17     8    26    20     0     0   -33.0   45.773 -119.488    600.0    943.2
     1     1    17     8    26    19     0     0   -34.0   45.756 -119.518    599.2    942.7
     1     1    17     8    26    18     0     0   -35.0   45.713 -119.539    613.4    943.4
     1     1    17     8    26    17     0     0   -36.0   45.715 -119.518    620.6    938.7
     1     1    17     8    26    16     0     0   -37.0   45.775 -119.445    617.0    941.3
     1     1    17     8    26    15     0     0   -38.0   45.776 -119.357    613.3    940.8
     1     1    17     8    26    14     0     0   -39.0   45.778 -119.272    611.2    942.3
     1     1    17     8    26    13     0     0   -40.0   45.811 -119.178    617.2    941.5
     1     1    17     8    26    12     0     0   -41.0   45.844 -119.092    621.9    940.4
     1     1    17     8    26    11     0     0   -42.0   45.877 -119.011    623.6    941.3
     1     1    17     8    26    10     0     0   -43.0   45.908 -118.935    630.9    939.5
     1     1    17     8    26     9     0     0   -44.0   45.923 -118.944    632.2    938.5
     1     1    17     8    26     8     0     0   -45.0   45.899 -118.974    633.7    940.0
     1     1    17     8    26     7     0     0   -46.0   45.867 -118.966    637.8    939.2
     1     1    17     8    26     6     0     0   -47.0   45.854 -118.984    640.5    938.1
     1     1    17     8    26     5     0     0   -48.0   45.847 -118.987    640.8    938.5
     1     1    17     8    26     4     0     0   -49.0   45.844 -118.990    640.4    938.7
     1     1    17     8    26     3     0     0   -50.0   45.843 -119.017    641.9    939.0
     1     1    17     8    26     2     0     0   -51.0   45.830 -119.040    643.9    937.7
     1     1    17     8    26     1     0     0   -52.0   45.818 -119.066    640.5    938.3
     1     1    17     8    26     0     0     0   -53.0   45.792 -119.102    634.1    939.2
     1     1    17     8    25    23     0     0   -54.0   45.789 -119.151    639.7    939.6
     1     1    17     8    25    22     0     0   -55.0   45.798 -119.204    645.1    938.0
     1     1    17     8    25    21     0     0   -56.0   45.760 -119.254    654.1    936.3
     1     1    17     8    25    20     0     0   -57.0   45.697 -119.297    659.3    936.4
     1     1    17     8    25    19     0     0   -58.0   45.612 -119.305    668.3    935.4
     1     1    17     8    25    18     0     0   -59.0   45.509 -119.279    673.1    933.6
     1     1    17     8    25    17     0     0   -60.0   45.406 -119.254    659.6    934.8
