     1     1
    SITE    10     3     1     0     0
     1 BACKWARD OMEGA   
    17     8    18     4   46.392 -119.412   700.0
     1 PRESSURE
     1     1    17     8    18     4     0     0     0.0   46.392 -119.412    700.0    931.4
     1     1    17     8    18     3     0     0    -1.0   46.330 -119.385    728.0    928.2
     1     1    17     8    18     2     0     0    -2.0   46.314 -119.387    733.8    927.3
     1     1    17     8    18     1     0     0    -3.0   46.305 -119.387    731.3    927.9
     1     1    17     8    18     0     0     0    -4.0   46.272 -119.346    721.2    928.4
     1     1    17     8    17    23     0     0    -5.0   46.229 -119.295    700.3    930.9
     1     1    17     8    17    22     0     0    -6.0   46.245 -119.305    693.0    934.4
     1     1    17     8    17    21     0     0    -7.0   46.266 -119.387    678.5    933.2
     1     1    17     8    17    20     0     0    -8.0   46.205 -119.421    664.1    938.3
     1     1    17     8    17    19     0     0    -9.0   46.128 -119.404    659.8    935.6
     1     1    17     8    17    18     0     0   -10.0   46.046 -119.428    635.4    938.9
     1     1    17     8    17    17     0     0   -11.0   45.932 -119.511    617.9    941.6
     1     1    17     8    17    16     0     0   -12.0   45.788 -119.600    609.7    942.4
     1     1    17     8    17    15     0     0   -13.0   45.660 -119.632    636.4    938.8
     1     1    17     8    17    14     0     0   -14.0   45.552 -119.629    624.2    940.7
     1     1    17     8    17    13     0     0   -15.0   45.448 -119.610    612.3    941.1
