     1     1
    SITE    10     3     1     0     0
     1 BACKWARD OMEGA   
    17     8    20     5   46.392 -119.412   700.0
     1 PRESSURE
     1     1    17     8    20     5     0     0     0.0   46.392 -119.412    700.0    931.4
     1     1    17     8    20     4     0     0    -1.0   46.307 -119.417    711.3    930.1
     1     1    17     8    20     3     0     0    -2.0   46.234 -119.416    727.6    927.9
     1     1    17     8    20     2     0     0    -3.0   46.191 -119.380    732.8    927.6
     1     1    17     8    20     1     0     0    -4.0   46.166 -119.338    739.1    927.2
     1     1    17     8    20     0     0     0    -5.0   46.126 -119.292    730.8    926.3
     1     1    17     8    19    23     0     0    -6.0   46.096 -119.294    718.5    931.3
     1     1    17     8    19    22     0     0    -7.0   46.102 -119.376    730.1    926.2
     1     1    17     8    19    21     0     0    -8.0   46.087 -119.407    750.3    927.5
     1     1    17     8    19    20     0     0    -9.0   46.046 -119.442    753.0    921.3
     1     1    17     8    19    19     0     0   -10.0   46.001 -119.481    750.5    927.2
     1     1    17     8    19    18     0     0   -11.0   45.919 -119.443    736.6    926.3
     1     1    17     8    19    17     0     0   -12.0   45.822 -119.377    721.1    929.0
     1     1    17     8    19    16     0     0   -13.0   45.727 -119.322    713.5    931.1
     1     1    17     8    19    15     0     0   -14.0   45.625 -119.274    724.5    928.8
     1     1    17     8    19    14     0     0   -15.0   45.549 -119.184    746.2    926.5
     1     1    17     8    19    13     0     0   -16.0   45.482 -119.089    768.7    922.8
     1     1    17     8    19    12     0     0   -17.0   45.471 -119.087    763.1    923.8
     1     1    17     8    19    11     0     0   -18.0   45.539 -119.157    750.1    925.3
     1     1    17     8    19    10     0     0   -19.0   45.611 -119.220    732.9    927.3
     1     1    17     8    19     9     0     0   -20.0   45.688 -119.285    730.2    928.9
     1     1    17     8    19     8     0     0   -21.0   45.748 -119.381    743.6    925.2
     1     1    17     8    19     7     0     0   -22.0   45.740 -119.454    731.0    928.2
     1     1    17     8    19     6     0     0   -23.0   45.680 -119.475    741.2    927.5
     1     1    17     8    19     5     0     0   -24.0   45.613 -119.499    766.5    924.7
     1     1    17     8    19     4     0     0   -25.0   45.544 -119.518    772.4    923.1
     1     1    17     8    19     3     0     0   -26.0   45.468 -119.518    770.0    922.9
     1     1    17     8    19     2     0     0   -27.0   45.403 -119.541    751.9    925.5
