     1     1
    SITE    10     3     1     0     0
     1 BACKWARD OMEGA   
    17     8    18     9   46.392 -119.412   700.0
     1 PRESSURE
     1     1    17     8    18     9     0     0     0.0   46.392 -119.412    700.0    931.4
     1     1    17     8    18     8     0     0    -1.0   46.247 -119.454    663.8    935.8
     1     1    17     8    18     7     0     0    -2.0   46.171 -119.489    662.5    935.9
     1     1    17     8    18     6     0     0    -3.0   46.175 -119.525    661.9    935.8
     1     1    17     8    18     5     0     0    -4.0   46.190 -119.571    655.6    936.1
     1     1    17     8    18     4     0     0    -5.0   46.148 -119.587    650.6    937.6
     1     1    17     8    18     3     0     0    -6.0   46.085 -119.560    655.1    936.9
     1     1    17     8    18     2     0     0    -7.0   46.069 -119.563    664.9    935.4
     1     1    17     8    18     1     0     0    -8.0   46.060 -119.564    666.2    935.1
     1     1    17     8    18     0     0     0    -9.0   46.028 -119.524    670.2    935.1
     1     1    17     8    17    23     0     0   -10.0   45.985 -119.472    679.2    934.2
     1     1    17     8    17    22     0     0   -11.0   46.000 -119.485    660.5    933.0
     1     1    17     8    17    21     0     0   -12.0   46.021 -119.565    660.0    935.7
     1     1    17     8    17    20     0     0   -13.0   45.960 -119.598    661.6    936.9
     1     1    17     8    17    19     0     0   -14.0   45.882 -119.578    674.1    934.6
     1     1    17     8    17    18     0     0   -15.0   45.799 -119.603    684.3    932.3
     1     1    17     8    17    17     0     0   -16.0   45.682 -119.689    674.6    935.0
     1     1    17     8    17    16     0     0   -17.0   45.539 -119.778    674.7    935.2
     1     1    17     8    17    15     0     0   -18.0   45.407 -119.808    704.1    930.2
