     1     1
    SITE    10     3     1     0     0
     1 BACKWARD OMEGA   
    17     8    26    18   46.392 -119.412   700.0
     1 PRESSURE
     1     1    17     8    26    18     0     0     0.0   46.392 -119.412    700.0    931.4
     1     1    17     8    26    17     0     0    -1.0   46.395 -119.387    676.7    934.2
     1     1    17     8    26    16     0     0    -2.0   46.458 -119.315    681.4    934.0
     1     1    17     8    26    15     0     0    -3.0   46.463 -119.227    684.9    931.2
     1     1    17     8    26    14     0     0    -4.0   46.466 -119.144    679.2    934.9
     1     1    17     8    26    13     0     0    -5.0   46.501 -119.051    671.2    935.3
     1     1    17     8    26    12     0     0    -6.0   46.531 -118.964    675.1    934.1
     1     1    17     8    26    11     0     0    -7.0   46.563 -118.882    674.4    934.6
     1     1    17     8    26    10     0     0    -8.0   46.595 -118.806    679.7    934.3
     1     1    17     8    26     9     0     0    -9.0   46.608 -118.813    680.3    933.2
     1     1    17     8    26     8     0     0   -10.0   46.584 -118.842    679.1    934.5
     1     1    17     8    26     7     0     0   -11.0   46.551 -118.835    679.4    933.9
     1     1    17     8    26     6     0     0   -12.0   46.538 -118.854    678.7    933.6
     1     1    17     8    26     5     0     0   -13.0   46.532 -118.857    673.0    934.7
     1     1    17     8    26     4     0     0   -14.0   46.530 -118.860    673.9    935.4
     1     1    17     8    26     3     0     0   -15.0   46.530 -118.886    677.3    933.1
     1     1    17     8    26     2     0     0   -16.0   46.518 -118.908    669.9    934.7
     1     1    17     8    26     1     0     0   -17.0   46.507 -118.933    665.3    935.9
     1     1    17     8    26     0     0     0   -18.0   46.481 -118.968    654.2    935.7
     1     1    17     8    25    23     0     0   -19.0   46.476 -119.018    635.4    940.3
     1     1    17     8    25    22     0     0   -20.0   46.483 -119.069    626.6    940.9
     1     1    17     8    25    21     0     0   -21.0   46.445 -119.121    632.9    939.9
     1     1    17     8    25    20     0     0   -22.0   46.381 -119.164    644.5    938.1
     1     1    17     8    25    19     0     0   -23.0   46.297 -119.172    648.1    936.4
     1     1    17     8    25    18     0     0   -24.0   46.194 -119.149    647.0    938.5
     1     1    17     8    25    17     0     0   -25.0   46.091 -119.125    657.1    935.5
     1     1    17     8    25    16     0     0   -26.0   46.003 -119.090    648.8    938.0
     1     1    17     8    25    15     0     0   -27.0   45.929 -119.041    650.6    937.5
     1     1    17     8    25    14     0     0   -28.0   45.850 -118.990    648.3    938.0
     1     1    17     8    25    13     0     0   -29.0   45.768 -118.978    666.1    935.7
     1     1    17     8    25    12     0     0   -30.0   45.707 -118.972    685.7    932.9
     1     1    17     8    25    11     0     0   -31.0   45.646 -118.954    691.3    932.5
     1     1    17     8    25    10     0     0   -32.0   45.590 -118.935    695.6    931.8
     1     1    17     8    25     9     0     0   -33.0   45.585 -118.884    700.4    932.0
     1     1    17     8    25     8     0     0   -34.0   45.593 -118.831    710.8    929.8
     1     1    17     8    25     7     0     0   -35.0   45.564 -118.802    727.5    929.3
     1     1    17     8    25     6     0     0   -36.0   45.539 -118.771    739.5    925.9
     1     1    17     8    25     5     0     0   -37.0   45.540 -118.727    742.4    926.7
     1     1    17     8    25     4     0     0   -38.0   45.534 -118.692    743.8    926.1
     1     1    17     8    25     3     0     0   -39.0   45.533 -118.692    743.9    926.4
     1     1    17     8    25     2     0     0   -40.0   45.528 -118.717    742.9    925.8
     1     1    17     8    25     1     0     0   -41.0   45.498 -118.740    735.0    927.5
     1     1    17     8    25     0     0     0   -42.0   45.446 -118.741    713.7    928.2
     1     1    17     8    24    23     0     0   -43.0   45.378 -118.727    719.5    929.5
