     1     1
    SITE    10     3     1     0     0
     1 BACKWARD OMEGA   
    17     8    27     2   46.392 -119.412   700.0
     1 PRESSURE
     1     1    17     8    27     2     0     0     0.0   46.392 -119.412    700.0    931.4
     1     1    17     8    27     1     0     0    -1.0   46.354 -119.442    715.7    929.6
     1     1    17     8    27     0     0     0    -2.0   46.306 -119.476    730.7    928.2
     1     1    17     8    26    23     0     0    -3.0   46.271 -119.542    737.5    926.1
     1     1    17     8    26    22     0     0    -4.0   46.243 -119.577    731.9    928.1
     1     1    17     8    26    21     0     0    -5.0   46.237 -119.593    724.5    928.1
     1     1    17     8    26    20     0     0    -6.0   46.244 -119.628    728.3    928.5
     1     1    17     8    26    19     0     0    -7.0   46.226 -119.658    734.7    927.1
     1     1    17     8    26    18     0     0    -8.0   46.181 -119.677    726.8    927.0
     1     1    17     8    26    17     0     0    -9.0   46.184 -119.648    707.6    930.6
     1     1    17     8    26    16     0     0   -10.0   46.247 -119.573    700.6    931.6
     1     1    17     8    26    15     0     0   -11.0   46.250 -119.486    711.5    931.2
     1     1    17     8    26    14     0     0   -12.0   46.254 -119.402    700.2    928.9
     1     1    17     8    26    13     0     0   -13.0   46.288 -119.309    705.9    933.5
     1     1    17     8    26    12     0     0   -14.0   46.321 -119.223    732.6    927.2
     1     1    17     8    26    11     0     0   -15.0   46.354 -119.139    747.1    925.9
     1     1    17     8    26    10     0     0   -16.0   46.386 -119.063    752.9    925.8
     1     1    17     8    26     9     0     0   -17.0   46.401 -119.069    750.4    924.5
     1     1    17     8    26     8     0     0   -18.0   46.377 -119.097    752.0    926.9
     1     1    17     8    26     7     0     0   -19.0   46.344 -119.089    757.3    924.6
     1     1    17     8    26     6     0     0   -20.0   46.331 -119.108    756.4    924.4
     1     1    17     8    26     5     0     0   -21.0   46.325 -119.112    753.0    925.7
     1     1    17     8    26     4     0     0   -22.0   46.323 -119.115    747.9    925.8
     1     1    17     8    26     3     0     0   -23.0   46.323 -119.141    744.4    926.7
     1     1    17     8    26     2     0     0   -24.0   46.311 -119.164    745.0    925.9
     1     1    17     8    26     1     0     0   -25.0   46.299 -119.189    749.0    926.4
     1     1    17     8    26     0     0     0   -26.0   46.273 -119.225    751.1    924.6
     1     1    17     8    25    23     0     0   -27.0   46.270 -119.275    748.3    925.8
     1     1    17     8    25    22     0     0   -28.0   46.277 -119.326    753.8    925.8
     1     1    17     8    25    21     0     0   -29.0   46.239 -119.374    776.8    924.4
     1     1    17     8    25    20     0     0   -30.0   46.176 -119.416    790.9    918.6
     1     1    17     8    25    19     0     0   -31.0   46.092 -119.423    792.8    922.0
     1     1    17     8    25    18     0     0   -32.0   45.988 -119.395    822.4    917.2
     1     1    17     8    25    17     0     0   -33.0   45.884 -119.368    830.6    916.7
     1     1    17     8    25    16     0     0   -34.0   45.794 -119.329    820.4    918.0
     1     1    17     8    25    15     0     0   -35.0   45.718 -119.281    819.9    917.9
     1     1    17     8    25    14     0     0   -36.0   45.639 -119.229    823.5    917.6
     1     1    17     8    25    13     0     0   -37.0   45.559 -119.217    823.5    917.9
     1     1    17     8    25    12     0     0   -38.0   45.498 -119.211    833.8    916.7
     1     1    17     8    25    11     0     0   -39.0   45.438 -119.193    815.5    917.7
     1     1    17     8    25    10     0     0   -40.0   45.382 -119.173    792.9    921.5
