     1     1
    SITE    10     3     1     0     0
     1 BACKWARD OMEGA   
    17     8    18    11   46.392 -119.412   700.0
     1 PRESSURE
     1     1    17     8    18    11     0     0     0.0   46.392 -119.412    700.0    931.4
     1     1    17     8    18    10     0     0    -1.0   46.265 -119.378    692.3    932.3
     1     1    17     8    18     9     0     0    -2.0   46.121 -119.396    680.0    933.4
     1     1    17     8    18     8     0     0    -3.0   45.974 -119.439    682.2    933.2
     1     1    17     8    18     7     0     0    -4.0   45.899 -119.472    682.8    933.3
     1     1    17     8    18     6     0     0    -5.0   45.902 -119.507    680.2    934.1
     1     1    17     8    18     5     0     0    -6.0   45.917 -119.554    691.2    932.5
     1     1    17     8    18     4     0     0    -7.0   45.874 -119.571    689.7    932.1
     1     1    17     8    18     3     0     0    -8.0   45.813 -119.542    680.7    933.9
     1     1    17     8    18     2     0     0    -9.0   45.797 -119.543    683.0    934.1
     1     1    17     8    18     1     0     0   -10.0   45.787 -119.544    687.9    933.2
     1     1    17     8    18     0     0     0   -11.0   45.755 -119.506    700.6    931.6
     1     1    17     8    17    23     0     0   -12.0   45.712 -119.457    709.7    930.1
     1     1    17     8    17    22     0     0   -13.0   45.727 -119.468    712.7    929.7
     1     1    17     8    17    21     0     0   -14.0   45.749 -119.546    714.4    929.4
     1     1    17     8    17    20     0     0   -15.0   45.691 -119.576    714.4    930.6
     1     1    17     8    17    19     0     0   -16.0   45.614 -119.554    718.2    928.5
     1     1    17     8    17    18     0     0   -17.0   45.532 -119.579    714.1    930.3
     1     1    17     8    17    17     0     0   -18.0   45.413 -119.664    718.2    929.9
