     1     1
    SITE    10     3     1     0     0
     1 BACKWARD OMEGA   
    17     8    17    23   46.392 -119.412   700.0
     1 PRESSURE
     1     1    17     8    17    23     0     0     0.0   46.392 -119.412    700.0    931.4
     1     1    17     8    17    22     0     0    -1.0   46.405 -119.424    701.0    931.3
     1     1    17     8    17    21     0     0    -2.0   46.426 -119.505    702.6    931.0
     1     1    17     8    17    20     0     0    -3.0   46.364 -119.537    706.1    930.1
     1     1    17     8    17    19     0     0    -4.0   46.287 -119.515    686.1    933.1
     1     1    17     8    17    18     0     0    -5.0   46.202 -119.541    671.7    934.7
     1     1    17     8    17    17     0     0    -6.0   46.086 -119.626    656.7    937.2
     1     1    17     8    17    16     0     0    -7.0   45.943 -119.713    638.3    939.1
     1     1    17     8    17    15     0     0    -8.0   45.811 -119.739    645.1    938.1
     1     1    17     8    17    14     0     0    -9.0   45.704 -119.734    649.1    937.4
     1     1    17     8    17    13     0     0   -10.0   45.598 -119.717    656.3    936.3
     1     1    17     8    17    12     0     0   -11.0   45.497 -119.657    667.3    936.7
     1     1    17     8    17    11     0     0   -12.0   45.409 -119.580    689.5    933.0
