     1     1
    SITE    10     3     1     0     0
     1 BACKWARD OMEGA   
    17     8    18    16   46.392 -119.412   700.0
     1 PRESSURE
     1     1    17     8    18    16     0     0     0.0   46.392 -119.412    700.0    931.4
     1     1    17     8    18    15     0     0    -1.0   46.403 -119.585    697.4    931.8
     1     1    17     8    18    14     0     0    -2.0   46.255 -119.620    683.0    933.5
     1     1    17     8    18    13     0     0    -3.0   46.117 -119.650    670.7    934.8
     1     1    17     8    18    12     0     0    -4.0   46.001 -119.624    680.0    933.9
     1     1    17     8    18    11     0     0    -5.0   45.884 -119.555    709.4    930.4
     1     1    17     8    18    10     0     0    -6.0   45.756 -119.522    684.8    931.3
     1     1    17     8    18     9     0     0    -7.0   45.613 -119.547    664.1    935.3
     1     1    17     8    18     8     0     0    -8.0   45.469 -119.591    655.0    937.2
     1     1    17     8    18     7     0     0    -9.0   45.392 -119.628    661.3    936.2
