     1     1
    SITE    10     3     1     0     0
     1 BACKWARD OMEGA   
    17     8    19    11   46.392 -119.412   700.0
     1 PRESSURE
     1     1    17     8    19    11     0     0     0.0   46.392 -119.412    700.0    931.4
     1     1    17     8    19    10     0     0    -1.0   46.462 -119.478    690.4    932.5
     1     1    17     8    19     9     0     0    -2.0   46.540 -119.543    687.5    933.0
     1     1    17     8    19     8     0     0    -3.0   46.598 -119.643    688.5    933.2
     1     1    17     8    19     7     0     0    -4.0   46.590 -119.718    694.5    932.0
     1     1    17     8    19     6     0     0    -5.0   46.530 -119.742    694.3    932.2
     1     1    17     8    19     5     0     0    -6.0   46.462 -119.770    690.4    932.1
     1     1    17     8    19     4     0     0    -7.0   46.392 -119.792    687.1    933.3
     1     1    17     8    19     3     0     0    -8.0   46.317 -119.789    675.0    933.9
     1     1    17     8    19     2     0     0    -9.0   46.253 -119.810    656.5    936.6
     1     1    17     8    19     1     0     0   -10.0   46.210 -119.825    663.3    936.3
     1     1    17     8    19     0     0     0   -11.0   46.157 -119.845    689.9    932.9
     1     1    17     8    18    23     0     0   -12.0   46.147 -120.005    694.9    932.5
     1     1    17     8    18    22     0     0   -13.0   46.268 -120.219    666.0    935.1
     1     1    17     8    18    21     0     0   -14.0   46.471 -120.402    652.8    936.7
     1     1    17     8    18    20     0     0   -15.0   46.659 -120.634    630.1    939.7
     1     1    17     8    18    19     0     0   -16.0   46.826 -120.860    604.1    942.6
