     1     1
    SITE    10     3     1     0     0
     1 BACKWARD OMEGA   
    17     8    26    13   46.392 -119.412   700.0
     1 PRESSURE
     1     1    17     8    26    13     0     0     0.0   46.392 -119.412    700.0    931.4
     1     1    17     8    26    12     0     0    -1.0   46.425 -119.324    711.8    930.0
     1     1    17     8    26    11     0     0    -2.0   46.457 -119.238    721.8    929.3
     1     1    17     8    26    10     0     0    -3.0   46.487 -119.160    731.3    927.2
     1     1    17     8    26     9     0     0    -4.0   46.502 -119.167    730.7    928.3
     1     1    17     8    26     8     0     0    -5.0   46.477 -119.194    723.6    928.7
     1     1    17     8    26     7     0     0    -6.0   46.445 -119.187    716.7    930.5
     1     1    17     8    26     6     0     0    -7.0   46.432 -119.206    718.6    929.3
     1     1    17     8    26     5     0     0    -8.0   46.425 -119.210    716.7    929.4
     1     1    17     8    26     4     0     0    -9.0   46.424 -119.212    715.5    929.3
     1     1    17     8    26     3     0     0   -10.0   46.424 -119.238    711.5    930.4
     1     1    17     8    26     2     0     0   -11.0   46.412 -119.260    708.2    930.3
     1     1    17     8    26     1     0     0   -12.0   46.402 -119.285    705.6    931.1
     1     1    17     8    26     0     0     0   -13.0   46.375 -119.320    691.2    930.7
     1     1    17     8    25    23     0     0   -14.0   46.371 -119.369    678.2    935.3
     1     1    17     8    25    22     0     0   -15.0   46.378 -119.420    673.0    934.0
     1     1    17     8    25    21     0     0   -16.0   46.341 -119.469    669.3    935.5
     1     1    17     8    25    20     0     0   -17.0   46.279 -119.510    669.4    934.5
     1     1    17     8    25    19     0     0   -18.0   46.196 -119.514    676.8    935.6
     1     1    17     8    25    18     0     0   -19.0   46.093 -119.483    688.1    932.5
     1     1    17     8    25    17     0     0   -20.0   45.989 -119.453    699.3    931.6
     1     1    17     8    25    16     0     0   -21.0   45.900 -119.414    710.3    929.6
     1     1    17     8    25    15     0     0   -22.0   45.826 -119.365    697.6    931.8
     1     1    17     8    25    14     0     0   -23.0   45.745 -119.313    702.5    931.2
     1     1    17     8    25    13     0     0   -24.0   45.665 -119.304    715.1    929.5
     1     1    17     8    25    12     0     0   -25.0   45.604 -119.300    715.4    929.5
     1     1    17     8    25    11     0     0   -26.0   45.542 -119.282    697.2    931.7
     1     1    17     8    25    10     0     0   -27.0   45.486 -119.265    683.7    933.0
     1     1    17     8    25     9     0     0   -28.0   45.481 -119.215    677.0    935.4
     1     1    17     8    25     8     0     0   -29.0   45.489 -119.162    682.9    933.7
     1     1    17     8    25     7     0     0   -30.0   45.460 -119.130    685.1    932.7
     1     1    17     8    25     6     0     0   -31.0   45.434 -119.100    682.6    933.0
     1     1    17     8    25     5     0     0   -32.0   45.435 -119.057    680.9    933.8
     1     1    17     8    25     4     0     0   -33.0   45.430 -119.022    681.6    933.6
     1     1    17     8    25     3     0     0   -34.0   45.430 -119.023    684.9    933.2
     1     1    17     8    25     2     0     0   -35.0   45.424 -119.048    688.2    932.6
     1     1    17     8    25     1     0     0   -36.0   45.393 -119.071    688.9    932.5
