     1     1
    SITE    10     3     1     0     0
     1 BACKWARD OMEGA   
    17     8    25    13   46.392 -119.412   700.0
     1 PRESSURE
     1     1    17     8    25    13     0     0     0.0   46.392 -119.412    700.0    931.4
     1     1    17     8    25    12     0     0    -1.0   46.330 -119.405    704.6    930.9
     1     1    17     8    25    11     0     0    -2.0   46.272 -119.386    703.2    931.4
     1     1    17     8    25    10     0     0    -3.0   46.217 -119.366    708.5    930.1
     1     1    17     8    25     9     0     0    -4.0   46.212 -119.315    706.5    931.1
     1     1    17     8    25     8     0     0    -5.0   46.219 -119.264    703.0    930.7
     1     1    17     8    25     7     0     0    -6.0   46.190 -119.233    698.8    932.2
     1     1    17     8    25     6     0     0    -7.0   46.165 -119.202    702.1    930.7
     1     1    17     8    25     5     0     0    -8.0   46.166 -119.157    703.1    931.4
     1     1    17     8    25     4     0     0    -9.0   46.161 -119.122    705.7    930.7
     1     1    17     8    25     3     0     0   -10.0   46.160 -119.122    703.0    930.8
     1     1    17     8    25     2     0     0   -11.0   46.155 -119.147    699.4    931.6
     1     1    17     8    25     1     0     0   -12.0   46.124 -119.171    705.8    932.3
     1     1    17     8    25     0     0     0   -13.0   46.073 -119.173    713.3    928.5
     1     1    17     8    24    23     0     0   -14.0   46.006 -119.157    712.0    930.5
     1     1    17     8    24    22     0     0   -15.0   45.969 -119.220    718.1    928.9
     1     1    17     8    24    21     0     0   -16.0   46.028 -119.379    773.4    922.0
     1     1    17     8    24    20     0     0   -17.0   46.214 -119.598    850.4    914.1
     1     1    17     8    24    19     0     0   -18.0   46.457 -119.852    890.1    909.6
     1     1    17     8    24    18     0     0   -19.0   46.694 -120.117    892.7    910.4
     1     1    17     8    24    17     0     0   -20.0   46.942 -120.393    841.9    916.4
     1     1    17     8    24    16     0     0   -21.0   47.183 -120.647    882.0    910.4
