     1     1
    SITE    10     3     1     0     0
     1 BACKWARD OMEGA   
    17     8    20     6   46.392 -119.412   700.0
     1 PRESSURE
     1     1    17     8    20     6     0     0     0.0   46.392 -119.412    700.0    931.4
     1     1    17     8    20     5     0     0    -1.0   46.298 -119.387    688.4    932.7
     1     1    17     8    20     4     0     0    -2.0   46.213 -119.391    697.3    932.0
     1     1    17     8    20     3     0     0    -3.0   46.141 -119.389    716.8    929.7
     1     1    17     8    20     2     0     0    -4.0   46.098 -119.351    728.7    927.7
     1     1    17     8    20     1     0     0    -5.0   46.073 -119.308    731.2    928.2
     1     1    17     8    20     0     0     0    -6.0   46.032 -119.262    704.3    927.7
     1     1    17     8    19    23     0     0    -7.0   46.001 -119.264    677.2    936.4
     1     1    17     8    19    22     0     0    -8.0   46.007 -119.345    673.2    936.3
     1     1    17     8    19    21     0     0    -9.0   45.993 -119.374    683.1    934.3
     1     1    17     8    19    20     0     0   -10.0   45.953 -119.410    690.0    932.7
     1     1    17     8    19    19     0     0   -11.0   45.910 -119.449    694.4    932.0
     1     1    17     8    19    18     0     0   -12.0   45.826 -119.411    670.8    932.0
     1     1    17     8    19    17     0     0   -13.0   45.725 -119.346    628.1    940.6
     1     1    17     8    19    16     0     0   -14.0   45.629 -119.292    620.9    940.6
     1     1    17     8    19    15     0     0   -15.0   45.528 -119.247    615.6    941.0
     1     1    17     8    19    14     0     0   -16.0   45.453 -119.156    619.3    941.4
     1     1    17     8    19    13     0     0   -17.0   45.384 -119.064    636.2    939.3
