     1     1
    SITE    10     3     1     0     0
     1 BACKWARD OMEGA   
    17     8    21    16   46.392 -119.412   700.0
     1 PRESSURE
     1     1    17     8    21    16     0     0     0.0   46.392 -119.412    700.0    931.4
     1     1    17     8    21    15     0     0    -1.0   46.368 -119.337    680.8    933.7
     1     1    17     8    21    14     0     0    -2.0   46.396 -119.262    683.9    933.0
     1     1    17     8    21    13     0     0    -3.0   46.459 -119.193    670.2    935.0
     1     1    17     8    21    12     0     0    -4.0   46.486 -119.091    662.3    936.5
     1     1    17     8    21    11     0     0    -5.0   46.534 -119.040    664.6    935.4
     1     1    17     8    21    10     0     0    -6.0   46.616 -119.038    664.8    935.4
     1     1    17     8    21     9     0     0    -7.0   46.636 -118.980    672.5    934.7
     1     1    17     8    21     8     0     0    -8.0   46.609 -118.925    675.1    933.1
     1     1    17     8    21     7     0     0    -9.0   46.576 -118.886    685.9    935.0
     1     1    17     8    21     6     0     0   -10.0   46.557 -118.844    701.8    929.9
     1     1    17     8    21     5     0     0   -11.0   46.545 -118.824    704.3    930.7
     1     1    17     8    21     4     0     0   -12.0   46.533 -118.809    703.6    930.9
     1     1    17     8    21     3     0     0   -13.0   46.520 -118.807    700.1    931.2
     1     1    17     8    21     2     0     0   -14.0   46.497 -118.841    698.7    932.0
     1     1    17     8    21     1     0     0   -15.0   46.468 -118.851    703.5    931.3
     1     1    17     8    21     0     0     0   -16.0   46.440 -118.877    706.5    930.4
     1     1    17     8    20    23     0     0   -17.0   46.463 -118.927    718.8    929.5
     1     1    17     8    20    22     0     0   -18.0   46.530 -118.959    708.6    930.6
     1     1    17     8    20    21     0     0   -19.0   46.553 -118.991    707.2    931.1
     1     1    17     8    20    20     0     0   -20.0   46.521 -119.023    705.9    930.5
     1     1    17     8    20    19     0     0   -21.0   46.474 -119.039    702.6    930.9
     1     1    17     8    20    18     0     0   -22.0   46.434 -118.984    699.3    932.0
     1     1    17     8    20    17     0     0   -23.0   46.400 -118.865    701.6    930.8
     1     1    17     8    20    16     0     0   -24.0   46.338 -118.785    694.9    932.6
     1     1    17     8    20    15     0     0   -25.0   46.252 -118.761    702.2    930.6
     1     1    17     8    20    14     0     0   -26.0   46.168 -118.742    700.9    931.7
     1     1    17     8    20    13     0     0   -27.0   46.103 -118.672    721.6    929.1
     1     1    17     8    20    12     0     0   -28.0   46.024 -118.632    739.7    927.1
     1     1    17     8    20    11     0     0   -29.0   45.922 -118.627    726.2    928.6
     1     1    17     8    20    10     0     0   -30.0   45.855 -118.635    707.9    930.5
     1     1    17     8    20     9     0     0   -31.0   45.799 -118.672    698.7    931.8
     1     1    17     8    20     8     0     0   -32.0   45.737 -118.701    713.8    929.7
     1     1    17     8    20     7     0     0   -33.0   45.673 -118.696    701.2    927.6
     1     1    17     8    20     6     0     0   -34.0   45.589 -118.642    665.0    936.0
     1     1    17     8    20     5     0     0   -35.0   45.493 -118.616    662.0    935.8
     1     1    17     8    20     4     0     0   -36.0   45.410 -118.619    657.3    936.5
