     1     1
    SITE    10     3     1     0     0
     1 BACKWARD OMEGA   
    17     8    17    21   46.392 -119.412   700.0
     1 PRESSURE
     1     1    17     8    17    21     0     0     0.0   46.392 -119.412    700.0    931.4
     1     1    17     8    17    20     0     0    -1.0   46.331 -119.444    692.5    932.3
     1     1    17     8    17    19     0     0    -2.0   46.256 -119.422    679.2    934.0
     1     1    17     8    17    18     0     0    -3.0   46.175 -119.450    667.7    935.1
     1     1    17     8    17    17     0     0    -4.0   46.057 -119.537    634.2    938.9
     1     1    17     8    17    16     0     0    -5.0   45.914 -119.630    622.9    940.4
     1     1    17     8    17    15     0     0    -6.0   45.782 -119.657    632.7    939.7
     1     1    17     8    17    14     0     0    -7.0   45.675 -119.651    645.9    937.7
     1     1    17     8    17    13     0     0    -8.0   45.571 -119.632    667.8    935.7
     1     1    17     8    17    12     0     0    -9.0   45.473 -119.574    680.1    933.4
     1     1    17     8    17    11     0     0   -10.0   45.386 -119.499    688.7    932.5
