     1     1
    SITE    10     3     1     0     0
     1 BACKWARD OMEGA   
    17     8    18    14   46.392 -119.412   700.0
     1 PRESSURE
     1     1    17     8    18    14     0     0     0.0   46.392 -119.412    700.0    931.4
     1     1    17     8    18    13     0     0    -1.0   46.253 -119.438    719.8    929.1
     1     1    17     8    18    12     0     0    -2.0   46.139 -119.414    724.2    927.9
     1     1    17     8    18    11     0     0    -3.0   46.025 -119.343    718.4    929.4
     1     1    17     8    18    10     0     0    -4.0   45.896 -119.310    721.5    928.9
     1     1    17     8    18     9     0     0    -5.0   45.750 -119.331    741.1    927.0
     1     1    17     8    18     8     0     0    -6.0   45.609 -119.372    741.7    926.8
     1     1    17     8    18     7     0     0    -7.0   45.535 -119.406    746.1    926.1
     1     1    17     8    18     6     0     0    -8.0   45.538 -119.442    754.1    925.3
     1     1    17     8    18     5     0     0    -9.0   45.553 -119.489    762.3    924.2
     1     1    17     8    18     4     0     0   -10.0   45.511 -119.505    747.8    923.3
     1     1    17     8    18     3     0     0   -11.0   45.449 -119.478    725.3    929.2
     1     1    17     8    18     2     0     0   -12.0   45.433 -119.481    724.0    928.6
     1     1    17     8    18     1     0     0   -13.0   45.424 -119.482    726.8    928.7
     1     1    17     8    18     0     0     0   -14.0   45.392 -119.444    733.2    928.2
