     1     1
    SITE    10     3     1     0     0
     1 BACKWARD OMEGA   
    17     8     9     6   46.392 -119.412   700.0
     1 PRESSURE
     1     1    17     8     9     6     0     0     0.0   46.392 -119.412    700.0    931.4
     1     1    17     8     9     5     0     0    -1.0   46.373 -119.426    702.4    931.1
     1     1    17     8     9     4     0     0    -2.0   46.351 -119.454    700.4    930.5
     1     1    17     8     9     3     0     0    -3.0   46.323 -119.486    692.5    932.5
     1     1    17     8     9     2     0     0    -4.0   46.315 -119.535    686.8    933.2
     1     1    17     8     9     1     0     0    -5.0   46.297 -119.561    682.0    933.3
     1     1    17     8     9     0     0     0    -6.0   46.274 -119.604    677.8    934.9
     1     1    17     8     8    23     0     0    -7.0   46.263 -119.661    676.2    934.1
     1     1    17     8     8    22     0     0    -8.0   46.236 -119.714    681.3    934.6
     1     1    17     8     8    21     0     0    -9.0   46.213 -119.758    693.0    932.0
     1     1    17     8     8    20     0     0   -10.0   46.197 -119.786    701.2    931.2
     1     1    17     8     8    19     0     0   -11.0   46.170 -119.824    714.1    930.3
     1     1    17     8     8    18     0     0   -12.0   46.139 -119.808    721.1    927.7
     1     1    17     8     8    17     0     0   -13.0   46.135 -119.727    724.2    930.7
     1     1    17     8     8    16     0     0   -14.0   46.133 -119.635    733.4    926.6
     1     1    17     8     8    15     0     0   -15.0   46.121 -119.523    716.5    928.7
     1     1    17     8     8    14     0     0   -16.0   46.094 -119.403    698.3    931.5
     1     1    17     8     8    13     0     0   -17.0   46.029 -119.305    695.8    932.4
     1     1    17     8     8    12     0     0   -18.0   45.947 -119.236    692.0    932.5
     1     1    17     8     8    11     0     0   -19.0   45.882 -119.188    687.8    933.0
     1     1    17     8     8    10     0     0   -20.0   45.831 -119.173    698.8    931.7
     1     1    17     8     8     9     0     0   -21.0   45.795 -119.200    709.3    929.7
     1     1    17     8     8     8     0     0   -22.0   45.766 -119.199    714.1    930.1
     1     1    17     8     8     7     0     0   -23.0   45.725 -119.152    707.1    929.1
     1     1    17     8     8     6     0     0   -24.0   45.688 -119.130    697.5    932.9
     1     1    17     8     8     5     0     0   -25.0   45.676 -119.152    708.1    931.0
     1     1    17     8     8     4     0     0   -26.0   45.667 -119.145    721.7    928.6
     1     1    17     8     8     3     0     0   -27.0   45.630 -119.104    727.0    926.8
     1     1    17     8     8     2     0     0   -28.0   45.592 -119.084    723.0    929.3
     1     1    17     8     8     1     0     0   -29.0   45.576 -119.055    721.2    928.8
     1     1    17     8     8     0     0     0   -30.0   45.544 -119.048    726.9    928.9
     1     1    17     8     7    23     0     0   -31.0   45.497 -119.074    736.6    926.6
     1     1    17     8     7    22     0     0   -32.0   45.513 -119.090    747.2    926.8
     1     1    17     8     7    21     0     0   -33.0   45.533 -119.130    734.7    927.4
     1     1    17     8     7    20     0     0   -34.0   45.490 -119.176    725.1    929.5
     1     1    17     8     7    19     0     0   -35.0   45.438 -119.203    718.4    928.7
     1     1    17     8     7    18     0     0   -36.0   45.383 -119.205    714.1    930.7
