     1     1
    SITE    10     3     1     0     0
     1 BACKWARD OMEGA   
    17     8    28     3   46.392 -119.412   700.0
     1 PRESSURE
     1     1    17     8    28     3     0     0     0.0   46.392 -119.412    700.0    931.4
     1     1    17     8    28     2     0     0    -1.0   46.349 -119.391    694.5    932.1
     1     1    17     8    28     1     0     0    -2.0   46.300 -119.349    686.5    933.7
     1     1    17     8    28     0     0     0    -3.0   46.253 -119.304    689.3    932.7
     1     1    17     8    27    23     0     0    -4.0   46.217 -119.280    685.4    932.5
     1     1    17     8    27    22     0     0    -5.0   46.188 -119.297    677.1    934.3
     1     1    17     8    27    21     0     0    -6.0   46.178 -119.328    675.1    935.2
     1     1    17     8    27    20     0     0    -7.0   46.180 -119.376    671.7    933.8
     1     1    17     8    27    19     0     0    -8.0   46.178 -119.424    665.7    935.7
     1     1    17     8    27    18     0     0    -9.0   46.161 -119.460    658.7    936.0
     1     1    17     8    27    17     0     0   -10.0   46.122 -119.484    652.7    937.9
     1     1    17     8    27    16     0     0   -11.0   46.065 -119.504    639.6    937.9
     1     1    17     8    27    15     0     0   -12.0   46.060 -119.505    625.2    941.1
     1     1    17     8    27    14     0     0   -13.0   46.100 -119.453    619.0    941.0
     1     1    17     8    27    13     0     0   -14.0   46.120 -119.373    619.4    941.0
     1     1    17     8    27    12     0     0   -15.0   46.105 -119.292    614.1    940.6
     1     1    17     8    27    11     0     0   -16.0   46.062 -119.244    606.4    943.1
     1     1    17     8    27    10     0     0   -17.0   46.017 -119.226    595.8    942.5
     1     1    17     8    27     9     0     0   -18.0   45.973 -119.216    585.9    945.4
     1     1    17     8    27     8     0     0   -19.0   45.935 -119.197    594.3    944.5
     1     1    17     8    27     7     0     0   -20.0   45.908 -119.194    606.2    941.8
     1     1    17     8    27     6     0     0   -21.0   45.913 -119.221    608.9    942.0
     1     1    17     8    27     5     0     0   -22.0   45.942 -119.255    607.8    942.1
     1     1    17     8    27     4     0     0   -23.0   45.960 -119.297    608.6    942.2
     1     1    17     8    27     3     0     0   -24.0   45.961 -119.337    605.8    941.9
     1     1    17     8    27     2     0     0   -25.0   45.942 -119.379    599.0    943.0
     1     1    17     8    27     1     0     0   -26.0   45.905 -119.411    602.5    944.0
     1     1    17     8    27     0     0     0   -27.0   45.857 -119.445    609.7    941.1
     1     1    17     8    26    23     0     0   -28.0   45.824 -119.511    615.8    942.2
     1     1    17     8    26    22     0     0   -29.0   45.797 -119.548    629.6    938.4
     1     1    17     8    26    21     0     0   -30.0   45.793 -119.563    631.3    938.7
     1     1    17     8    26    20     0     0   -31.0   45.799 -119.599    631.5    939.5
     1     1    17     8    26    19     0     0   -32.0   45.781 -119.629    631.0    939.8
     1     1    17     8    26    18     0     0   -33.0   45.737 -119.646    634.0    939.6
     1     1    17     8    26    17     0     0   -34.0   45.738 -119.623    652.6    939.5
     1     1    17     8    26    16     0     0   -35.0   45.799 -119.552    650.5    937.6
     1     1    17     8    26    15     0     0   -36.0   45.802 -119.465    644.5    936.9
     1     1    17     8    26    14     0     0   -37.0   45.806 -119.382    648.4    940.3
     1     1    17     8    26    13     0     0   -38.0   45.840 -119.292    656.8    935.4
     1     1    17     8    26    12     0     0   -39.0   45.872 -119.209    657.9    936.2
     1     1    17     8    26    11     0     0   -40.0   45.903 -119.126    662.6    936.6
     1     1    17     8    26    10     0     0   -41.0   45.932 -119.050    681.7    933.8
     1     1    17     8    26     9     0     0   -42.0   45.945 -119.058    688.9    930.7
     1     1    17     8    26     8     0     0   -43.0   45.920 -119.087    689.7    932.3
     1     1    17     8    26     7     0     0   -44.0   45.888 -119.080    686.3    932.2
     1     1    17     8    26     6     0     0   -45.0   45.876 -119.098    679.1    934.3
     1     1    17     8    26     5     0     0   -46.0   45.870 -119.102    667.5    934.7
     1     1    17     8    26     4     0     0   -47.0   45.867 -119.104    659.2    936.7
     1     1    17     8    26     3     0     0   -48.0   45.866 -119.130    661.4    936.5
     1     1    17     8    26     2     0     0   -49.0   45.854 -119.152    671.5    934.8
     1     1    17     8    26     1     0     0   -50.0   45.843 -119.177    675.9    933.5
     1     1    17     8    26     0     0     0   -51.0   45.817 -119.214    667.7    934.5
     1     1    17     8    25    23     0     0   -52.0   45.813 -119.263    661.7    936.8
     1     1    17     8    25    22     0     0   -53.0   45.821 -119.313    658.2    937.0
     1     1    17     8    25    21     0     0   -54.0   45.784 -119.363    649.4    935.9
     1     1    17     8    25    20     0     0   -55.0   45.724 -119.405    635.2    939.1
     1     1    17     8    25    19     0     0   -56.0   45.641 -119.414    622.7    940.8
     1     1    17     8    25    18     0     0   -57.0   45.539 -119.389    645.9    938.0
     1     1    17     8    25    17     0     0   -58.0   45.436 -119.359    649.0    937.2
