     1     1
    SITE    10     3     1     0     0
     1 BACKWARD OMEGA   
    17     8     5    23   46.392 -119.412   700.0
     1 PRESSURE
     1     1    17     8     5    23     0     0     0.0   46.392 -119.412    700.0    931.4
     1     1    17     8     5    22     0     0    -1.0   46.399 -119.449    714.3    929.8
     1     1    17     8     5    21     0     0    -2.0   46.369 -119.480    720.0    928.2
     1     1    17     8     5    20     0     0    -3.0   46.323 -119.519    712.1    929.4
     1     1    17     8     5    19     0     0    -4.0   46.267 -119.561    695.8    931.9
     1     1    17     8     5    18     0     0    -5.0   46.208 -119.580    679.7    934.0
     1     1    17     8     5    17     0     0    -6.0   46.125 -119.565    662.5    935.6
     1     1    17     8     5    16     0     0    -7.0   46.041 -119.501    657.8    935.8
     1     1    17     8     5    15     0     0    -8.0   46.005 -119.398    650.7    936.9
     1     1    17     8     5    14     0     0    -9.0   46.019 -119.381    637.4    938.7
     1     1    17     8     5    13     0     0   -10.0   46.023 -119.364    610.6    941.8
     1     1    17     8     5    12     0     0   -11.0   46.004 -119.247    606.4    942.3
     1     1    17     8     5    11     0     0   -12.0   45.942 -119.185    606.1    942.0
     1     1    17     8     5    10     0     0   -13.0   45.838 -119.192    611.5    942.0
     1     1    17     8     5     9     0     0   -14.0   45.761 -119.195    622.4    940.8
     1     1    17     8     5     8     0     0   -15.0   45.727 -119.211    629.2    939.7
     1     1    17     8     5     7     0     0   -16.0   45.700 -119.222    626.1    940.0
     1     1    17     8     5     6     0     0   -17.0   45.670 -119.190    627.8    940.2
     1     1    17     8     5     5     0     0   -18.0   45.663 -119.183    627.1    940.0
     1     1    17     8     5     4     0     0   -19.0   45.637 -119.190    623.9    940.1
     1     1    17     8     5     3     0     0   -20.0   45.577 -119.166    609.8    940.0
     1     1    17     8     5     2     0     0   -21.0   45.503 -119.145    594.8    945.6
     1     1    17     8     5     1     0     0   -22.0   45.428 -119.127    590.0    943.7
