     1     1
    SITE    10     3     1     0     0
     1 BACKWARD OMEGA   
    17     8    14    23   46.392 -119.412   700.0
     1 PRESSURE
     1     1    17     8    14    23     0     0     0.0   46.392 -119.412    700.0    931.4
     1     1    17     8    14    22     0     0    -1.0   46.380 -119.473    698.0    931.6
     1     1    17     8    14    21     0     0    -2.0   46.338 -119.518    697.7    932.2
     1     1    17     8    14    20     0     0    -3.0   46.281 -119.520    697.6    931.6
     1     1    17     8    14    19     0     0    -4.0   46.214 -119.483    693.4    932.7
     1     1    17     8    14    18     0     0    -5.0   46.155 -119.386    691.3    932.0
     1     1    17     8    14    17     0     0    -6.0   46.101 -119.275    690.7    932.8
     1     1    17     8    14    16     0     0    -7.0   46.034 -119.198    701.3    931.7
     1     1    17     8    14    15     0     0    -8.0   45.946 -119.145    715.9    930.0
     1     1    17     8    14    14     0     0    -9.0   45.850 -119.086    721.4    929.0
     1     1    17     8    14    13     0     0   -10.0   45.754 -119.043    717.8    929.0
     1     1    17     8    14    12     0     0   -11.0   45.649 -119.000    709.6    931.0
     1     1    17     8    14    11     0     0   -12.0   45.546 -118.934    717.5    929.2
     1     1    17     8    14    10     0     0   -13.0   45.444 -118.878    713.9    929.1
