     1     1
    SITE    10     3     1     0     0
     1 BACKWARD OMEGA   
    17     8    25    14   46.392 -119.412   700.0
     1 PRESSURE
     1     1    17     8    25    14     0     0     0.0   46.392 -119.412    700.0    931.4
     1     1    17     8    25    13     0     0    -1.0   46.312 -119.399    701.1    931.2
     1     1    17     8    25    12     0     0    -2.0   46.252 -119.392    686.4    933.5
     1     1    17     8    25    11     0     0    -3.0   46.193 -119.373    695.4    932.2
     1     1    17     8    25    10     0     0    -4.0   46.136 -119.353    700.3    931.1
     1     1    17     8    25     9     0     0    -5.0   46.131 -119.301    697.6    932.1
     1     1    17     8    25     8     0     0    -6.0   46.137 -119.249    695.7    930.6
     1     1    17     8    25     7     0     0    -7.0   46.107 -119.218    696.1    933.7
     1     1    17     8    25     6     0     0    -8.0   46.081 -119.187    700.8    930.4
     1     1    17     8    25     5     0     0    -9.0   46.082 -119.142    698.3    932.1
     1     1    17     8    25     4     0     0   -10.0   46.077 -119.108    694.7    931.4
     1     1    17     8    25     3     0     0   -11.0   46.076 -119.107    696.0    933.2
     1     1    17     8    25     2     0     0   -12.0   46.070 -119.133    693.8    931.1
     1     1    17     8    25     1     0     0   -13.0   46.040 -119.157    680.0    933.2
     1     1    17     8    25     0     0     0   -14.0   45.989 -119.158    676.6    936.1
     1     1    17     8    24    23     0     0   -15.0   45.921 -119.143    709.0    930.0
     1     1    17     8    24    22     0     0   -16.0   45.887 -119.202    746.9    927.2
     1     1    17     8    24    21     0     0   -17.0   45.947 -119.361    792.7    922.3
     1     1    17     8    24    20     0     0   -18.0   46.134 -119.581    871.7    913.1
     1     1    17     8    24    19     0     0   -19.0   46.377 -119.833    905.9    909.3
     1     1    17     8    24    18     0     0   -20.0   46.614 -120.096    889.1    911.2
     1     1    17     8    24    17     0     0   -21.0   46.862 -120.370    866.0    913.3
     1     1    17     8    24    16     0     0   -22.0   47.103 -120.624    921.4    905.4
     1     1    17     8    24    15     0     0   -23.0   47.290 -120.820    899.8    910.1
