     1     1
    SITE    10     3     1     0     0
     1 BACKWARD OMEGA   
    17     8    18     8   46.392 -119.412   700.0
     1 PRESSURE
     1     1    17     8    18     8     0     0     0.0   46.392 -119.412    700.0    931.4
     1     1    17     8    18     7     0     0    -1.0   46.317 -119.447    697.9    931.7
     1     1    17     8    18     6     0     0    -2.0   46.320 -119.484    698.7    931.6
     1     1    17     8    18     5     0     0    -3.0   46.335 -119.531    696.8    931.4
     1     1    17     8    18     4     0     0    -4.0   46.293 -119.545    685.4    932.2
     1     1    17     8    18     3     0     0    -5.0   46.231 -119.516    663.9    936.2
     1     1    17     8    18     2     0     0    -6.0   46.215 -119.517    661.3    936.0
     1     1    17     8    18     1     0     0    -7.0   46.207 -119.519    655.0    936.4
     1     1    17     8    18     0     0     0    -8.0   46.175 -119.479    650.8    937.9
     1     1    17     8    17    23     0     0    -9.0   46.131 -119.428    652.4    936.8
     1     1    17     8    17    22     0     0   -10.0   46.144 -119.440    655.4    937.0
     1     1    17     8    17    21     0     0   -11.0   46.164 -119.520    657.7    936.8
     1     1    17     8    17    20     0     0   -12.0   46.104 -119.555    664.7    935.2
     1     1    17     8    17    19     0     0   -13.0   46.027 -119.534    657.6    936.2
     1     1    17     8    17    18     0     0   -14.0   45.944 -119.559    646.6    937.5
     1     1    17     8    17    17     0     0   -15.0   45.828 -119.643    635.3    938.6
     1     1    17     8    17    16     0     0   -16.0   45.685 -119.738    641.2    938.3
     1     1    17     8    17    15     0     0   -17.0   45.552 -119.773    646.7    938.1
     1     1    17     8    17    14     0     0   -18.0   45.442 -119.776    665.5    935.7
