     1     1
    SITE    10     3     1     0     0
     1 BACKWARD OMEGA   
    17     8     2    15   46.392 -119.412   700.0
     1 PRESSURE
     1     1    17     8     2    15     0     0     0.0   46.392 -119.412    700.0    931.4
     1     1    17     8     2    14     0     0    -1.0   46.254 -119.414    694.6    932.2
     1     1    17     8     2    13     0     0    -2.0   46.100 -119.410    693.9    932.1
     1     1    17     8     2    12     0     0    -3.0   45.935 -119.412    691.7    932.0
     1     1    17     8     2    11     0     0    -4.0   45.756 -119.408    716.7    929.4
     1     1    17     8     2    10     0     0    -5.0   45.663 -119.254    705.8    931.2
     1     1    17     8     2     9     0     0    -6.0   45.775 -119.118    804.9    919.7
     1     1    17     8     2     8     0     0    -7.0   45.998 -119.170    856.1    914.2
     1     1    17     8     2     7     0     0    -8.0   46.197 -119.272    893.4    908.5
     1     1    17     8     2     6     0     0    -9.0   46.361 -119.399    866.4    913.0
     1     1    17     8     2     5     0     0   -10.0   46.502 -119.495    906.3    908.3
     1     1    17     8     2     4     0     0   -11.0   46.637 -119.558    908.7    909.8
     1     1    17     8     2     3     0     0   -12.0   46.779 -119.633    922.7    906.9
     1     1    17     8     2     2     0     0   -13.0   46.928 -119.748    887.8    911.2
     1     1    17     8     2     1     0     0   -14.0   47.053 -119.858    923.8    906.8
     1     1    17     8     2     0     0     0   -15.0   47.128 -119.941    950.6    904.0
     1     1    17     8     1    23     0     0   -16.0   47.142 -120.006    969.8    901.9
     1     1    17     8     1    22     0     0   -17.0   47.125 -120.057    990.3    898.9
     1     1    17     8     1    21     0     0   -18.0   47.128 -120.091   1014.1    897.8
     1     1    17     8     1    20     0     0   -19.0   47.149 -120.131   1028.3    894.0
     1     1    17     8     1    19     0     0   -20.0   47.145 -120.180   1035.7    895.0
     1     1    17     8     1    18     0     0   -21.0   47.167 -120.151   1035.6    892.8
     1     1    17     8     1    17     0     0   -22.0   47.243 -120.031   1026.5    895.9
     1     1    17     8     1    16     0     0   -23.0   47.260 -119.903   1000.0    898.1
     1     1    17     8     1    15     0     0   -24.0   47.231 -119.898    994.0    899.7
     1     1    17     8     1    14     0     0   -25.0   47.208 -119.897    988.5    899.7
     1     1    17     8     1    13     0     0   -26.0   47.141 -119.845   1008.1    897.9
     1     1    17     8     1    12     0     0   -27.0   47.078 -119.919   1030.1    895.0
     1     1    17     8     1    11     0     0   -28.0   47.112 -120.007   1075.1    890.1
     1     1    17     8     1    10     0     0   -29.0   47.199 -120.032   1093.5    886.6
     1     1    17     8     1     9     0     0   -30.0   47.218 -120.049   1074.4    890.2
     1     1    17     8     1     8     0     0   -31.0   47.172 -120.042   1055.4    891.9
     1     1    17     8     1     7     0     0   -32.0   47.126 -120.009   1035.7    894.8
     1     1    17     8     1     6     0     0   -33.0   47.074 -119.986   1016.7    896.0
     1     1    17     8     1     5     0     0   -34.0   47.020 -119.970   1001.0    899.1
     1     1    17     8     1     4     0     0   -35.0   46.978 -119.962   1000.4    899.6
     1     1    17     8     1     3     0     0   -36.0   46.940 -119.965   1002.1    897.4
     1     1    17     8     1     2     0     0   -37.0   46.910 -119.949    996.4    898.8
     1     1    17     8     1     1     0     0   -38.0   46.878 -119.927    998.4    899.2
     1     1    17     8     1     0     0     0   -39.0   46.833 -119.928   1001.3    897.8
     1     1    17     7    31    23     0     0   -40.0   46.831 -119.954   1012.9    898.2
     1     1    17     7    31    22     0     0   -41.0   46.845 -120.025   1021.3    895.0
     1     1    17     7    31    21     0     0   -42.0   46.843 -120.089   1033.6    893.6
     1     1    17     7    31    20     0     0   -43.0   46.857 -120.123   1033.4    894.2
     1     1    17     7    31    19     0     0   -44.0   46.844 -120.138   1020.6    895.1
     1     1    17     7    31    18     0     0   -45.0   46.783 -120.099   1021.4    897.9
     1     1    17     7    31    17     0     0   -46.0   46.703 -120.022   1019.9    896.9
     1     1    17     7    31    16     0     0   -47.0   46.617 -119.974   1044.2    892.2
     1     1    17     7    31    15     0     0   -48.0   46.527 -119.936   1053.6    893.3
     1     1    17     7    31    14     0     0   -49.0   46.423 -119.882   1073.2    890.3
     1     1    17     7    31    13     0     0   -50.0   46.310 -119.853   1081.3    890.8
     1     1    17     7    31    12     0     0   -51.0   46.212 -119.842   1106.9    886.2
     1     1    17     7    31    11     0     0   -52.0   46.127 -119.809   1110.6    886.9
     1     1    17     7    31    10     0     0   -53.0   46.087 -119.737   1115.0    885.2
     1     1    17     7    31     9     0     0   -54.0   46.062 -119.696   1123.1    886.5
     1     1    17     7    31     8     0     0   -55.0   46.013 -119.691   1128.9    883.5
     1     1    17     7    31     7     0     0   -56.0   45.979 -119.667   1133.2    884.3
     1     1    17     7    31     6     0     0   -57.0   45.965 -119.625   1139.6    882.8
     1     1    17     7    31     5     0     0   -58.0   45.954 -119.635   1140.1    882.7
     1     1    17     7    31     4     0     0   -59.0   45.911 -119.659   1149.4    881.7
     1     1    17     7    31     3     0     0   -60.0   45.824 -119.598   1149.4    881.5
     1     1    17     7    31     2     0     0   -61.0   45.725 -119.519   1156.1    882.8
     1     1    17     7    31     1     0     0   -62.0   45.633 -119.491   1154.6    880.9
     1     1    17     7    31     0     0     0   -63.0   45.598 -119.464   1134.0    883.9
     1     1    17     7    30    23     0     0   -64.0   45.667 -119.483   1148.1    884.3
     1     1    17     7    30    22     0     0   -65.0   45.799 -119.590   1171.9    877.9
     1     1    17     7    30    21     0     0   -66.0   45.929 -119.730   1191.3    877.5
     1     1    17     7    30    20     0     0   -67.0   46.040 -119.905   1180.9    877.7
     1     1    17     7    30    19     0     0   -68.0   46.032 -119.991   1165.3    881.2
     1     1    17     7    30    18     0     0   -69.0   45.914 -119.928   1154.5    880.8
     1     1    17     7    30    17     0     0   -70.0   45.807 -119.803   1137.2    882.7
     1     1    17     7    30    16     0     0   -71.0   45.691 -119.726   1124.6    886.0
     1     1    17     7    30    15     0     0   -72.0   45.568 -119.720   1131.0    882.9
