     1     1
    SITE    10     3     1     0     0
     1 BACKWARD OMEGA   
    17     8    22     3   46.392 -119.412   700.0
     1 PRESSURE
     1     1    17     8    22     3     0     0     0.0   46.392 -119.412    700.0    931.4
     1     1    17     8    22     2     0     0    -1.0   46.402 -119.430    693.0    932.2
     1     1    17     8    22     1     0     0    -2.0   46.392 -119.468    691.4    932.8
     1     1    17     8    22     0     0     0    -3.0   46.380 -119.478    689.8    932.5
     1     1    17     8    21    23     0     0    -4.0   46.357 -119.455    689.1    932.5
     1     1    17     8    21    22     0     0    -5.0   46.332 -119.447    686.6    932.9
     1     1    17     8    21    21     0     0    -6.0   46.345 -119.462    696.4    933.4
     1     1    17     8    21    20     0     0    -7.0   46.414 -119.514    721.3    929.4
     1     1    17     8    21    19     0     0    -8.0   46.492 -119.600    727.7    927.7
     1     1    17     8    21    18     0     0    -9.0   46.573 -119.667    729.6    928.6
     1     1    17     8    21    17     0     0   -10.0   46.608 -119.745    742.8    926.5
     1     1    17     8    21    16     0     0   -11.0   46.581 -119.772    736.7    926.9
     1     1    17     8    21    15     0     0   -12.0   46.558 -119.696    733.4    928.3
     1     1    17     8    21    14     0     0   -13.0   46.585 -119.619    735.0    927.9
     1     1    17     8    21    13     0     0   -14.0   46.648 -119.546    738.7    926.2
     1     1    17     8    21    12     0     0   -15.0   46.675 -119.444    728.6    927.1
     1     1    17     8    21    11     0     0   -16.0   46.721 -119.398    708.4    931.1
     1     1    17     8    21    10     0     0   -17.0   46.803 -119.398    712.1    929.6
     1     1    17     8    21     9     0     0   -18.0   46.824 -119.342    695.2    931.6
     1     1    17     8    21     8     0     0   -19.0   46.797 -119.287    679.2    935.2
     1     1    17     8    21     7     0     0   -20.0   46.767 -119.247    678.1    934.8
     1     1    17     8    21     6     0     0   -21.0   46.750 -119.206    678.4    933.3
     1     1    17     8    21     5     0     0   -22.0   46.739 -119.185    676.0    934.6
     1     1    17     8    21     4     0     0   -23.0   46.726 -119.169    673.5    934.2
     1     1    17     8    21     3     0     0   -24.0   46.713 -119.166    671.1    935.3
     1     1    17     8    21     2     0     0   -25.0   46.689 -119.200    671.5    934.8
     1     1    17     8    21     1     0     0   -26.0   46.661 -119.213    668.1    934.6
     1     1    17     8    21     0     0     0   -27.0   46.633 -119.240    667.9    935.9
     1     1    17     8    20    23     0     0   -28.0   46.655 -119.292    667.0    934.5
     1     1    17     8    20    22     0     0   -29.0   46.723 -119.325    672.4    934.2
     1     1    17     8    20    21     0     0   -30.0   46.744 -119.357    672.6    934.9
     1     1    17     8    20    20     0     0   -31.0   46.712 -119.389    667.2    934.2
     1     1    17     8    20    19     0     0   -32.0   46.662 -119.406    663.8    936.7
     1     1    17     8    20    18     0     0   -33.0   46.617 -119.353    656.2    935.2
     1     1    17     8    20    17     0     0   -34.0   46.582 -119.232    620.1    941.5
     1     1    17     8    20    16     0     0   -35.0   46.519 -119.147    609.1    941.2
     1     1    17     8    20    15     0     0   -36.0   46.431 -119.119    585.7    945.0
     1     1    17     8    20    14     0     0   -37.0   46.347 -119.104    588.5    944.4
     1     1    17     8    20    13     0     0   -38.0   46.285 -119.037    590.4    943.1
     1     1    17     8    20    12     0     0   -39.0   46.208 -118.995    586.0    944.1
     1     1    17     8    20    11     0     0   -40.0   46.107 -118.987    561.9    947.2
     1     1    17     8    20    10     0     0   -41.0   46.038 -118.990    560.2    947.3
     1     1    17     8    20     9     0     0   -42.0   45.983 -119.024    560.9    947.2
     1     1    17     8    20     8     0     0   -43.0   45.920 -119.053    547.3    948.3
     1     1    17     8    20     7     0     0   -44.0   45.854 -119.046    527.9    951.2
     1     1    17     8    20     6     0     0   -45.0   45.771 -118.987    522.7    951.3
     1     1    17     8    20     5     0     0   -46.0   45.679 -118.960    508.2    952.0
     1     1    17     8    20     4     0     0   -47.0   45.598 -118.964    490.0    955.2
     1     1    17     8    20     3     0     0   -48.0   45.527 -118.962    485.6    955.7
     1     1    17     8    20     2     0     0   -49.0   45.487 -118.924    495.5    954.5
     1     1    17     8    20     1     0     0   -50.0   45.463 -118.882    500.4    952.4
     1     1    17     8    20     0     0     0   -51.0   45.424 -118.839    503.0    954.3
     1     1    17     8    19    23     0     0   -52.0   45.391 -118.843    503.1    952.6
