     1     1
    SITE    10     3     1     0     0
     1 BACKWARD OMEGA   
    17     8    11    16   46.392 -119.412   700.0
     1 PRESSURE
     1     1    17     8    11    16     0     0     0.0   46.392 -119.412    700.0    931.4
     1     1    17     8    11    15     0     0    -1.0   46.319 -119.343    707.2    930.6
     1     1    17     8    11    14     0     0    -2.0   46.291 -119.233    711.1    930.8
     1     1    17     8    11    13     0     0    -3.0   46.239 -119.145    720.9    928.7
     1     1    17     8    11    12     0     0    -4.0   46.217 -119.077    733.3    927.5
     1     1    17     8    11    11     0     0    -5.0   46.203 -119.046    744.2    926.3
     1     1    17     8    11    10     0     0    -6.0   46.160 -119.006    740.4    927.5
     1     1    17     8    11     9     0     0    -7.0   46.175 -118.942    746.0    927.8
     1     1    17     8    11     8     0     0    -8.0   46.181 -118.926    747.1    925.8
     1     1    17     8    11     7     0     0    -9.0   46.152 -118.965    750.2    926.4
     1     1    17     8    11     6     0     0   -10.0   46.132 -118.992    743.2    926.0
     1     1    17     8    11     5     0     0   -11.0   46.092 -118.993    740.2    927.9
     1     1    17     8    11     4     0     0   -12.0   46.051 -119.029    748.7    925.9
     1     1    17     8    11     3     0     0   -13.0   46.035 -119.031    755.2    924.7
     1     1    17     8    11     2     0     0   -14.0   46.018 -119.008    756.8    924.3
     1     1    17     8    11     1     0     0   -15.0   45.969 -118.995    752.0    925.4
     1     1    17     8    11     0     0     0   -16.0   45.914 -118.993    749.8    926.2
     1     1    17     8    10    23     0     0   -17.0   45.876 -119.053    743.6    925.9
     1     1    17     8    10    22     0     0   -18.0   45.902 -119.118    748.2    927.1
     1     1    17     8    10    21     0     0   -19.0   45.929 -119.160    763.6    923.8
     1     1    17     8    10    20     0     0   -20.0   45.900 -119.202    758.4    923.9
     1     1    17     8    10    19     0     0   -21.0   45.875 -119.245    758.1    926.1
     1     1    17     8    10    18     0     0   -22.0   45.828 -119.266    745.6    923.5
     1     1    17     8    10    17     0     0   -23.0   45.790 -119.218    741.6    926.5
     1     1    17     8    10    16     0     0   -24.0   45.784 -119.123    762.1    927.0
     1     1    17     8    10    15     0     0   -25.0   45.786 -119.022    778.4    922.0
     1     1    17     8    10    14     0     0   -26.0   45.799 -118.920    792.3    920.9
     1     1    17     8    10    13     0     0   -27.0   45.796 -118.816    806.4    919.8
     1     1    17     8    10    12     0     0   -28.0   45.766 -118.741    819.1    917.4
     1     1    17     8    10    11     0     0   -29.0   45.721 -118.711    817.8    919.0
     1     1    17     8    10    10     0     0   -30.0   45.669 -118.695    822.7    917.8
     1     1    17     8    10     9     0     0   -31.0   45.620 -118.665    821.2    916.9
     1     1    17     8    10     8     0     0   -32.0   45.558 -118.623    819.0    919.1
     1     1    17     8    10     7     0     0   -33.0   45.493 -118.598    822.4    917.8
     1     1    17     8    10     6     0     0   -34.0   45.452 -118.573    822.2    917.0
     1     1    17     8    10     5     0     0   -35.0   45.431 -118.572    827.1    918.1
     1     1    17     8    10     4     0     0   -36.0   45.407 -118.590    832.8    916.5
     1     1    17     8    10     3     0     0   -37.0   45.363 -118.582    830.3    916.3
