     1     1
    SITE    10     3     1     0     0
     1 BACKWARD OMEGA   
    17     8     2    18   46.392 -119.412   700.0
     1 PRESSURE
     1     1    17     8     2    18     0     0     0.0   46.392 -119.412    700.0    931.4
     1     1    17     8     2    17     0     0    -1.0   46.321 -119.496    694.0    932.1
     1     1    17     8     2    16     0     0    -2.0   46.310 -119.468    681.9    934.4
     1     1    17     8     2    15     0     0    -3.0   46.309 -119.448    685.4    933.3
     1     1    17     8     2    14     0     0    -4.0   46.172 -119.447    707.0    931.2
     1     1    17     8     2    13     0     0    -5.0   46.018 -119.444    708.2    930.9
     1     1    17     8     2    12     0     0    -6.0   45.855 -119.444    725.9    928.9
     1     1    17     8     2    11     0     0    -7.0   45.675 -119.439    717.7    928.7
     1     1    17     8     2    10     0     0    -8.0   45.577 -119.287    674.6    933.9
     1     1    17     8     2     9     0     0    -9.0   45.687 -119.154    692.4    931.3
     1     1    17     8     2     8     0     0   -10.0   45.910 -119.205    712.6    930.4
     1     1    17     8     2     7     0     0   -11.0   46.107 -119.306    746.1    926.7
     1     1    17     8     2     6     0     0   -12.0   46.271 -119.431    754.4    924.8
     1     1    17     8     2     5     0     0   -13.0   46.413 -119.524    769.1    923.7
     1     1    17     8     2     4     0     0   -14.0   46.548 -119.586    765.9    924.3
     1     1    17     8     2     3     0     0   -15.0   46.691 -119.661    784.7    921.0
     1     1    17     8     2     2     0     0   -16.0   46.839 -119.774    774.1    922.5
     1     1    17     8     2     1     0     0   -17.0   46.964 -119.881    769.9    923.8
     1     1    17     8     2     0     0     0   -18.0   47.039 -119.964    801.2    919.7
     1     1    17     8     1    23     0     0   -19.0   47.053 -120.029    824.1    917.6
     1     1    17     8     1    22     0     0   -20.0   47.037 -120.080    835.8    914.8
     1     1    17     8     1    21     0     0   -21.0   47.040 -120.114    837.9    916.6
     1     1    17     8     1    20     0     0   -22.0   47.060 -120.154    844.9    914.8
     1     1    17     8     1    19     0     0   -23.0   47.057 -120.203    849.6    914.8
     1     1    17     8     1    18     0     0   -24.0   47.078 -120.176    862.0    914.9
     1     1    17     8     1    17     0     0   -25.0   47.153 -120.054    873.8    912.1
     1     1    17     8     1    16     0     0   -26.0   47.169 -119.926    859.9    913.4
     1     1    17     8     1    15     0     0   -27.0   47.140 -119.920    871.6    912.7
     1     1    17     8     1    14     0     0   -28.0   47.117 -119.920    887.3    910.6
     1     1    17     8     1    13     0     0   -29.0   47.049 -119.869    892.2    909.2
     1     1    17     8     1    12     0     0   -30.0   46.987 -119.943    862.9    912.6
     1     1    17     8     1    11     0     0   -31.0   47.020 -120.030    843.7    915.4
     1     1    17     8     1    10     0     0   -32.0   47.108 -120.054    844.5    914.7
     1     1    17     8     1     9     0     0   -33.0   47.127 -120.070    830.8    916.9
     1     1    17     8     1     8     0     0   -34.0   47.081 -120.061    825.0    917.2
     1     1    17     8     1     7     0     0   -35.0   47.036 -120.028    813.6    917.5
     1     1    17     8     1     6     0     0   -36.0   46.983 -120.005    795.3    920.9
     1     1    17     8     1     5     0     0   -37.0   46.929 -119.989    794.7    922.3
     1     1    17     8     1     4     0     0   -38.0   46.887 -119.981    805.0    919.0
     1     1    17     8     1     3     0     0   -39.0   46.849 -119.983    799.7    919.1
     1     1    17     8     1     2     0     0   -40.0   46.819 -119.967    787.4    921.8
     1     1    17     8     1     1     0     0   -41.0   46.787 -119.946    784.8    922.4
     1     1    17     8     1     0     0     0   -42.0   46.741 -119.948    791.1    921.5
     1     1    17     7    31    23     0     0   -43.0   46.739 -119.975    801.9    920.1
     1     1    17     7    31    22     0     0   -44.0   46.753 -120.046    808.5    917.3
     1     1    17     7    31    21     0     0   -45.0   46.751 -120.109    794.2    920.9
     1     1    17     7    31    20     0     0   -46.0   46.765 -120.143    792.7    921.5
     1     1    17     7    31    19     0     0   -47.0   46.751 -120.158    784.0    920.6
     1     1    17     7    31    18     0     0   -48.0   46.689 -120.118    784.4    923.2
     1     1    17     7    31    17     0     0   -49.0   46.610 -120.040    804.9    918.7
     1     1    17     7    31    16     0     0   -50.0   46.524 -119.994    786.6    921.5
     1     1    17     7    31    15     0     0   -51.0   46.435 -119.955    779.5    922.3
     1     1    17     7    31    14     0     0   -52.0   46.331 -119.906    766.6    923.6
     1     1    17     7    31    13     0     0   -53.0   46.218 -119.876    754.0    924.8
     1     1    17     7    31    12     0     0   -54.0   46.121 -119.864    730.4    927.2
     1     1    17     7    31    11     0     0   -55.0   46.036 -119.832    712.1    930.2
     1     1    17     7    31    10     0     0   -56.0   45.996 -119.757    694.8    932.4
     1     1    17     7    31     9     0     0   -57.0   45.970 -119.714    690.9    933.9
     1     1    17     7    31     8     0     0   -58.0   45.921 -119.709    691.6    932.6
     1     1    17     7    31     7     0     0   -59.0   45.887 -119.686    683.4    932.1
     1     1    17     7    31     6     0     0   -60.0   45.873 -119.643    679.4    935.1
     1     1    17     7    31     5     0     0   -61.0   45.863 -119.654    684.9    933.1
     1     1    17     7    31     4     0     0   -62.0   45.820 -119.678    696.1    932.2
     1     1    17     7    31     3     0     0   -63.0   45.732 -119.619    675.3    933.5
     1     1    17     7    31     2     0     0   -64.0   45.634 -119.541    651.4    936.7
     1     1    17     7    31     1     0     0   -65.0   45.544 -119.517    631.9    940.3
     1     1    17     7    31     0     0     0   -66.0   45.509 -119.491    634.3    939.3
     1     1    17     7    30    23     0     0   -67.0   45.577 -119.511    633.1    939.4
     1     1    17     7    30    22     0     0   -68.0   45.707 -119.617    670.4    935.0
     1     1    17     7    30    21     0     0   -69.0   45.836 -119.754    674.9    935.4
     1     1    17     7    30    20     0     0   -70.0   45.947 -119.923    661.1    933.8
     1     1    17     7    30    19     0     0   -71.0   45.938 -120.008    645.8    939.0
     1     1    17     7    30    18     0     0   -72.0   45.820 -119.946    634.3    939.0
