     1     1
    SITE    10     3     1     0     0
     1 BACKWARD OMEGA   
    17     8     2    23   46.392 -119.412   700.0
     1 PRESSURE
     1     1    17     8     2    23     0     0     0.0   46.392 -119.412    700.0    931.4
     1     1    17     8     2    22     0     0    -1.0   46.410 -119.470    709.1    930.4
     1     1    17     8     2    21     0     0    -2.0   46.427 -119.541    711.8    928.6
     1     1    17     8     2    20     0     0    -3.0   46.454 -119.620    695.3    931.8
     1     1    17     8     2    19     0     0    -4.0   46.516 -119.679    714.3    934.7
     1     1    17     8     2    18     0     0    -5.0   46.548 -119.794    746.0    925.1
     1     1    17     8     2    17     0     0    -6.0   46.474 -119.879    764.9    924.8
     1     1    17     8     2    16     0     0    -7.0   46.464 -119.850    801.1    920.4
     1     1    17     8     2    15     0     0    -8.0   46.461 -119.830    821.7    917.2
     1     1    17     8     2    14     0     0    -9.0   46.325 -119.832    799.2    922.1
     1     1    17     8     2    13     0     0   -10.0   46.175 -119.833    820.0    917.7
     1     1    17     8     2    12     0     0   -11.0   46.014 -119.830    830.7    917.0
     1     1    17     8     2    11     0     0   -12.0   45.835 -119.823    857.7    914.7
     1     1    17     8     2    10     0     0   -13.0   45.739 -119.668    856.7    915.5
     1     1    17     8     2     9     0     0   -14.0   45.852 -119.538    887.9    909.9
     1     1    17     8     2     8     0     0   -15.0   46.073 -119.589    898.8    909.6
     1     1    17     8     2     7     0     0   -16.0   46.274 -119.692    902.8    908.5
     1     1    17     8     2     6     0     0   -17.0   46.440 -119.817    915.1    908.7
     1     1    17     8     2     5     0     0   -18.0   46.582 -119.912    956.0    903.2
     1     1    17     8     2     4     0     0   -19.0   46.717 -119.976    996.9    898.2
     1     1    17     8     2     3     0     0   -20.0   46.859 -120.051   1011.4    898.4
     1     1    17     8     2     2     0     0   -21.0   47.009 -120.164   1086.6    889.6
     1     1    17     8     2     1     0     0   -22.0   47.135 -120.274   1099.9    888.0
     1     1    17     8     2     0     0     0   -23.0   47.210 -120.357   1112.9    885.9
     1     1    17     8     1    23     0     0   -24.0   47.224 -120.422   1121.4    885.0
     1     1    17     8     1    22     0     0   -25.0   47.207 -120.473   1126.3    884.1
     1     1    17     8     1    21     0     0   -26.0   47.210 -120.507   1127.7    884.4
     1     1    17     8     1    20     0     0   -27.0   47.230 -120.547   1125.3    884.2
     1     1    17     8     1    19     0     0   -28.0   47.227 -120.596   1113.5    885.2
     1     1    17     8     1    18     0     0   -29.0   47.248 -120.567   1110.4    887.0
     1     1    17     8     1    17     0     0   -30.0   47.324 -120.448   1109.6    887.2
