     1     1
    SITE    10     3     1     0     0
     1 BACKWARD OMEGA   
    17     8     5    21   46.392 -119.412   700.0
     1 PRESSURE
     1     1    17     8     5    21     0     0     0.0   46.392 -119.412    700.0    931.4
     1     1    17     8     5    20     0     0    -1.0   46.346 -119.450    681.3    933.6
     1     1    17     8     5    19     0     0    -2.0   46.291 -119.491    662.5    936.5
     1     1    17     8     5    18     0     0    -3.0   46.232 -119.510    644.0    937.5
     1     1    17     8     5    17     0     0    -4.0   46.149 -119.495    614.7    940.8
     1     1    17     8     5    16     0     0    -5.0   46.065 -119.429    605.7    942.3
     1     1    17     8     5    15     0     0    -6.0   46.027 -119.325    603.5    942.5
     1     1    17     8     5    14     0     0    -7.0   46.040 -119.308    602.4    942.7
     1     1    17     8     5    13     0     0    -8.0   46.044 -119.291    585.3    943.4
     1     1    17     8     5    12     0     0    -9.0   46.026 -119.176    568.9    946.1
     1     1    17     8     5    11     0     0   -10.0   45.964 -119.113    561.2    946.8
     1     1    17     8     5    10     0     0   -11.0   45.860 -119.120    543.8    949.0
     1     1    17     8     5     9     0     0   -12.0   45.782 -119.122    541.8    949.4
     1     1    17     8     5     8     0     0   -13.0   45.747 -119.137    547.6    948.4
     1     1    17     8     5     7     0     0   -14.0   45.720 -119.149    546.7    948.2
     1     1    17     8     5     6     0     0   -15.0   45.691 -119.117    545.8    948.5
     1     1    17     8     5     5     0     0   -16.0   45.683 -119.109    543.4    949.1
     1     1    17     8     5     4     0     0   -17.0   45.656 -119.117    542.7    949.1
     1     1    17     8     5     3     0     0   -18.0   45.595 -119.090    542.0    948.7
     1     1    17     8     5     2     0     0   -19.0   45.519 -119.067    534.7    950.1
     1     1    17     8     5     1     0     0   -20.0   45.446 -119.048    527.4    950.3
     1     1    17     8     5     0     0     0   -21.0   45.395 -118.990    504.5    953.5
