     1     1
    SITE    10     3     1     0     0
     1 BACKWARD OMEGA   
    17     8    13    23   46.392 -119.412   700.0
     1 PRESSURE
     1     1    17     8    13    23     0     0     0.0   46.392 -119.412    700.0    931.4
     1     1    17     8    13    22     0     0    -1.0   46.321 -119.412    706.2    930.7
     1     1    17     8    13    21     0     0    -2.0   46.351 -119.515    702.0    931.0
     1     1    17     8    13    20     0     0    -3.0   46.515 -119.698    684.0    933.5
     1     1    17     8    13    19     0     0    -4.0   46.668 -119.856    709.9    930.5
     1     1    17     8    13    18     0     0    -5.0   46.783 -120.023    721.9    928.4
     1     1    17     8    13    17     0     0    -6.0   46.882 -120.233    747.9    926.2
     1     1    17     8    13    16     0     0    -7.0   46.859 -120.441    731.0    927.4
     1     1    17     8    13    15     0     0    -8.0   46.709 -120.577    743.6    927.6
     1     1    17     8    13    14     0     0    -9.0   46.533 -120.624    769.7    923.9
     1     1    17     8    13    13     0     0   -10.0   46.362 -120.654    782.3    921.2
     1     1    17     8    13    12     0     0   -11.0   46.172 -120.704    765.9    924.6
     1     1    17     8    13    11     0     0   -12.0   45.959 -120.802    791.9    920.8
