     1     1
    SITE    10     3     1     0     0
     1 BACKWARD OMEGA   
    17     8     6     9   46.392 -119.412   700.0
     1 PRESSURE
     1     1    17     8     6     9     0     0     0.0   46.392 -119.412    700.0    931.4
     1     1    17     8     6     8     0     0    -1.0   46.350 -119.402    679.1    933.9
     1     1    17     8     6     7     0     0    -2.0   46.316 -119.408    674.9    935.7
     1     1    17     8     6     6     0     0    -3.0   46.283 -119.420    677.7    933.5
     1     1    17     8     6     5     0     0    -4.0   46.246 -119.408    674.9    934.2
     1     1    17     8     6     4     0     0    -5.0   46.213 -119.387    672.8    934.8
     1     1    17     8     6     3     0     0    -6.0   46.186 -119.398    670.5    934.6
     1     1    17     8     6     2     0     0    -7.0   46.156 -119.396    674.1    935.8
     1     1    17     8     6     1     0     0    -8.0   46.116 -119.395    679.0    933.1
     1     1    17     8     6     0     0     0    -9.0   46.086 -119.429    683.2    933.2
     1     1    17     8     5    23     0     0   -10.0   46.098 -119.470    681.6    933.1
     1     1    17     8     5    22     0     0   -11.0   46.105 -119.506    674.3    934.3
     1     1    17     8     5    21     0     0   -12.0   46.076 -119.536    661.8    935.6
     1     1    17     8     5    20     0     0   -13.0   46.029 -119.575    652.1    937.8
     1     1    17     8     5    19     0     0   -14.0   45.972 -119.617    654.5    937.0
     1     1    17     8     5    18     0     0   -15.0   45.913 -119.637    648.2    936.3
     1     1    17     8     5    17     0     0   -16.0   45.829 -119.621    631.8    939.4
     1     1    17     8     5    16     0     0   -17.0   45.745 -119.556    616.3    940.8
     1     1    17     8     5    15     0     0   -18.0   45.707 -119.454    599.6    942.7
     1     1    17     8     5    14     0     0   -19.0   45.719 -119.443    583.9    944.7
     1     1    17     8     5    13     0     0   -20.0   45.722 -119.428    595.9    945.5
     1     1    17     8     5    12     0     0   -21.0   45.702 -119.313    598.6    942.5
     1     1    17     8     5    11     0     0   -22.0   45.637 -119.253    572.2    946.1
     1     1    17     8     5    10     0     0   -23.0   45.536 -119.258    583.8    944.3
     1     1    17     8     5     9     0     0   -24.0   45.462 -119.263    586.3    944.3
     1     1    17     8     5     8     0     0   -25.0   45.428 -119.280    581.2    944.8
     1     1    17     8     5     7     0     0   -26.0   45.401 -119.293    578.4    945.8
     1     1    17     8     5     6     0     0   -27.0   45.372 -119.265    585.8    943.5
