     1     1
    SITE    10     3     1     0     0
     1 BACKWARD OMEGA   
    17     8    15    22   46.392 -119.412   700.0
     1 PRESSURE
     1     1    17     8    15    22     0     0     0.0   46.392 -119.412    700.0    931.4
     1     1    17     8    15    21     0     0    -1.0   46.354 -119.431    704.0    930.9
     1     1    17     8    15    20     0     0    -2.0   46.295 -119.454    712.7    929.8
     1     1    17     8    15    19     0     0    -3.0   46.222 -119.450    708.8    930.3
     1     1    17     8    15    18     0     0    -4.0   46.141 -119.414    706.4    931.5
     1     1    17     8    15    17     0     0    -5.0   46.052 -119.364    725.2    928.5
     1     1    17     8    15    16     0     0    -6.0   45.989 -119.297    733.7    927.6
     1     1    17     8    15    15     0     0    -7.0   45.927 -119.249    756.1    925.5
     1     1    17     8    15    14     0     0    -8.0   45.847 -119.231    768.2    923.4
     1     1    17     8    15    13     0     0    -9.0   45.766 -119.238    770.2    923.4
     1     1    17     8    15    12     0     0   -10.0   45.686 -119.272    783.6    922.1
     1     1    17     8    15    11     0     0   -11.0   45.622 -119.261    797.7    920.0
     1     1    17     8    15    10     0     0   -12.0   45.590 -119.291    785.6    921.5
     1     1    17     8    15     9     0     0   -13.0   45.563 -119.332    771.7    923.4
     1     1    17     8    15     8     0     0   -14.0   45.529 -119.344    763.8    923.8
     1     1    17     8    15     7     0     0   -15.0   45.500 -119.366    768.0    925.1
     1     1    17     8    15     6     0     0   -16.0   45.493 -119.375    775.1    921.9
     1     1    17     8    15     5     0     0   -17.0   45.488 -119.384    777.0    923.3
     1     1    17     8    15     4     0     0   -18.0   45.459 -119.388    777.0    921.8
     1     1    17     8    15     3     0     0   -19.0   45.450 -119.416    778.7    923.4
     1     1    17     8    15     2     0     0   -20.0   45.443 -119.416    784.5    921.3
     1     1    17     8    15     1     0     0   -21.0   45.438 -119.416    783.1    922.3
     1     1    17     8    15     0     0     0   -22.0   45.448 -119.468    785.3    921.5
     1     1    17     8    14    23     0     0   -23.0   45.454 -119.525    786.9    921.6
     1     1    17     8    14    22     0     0   -24.0   45.441 -119.586    787.6    921.3
     1     1    17     8    14    21     0     0   -25.0   45.399 -119.630    793.2    921.5
