     1     1
    SITE    10     3     1     0     0
     1 BACKWARD OMEGA   
    17     8    25     3   46.392 -119.412   700.0
     1 PRESSURE
     1     1    17     8    25     3     0     0     0.0   46.392 -119.412    700.0    931.4
     1     1    17     8    25     2     0     0    -1.0   46.387 -119.437    696.8    931.8
     1     1    17     8    25     1     0     0    -2.0   46.356 -119.461    693.8    931.5
     1     1    17     8    25     0     0     0    -3.0   46.304 -119.461    681.1    933.2
     1     1    17     8    24    23     0     0    -4.0   46.235 -119.446    669.3    935.3
     1     1    17     8    24    22     0     0    -5.0   46.196 -119.508    678.3    934.5
     1     1    17     8    24    21     0     0    -6.0   46.256 -119.668    703.7    930.6
     1     1    17     8    24    20     0     0    -7.0   46.444 -119.891    733.5    926.5
     1     1    17     8    24    19     0     0    -8.0   46.688 -120.146    737.3    927.7
     1     1    17     8    24    18     0     0    -9.0   46.926 -120.418    780.8    922.6
     1     1    17     8    24    17     0     0   -10.0   47.170 -120.697    825.4    916.3
