     1     1
    SITE    10     3     1     0     0
     1 BACKWARD OMEGA   
    17     8    26    16   46.392 -119.412   700.0
     1 PRESSURE
     1     1    17     8    26    16     0     0     0.0   46.392 -119.412    700.0    931.4
     1     1    17     8    26    15     0     0    -1.0   46.395 -119.325    706.6    930.6
     1     1    17     8    26    14     0     0    -2.0   46.399 -119.243    709.7    932.0
     1     1    17     8    26    13     0     0    -3.0   46.436 -119.152    708.9    929.0
     1     1    17     8    26    12     0     0    -4.0   46.468 -119.065    711.0    930.2
     1     1    17     8    26    11     0     0    -5.0   46.500 -118.982    721.6    929.2
     1     1    17     8    26    10     0     0    -6.0   46.531 -118.904    736.8    927.4
     1     1    17     8    26     9     0     0    -7.0   46.546 -118.911    740.9    924.9
     1     1    17     8    26     8     0     0    -8.0   46.522 -118.941    741.5    926.8
     1     1    17     8    26     7     0     0    -9.0   46.490 -118.933    746.4    925.9
     1     1    17     8    26     6     0     0   -10.0   46.477 -118.952    747.4    925.6
     1     1    17     8    26     5     0     0   -11.0   46.470 -118.955    750.5    926.2
     1     1    17     8    26     4     0     0   -12.0   46.467 -118.957    749.8    925.5
     1     1    17     8    26     3     0     0   -13.0   46.467 -118.984    745.6    926.0
     1     1    17     8    26     2     0     0   -14.0   46.455 -119.007    746.5    926.7
     1     1    17     8    26     1     0     0   -15.0   46.443 -119.032    749.9    925.2
     1     1    17     8    26     0     0     0   -16.0   46.417 -119.069    742.5    925.7
     1     1    17     8    25    23     0     0   -17.0   46.413 -119.119    738.2    926.9
     1     1    17     8    25    22     0     0   -18.0   46.420 -119.172    738.6    927.6
     1     1    17     8    25    21     0     0   -19.0   46.382 -119.224    736.6    926.7
     1     1    17     8    25    20     0     0   -20.0   46.321 -119.268    723.7    927.3
     1     1    17     8    25    19     0     0   -21.0   46.238 -119.277    704.3    931.5
     1     1    17     8    25    18     0     0   -22.0   46.131 -119.251    713.5    930.3
     1     1    17     8    25    17     0     0   -23.0   46.026 -119.226    735.5    927.9
     1     1    17     8    25    16     0     0   -24.0   45.938 -119.190    736.4    926.6
     1     1    17     8    25    15     0     0   -25.0   45.863 -119.141    718.0    929.6
     1     1    17     8    25    14     0     0   -26.0   45.783 -119.089    703.2    931.7
     1     1    17     8    25    13     0     0   -27.0   45.703 -119.077    709.9    929.9
     1     1    17     8    25    12     0     0   -28.0   45.643 -119.071    709.8    930.3
     1     1    17     8    25    11     0     0   -29.0   45.584 -119.051    717.4    929.5
     1     1    17     8    25    10     0     0   -30.0   45.529 -119.030    724.1    928.8
     1     1    17     8    25     9     0     0   -31.0   45.524 -118.980    725.0    927.2
     1     1    17     8    25     8     0     0   -32.0   45.532 -118.927    723.6    929.8
     1     1    17     8    25     7     0     0   -33.0   45.502 -118.896    733.3    928.0
     1     1    17     8    25     6     0     0   -34.0   45.477 -118.866    737.0    926.0
     1     1    17     8    25     5     0     0   -35.0   45.477 -118.822    736.2    927.6
     1     1    17     8    25     4     0     0   -36.0   45.472 -118.787    733.3    926.9
     1     1    17     8    25     3     0     0   -37.0   45.472 -118.787    730.2    928.4
     1     1    17     8    25     2     0     0   -38.0   45.467 -118.812    726.8    927.4
     1     1    17     8    25     1     0     0   -39.0   45.437 -118.837    717.8    929.4
     1     1    17     8    25     0     0     0   -40.0   45.386 -118.837    696.5    930.3
