     1     1
    SITE    10     3     1     0     0
     1 BACKWARD OMEGA   
    17     8    13     5   46.392 -119.412   700.0
     1 PRESSURE
     1     1    17     8    13     5     0     0     0.0   46.392 -119.412    700.0    931.4
     1     1    17     8    13     4     0     0    -1.0   46.418 -119.522    698.8    931.6
     1     1    17     8    13     3     0     0    -2.0   46.458 -119.607    701.2    931.2
     1     1    17     8    13     2     0     0    -3.0   46.453 -119.649    696.7    931.0
     1     1    17     8    13     1     0     0    -4.0   46.406 -119.659    695.5    932.6
     1     1    17     8    13     0     0     0    -5.0   46.332 -119.640    695.2    932.2
     1     1    17     8    12    23     0     0    -6.0   46.266 -119.601    701.1    930.9
     1     1    17     8    12    22     0     0    -7.0   46.218 -119.643    699.7    931.8
     1     1    17     8    12    21     0     0    -8.0   46.223 -119.793    695.9    931.3
     1     1    17     8    12    20     0     0    -9.0   46.232 -119.979    677.8    933.4
     1     1    17     8    12    19     0     0   -10.0   46.170 -120.030    642.8    938.2
     1     1    17     8    12    18     0     0   -11.0   46.083 -119.936    616.3    941.5
     1     1    17     8    12    17     0     0   -12.0   45.968 -119.858    578.8    945.8
     1     1    17     8    12    16     0     0   -13.0   45.826 -119.789    595.2    943.3
     1     1    17     8    12    15     0     0   -14.0   45.682 -119.720    614.9    942.1
     1     1    17     8    12    14     0     0   -15.0   45.552 -119.667    624.6    940.7
     1     1    17     8    12    13     0     0   -16.0   45.426 -119.654    637.7    938.1
