     1     1
    SITE    10     3     1     0     0
     1 BACKWARD OMEGA   
    17     8     8    23   46.392 -119.412   700.0
     1 PRESSURE
     1     1    17     8     8    23     0     0     0.0   46.392 -119.412    700.0    931.4
     1     1    17     8     8    22     0     0    -1.0   46.366 -119.465    699.7    931.4
     1     1    17     8     8    21     0     0    -2.0   46.343 -119.508    695.8    932.3
     1     1    17     8     8    20     0     0    -3.0   46.327 -119.537    697.0    931.8
     1     1    17     8     8    19     0     0    -4.0   46.301 -119.578    698.3    931.7
     1     1    17     8     8    18     0     0    -5.0   46.271 -119.564    700.7    931.8
     1     1    17     8     8    17     0     0    -6.0   46.266 -119.483    709.1    930.8
     1     1    17     8     8    16     0     0    -7.0   46.262 -119.391    726.2    929.5
     1     1    17     8     8    15     0     0    -8.0   46.250 -119.279    738.7    926.9
     1     1    17     8     8    14     0     0    -9.0   46.223 -119.160    735.3    926.9
     1     1    17     8     8    13     0     0   -10.0   46.158 -119.060    724.7    928.9
     1     1    17     8     8    12     0     0   -11.0   46.078 -118.993    739.5    926.2
     1     1    17     8     8    11     0     0   -12.0   46.011 -118.947    735.7    927.6
     1     1    17     8     8    10     0     0   -13.0   45.961 -118.933    735.0    927.2
     1     1    17     8     8     9     0     0   -14.0   45.925 -118.961    728.5    928.0
     1     1    17     8     8     8     0     0   -15.0   45.896 -118.959    726.1    929.3
     1     1    17     8     8     7     0     0   -16.0   45.856 -118.913    728.1    928.2
     1     1    17     8     8     6     0     0   -17.0   45.818 -118.892    727.5    928.0
     1     1    17     8     8     5     0     0   -18.0   45.806 -118.915    730.1    928.6
     1     1    17     8     8     4     0     0   -19.0   45.797 -118.910    734.9    926.8
     1     1    17     8     8     3     0     0   -20.0   45.760 -118.869    733.3    927.6
     1     1    17     8     8     2     0     0   -21.0   45.721 -118.851    729.3    928.0
     1     1    17     8     8     1     0     0   -22.0   45.705 -118.823    727.7    928.6
     1     1    17     8     8     0     0     0   -23.0   45.674 -118.817    717.7    928.1
     1     1    17     8     7    23     0     0   -24.0   45.626 -118.843    709.5    931.6
     1     1    17     8     7    22     0     0   -25.0   45.643 -118.862    705.9    930.0
     1     1    17     8     7    21     0     0   -26.0   45.663 -118.903    702.3    931.0
     1     1    17     8     7    20     0     0   -27.0   45.620 -118.950    701.9    932.0
     1     1    17     8     7    19     0     0   -28.0   45.570 -118.977    699.7    930.8
     1     1    17     8     7    18     0     0   -29.0   45.515 -118.978    690.9    932.4
     1     1    17     8     7    17     0     0   -30.0   45.450 -118.956    686.9    933.9
     1     1    17     8     7    16     0     0   -31.0   45.368 -118.928    684.2    933.4
