     1     1
    SITE    10     3     1     0     0
     1 BACKWARD OMEGA   
    17     8    29    17   46.392 -119.412   700.0
     1 PRESSURE
     1     1    17     8    29    17     0     0     0.0   46.392 -119.412    700.0    931.4
     1     1    17     8    29    16     0     0    -1.0   46.316 -119.359    694.7    932.0
     1     1    17     8    29    15     0     0    -2.0   46.224 -119.323    678.4    933.8
     1     1    17     8    29    14     0     0    -3.0   46.135 -119.289    668.9    935.1
     1     1    17     8    29    13     0     0    -4.0   46.058 -119.307    656.8    936.6
     1     1    17     8    29    12     0     0    -5.0   46.021 -119.376    664.2    935.8
     1     1    17     8    29    11     0     0    -6.0   45.992 -119.414    673.9    933.7
     1     1    17     8    29    10     0     0    -7.0   45.956 -119.379    666.5    934.6
     1     1    17     8    29     9     0     0    -8.0   45.966 -119.327    664.4    936.3
     1     1    17     8    29     8     0     0    -9.0   46.001 -119.298    665.6    935.7
     1     1    17     8    29     7     0     0   -10.0   46.005 -119.274    668.7    935.1
     1     1    17     8    29     6     0     0   -11.0   45.980 -119.253    669.0    935.2
     1     1    17     8    29     5     0     0   -12.0   45.955 -119.254    669.2    935.0
     1     1    17     8    29     4     0     0   -13.0   45.948 -119.287    667.6    935.3
     1     1    17     8    29     3     0     0   -14.0   45.976 -119.321    668.3    935.1
     1     1    17     8    29     2     0     0   -15.0   46.024 -119.352    666.0    935.6
     1     1    17     8    29     1     0     0   -16.0   46.038 -119.421    669.9    935.3
     1     1    17     8    29     0     0     0   -17.0   45.989 -119.474    678.2    934.7
     1     1    17     8    28    23     0     0   -18.0   45.920 -119.501    691.3    932.1
     1     1    17     8    28    22     0     0   -19.0   45.879 -119.543    685.3    932.8
     1     1    17     8    28    21     0     0   -20.0   45.875 -119.581    676.2    935.0
     1     1    17     8    28    20     0     0   -21.0   45.871 -119.655    670.8    934.5
     1     1    17     8    28    19     0     0   -22.0   45.843 -119.726    666.0    936.2
     1     1    17     8    28    18     0     0   -23.0   45.854 -119.782    672.1    933.5
     1     1    17     8    28    17     0     0   -24.0   45.923 -119.860    664.9    937.2
     1     1    17     8    28    16     0     0   -25.0   45.951 -119.956    653.5    936.7
     1     1    17     8    28    15     0     0   -26.0   45.989 -120.037    655.0    937.2
     1     1    17     8    28    14     0     0   -27.0   46.021 -120.002    671.7    934.9
     1     1    17     8    28    13     0     0   -28.0   46.050 -119.905    668.8    934.4
     1     1    17     8    28    12     0     0   -29.0   46.146 -119.858    653.9    937.1
     1     1    17     8    28    11     0     0   -30.0   46.259 -119.851    641.7    937.9
     1     1    17     8    28    10     0     0   -31.0   46.387 -119.884    653.7    939.0
     1     1    17     8    28     9     0     0   -32.0   46.533 -119.948    696.4    931.3
     1     1    17     8    28     8     0     0   -33.0   46.549 -119.991    689.6    932.7
     1     1    17     8    28     7     0     0   -34.0   46.484 -120.030    676.2    934.0
     1     1    17     8    28     6     0     0   -35.0   46.499 -120.100    659.0    936.4
     1     1    17     8    28     5     0     0   -36.0   46.553 -120.088    650.8    937.7
     1     1    17     8    28     4     0     0   -37.0   46.568 -120.016    646.5    938.6
     1     1    17     8    28     3     0     0   -38.0   46.528 -119.988    655.4    936.6
     1     1    17     8    28     2     0     0   -39.0   46.485 -119.968    658.0    935.9
     1     1    17     8    28     1     0     0   -40.0   46.437 -119.926    650.0    936.8
     1     1    17     8    28     0     0     0   -41.0   46.389 -119.879    653.1    938.7
     1     1    17     8    27    23     0     0   -42.0   46.354 -119.856    658.9    934.9
     1     1    17     8    27    22     0     0   -43.0   46.326 -119.873    656.3    936.8
     1     1    17     8    27    21     0     0   -44.0   46.316 -119.903    655.1    936.7
     1     1    17     8    27    20     0     0   -45.0   46.320 -119.950    647.7    937.0
     1     1    17     8    27    19     0     0   -46.0   46.319 -119.999    641.2    939.1
     1     1    17     8    27    18     0     0   -47.0   46.301 -120.036    637.7    938.7
     1     1    17     8    27    17     0     0   -48.0   46.261 -120.060    631.7    939.7
     1     1    17     8    27    16     0     0   -49.0   46.201 -120.080    634.0    940.2
     1     1    17     8    27    15     0     0   -50.0   46.194 -120.082    645.7    938.2
     1     1    17     8    27    14     0     0   -51.0   46.231 -120.030    634.8    937.0
     1     1    17     8    27    13     0     0   -52.0   46.250 -119.951    620.4    941.5
     1     1    17     8    27    12     0     0   -53.0   46.236 -119.874    612.5    941.9
     1     1    17     8    27    11     0     0   -54.0   46.195 -119.826    599.7    943.2
     1     1    17     8    27    10     0     0   -55.0   46.150 -119.808    589.2    944.1
     1     1    17     8    27     9     0     0   -56.0   46.106 -119.797    582.8    945.0
     1     1    17     8    27     8     0     0   -57.0   46.068 -119.777    578.2    945.1
     1     1    17     8    27     7     0     0   -58.0   46.042 -119.775    581.3    945.8
     1     1    17     8    27     6     0     0   -59.0   46.048 -119.802    587.0    943.9
     1     1    17     8    27     5     0     0   -60.0   46.078 -119.835    592.9    943.8
     1     1    17     8    27     4     0     0   -61.0   46.096 -119.876    595.1    942.9
     1     1    17     8    27     3     0     0   -62.0   46.096 -119.916    589.6    943.7
     1     1    17     8    27     2     0     0   -63.0   46.077 -119.957    591.4    944.8
     1     1    17     8    27     1     0     0   -64.0   46.039 -119.988    592.7    943.0
     1     1    17     8    27     0     0     0   -65.0   45.991 -120.023    591.6    944.1
     1     1    17     8    26    23     0     0   -66.0   45.958 -120.091    600.8    943.6
     1     1    17     8    26    22     0     0   -67.0   45.929 -120.126    609.6    941.4
     1     1    17     8    26    21     0     0   -68.0   45.922 -120.140    613.0    941.5
     1     1    17     8    26    20     0     0   -69.0   45.928 -120.174    615.8    941.1
     1     1    17     8    26    19     0     0   -70.0   45.910 -120.206    622.3    941.1
     1     1    17     8    26    18     0     0   -71.0   45.865 -120.227    633.1    939.6
     1     1    17     8    26    17     0     0   -72.0   45.867 -120.204    641.5    937.6
