     1     1
    SITE    10     3     1     0     0
     1 BACKWARD OMEGA   
    17     8    19     2   46.392 -119.412   700.0
     1 PRESSURE
     1     1    17     8    19     2     0     0     0.0   46.392 -119.412    700.0    931.4
     1     1    17     8    19     1     0     0    -1.0   46.348 -119.425    701.9    931.2
     1     1    17     8    19     0     0     0    -2.0   46.293 -119.445    704.4    930.3
     1     1    17     8    18    23     0     0    -3.0   46.282 -119.600    689.9    932.3
     1     1    17     8    18    22     0     0    -4.0   46.402 -119.824    681.6    934.7
     1     1    17     8    18    21     0     0    -5.0   46.605 -120.009    751.4    925.3
     1     1    17     8    18    20     0     0    -6.0   46.789 -120.234    769.0    923.8
     1     1    17     8    18    19     0     0    -7.0   46.958 -120.457    785.2    921.1
     1     1    17     8    18    18     0     0    -8.0   47.137 -120.662    829.2    916.5
     1     1    17     8    18    17     0     0    -9.0   47.324 -120.876    829.1    915.6
