     1     1
    SITE    10     3     1     0     0
     1 BACKWARD OMEGA   
    17     8     6     8   46.392 -119.412   700.0
     1 PRESSURE
     1     1    17     8     6     8     0     0     0.0   46.392 -119.412    700.0    931.4
     1     1    17     8     6     7     0     0    -1.0   46.357 -119.418    689.0    932.7
     1     1    17     8     6     6     0     0    -2.0   46.325 -119.430    691.4    932.0
     1     1    17     8     6     5     0     0    -3.0   46.288 -119.417    685.0    932.6
     1     1    17     8     6     4     0     0    -4.0   46.255 -119.395    677.4    934.7
     1     1    17     8     6     3     0     0    -5.0   46.228 -119.406    672.0    934.4
     1     1    17     8     6     2     0     0    -6.0   46.198 -119.404    675.9    936.0
     1     1    17     8     6     1     0     0    -7.0   46.158 -119.403    682.6    932.2
     1     1    17     8     6     0     0     0    -8.0   46.127 -119.438    684.6    932.9
     1     1    17     8     5    23     0     0    -9.0   46.139 -119.479    682.0    933.3
     1     1    17     8     5    22     0     0   -10.0   46.146 -119.516    678.5    933.8
     1     1    17     8     5    21     0     0   -11.0   46.117 -119.548    667.0    934.9
     1     1    17     8     5    20     0     0   -12.0   46.070 -119.586    649.3    937.1
     1     1    17     8     5    19     0     0   -13.0   46.014 -119.627    640.8    939.2
     1     1    17     8     5    18     0     0   -14.0   45.956 -119.645    635.6    938.8
     1     1    17     8     5    17     0     0   -15.0   45.874 -119.630    622.1    940.0
     1     1    17     8     5    16     0     0   -16.0   45.791 -119.562    603.4    942.2
     1     1    17     8     5    15     0     0   -17.0   45.754 -119.459    586.8    944.8
     1     1    17     8     5    14     0     0   -18.0   45.769 -119.448    583.7    944.4
     1     1    17     8     5    13     0     0   -19.0   45.773 -119.436    588.9    945.1
     1     1    17     8     5    12     0     0   -20.0   45.754 -119.317    588.3    943.7
     1     1    17     8     5    11     0     0   -21.0   45.691 -119.254    571.4    945.8
     1     1    17     8     5    10     0     0   -22.0   45.588 -119.259    569.5    946.9
     1     1    17     8     5     9     0     0   -23.0   45.513 -119.262    576.6    945.2
     1     1    17     8     5     8     0     0   -24.0   45.478 -119.279    571.7    945.8
     1     1    17     8     5     7     0     0   -25.0   45.451 -119.292    559.6    946.8
     1     1    17     8     5     6     0     0   -26.0   45.422 -119.264    555.2    948.0
     1     1    17     8     5     5     0     0   -27.0   45.415 -119.258    551.1    947.8
     1     1    17     8     5     4     0     0   -28.0   45.388 -119.264    544.3    948.9
