     1     1
    SITE    10     3     1     0     0
     1 BACKWARD OMEGA   
    17     8    28     8   46.392 -119.412   700.0
     1 PRESSURE
     1     1    17     8    28     8     0     0     0.0   46.392 -119.412    700.0    931.4
     1     1    17     8    28     7     0     0    -1.0   46.327 -119.453    713.9    929.8
     1     1    17     8    28     6     0     0    -2.0   46.340 -119.525    710.0    930.3
     1     1    17     8    28     5     0     0    -3.0   46.394 -119.515    694.6    930.7
     1     1    17     8    28     4     0     0    -4.0   46.410 -119.445    673.9    935.6
     1     1    17     8    28     3     0     0    -5.0   46.370 -119.418    678.4    934.1
     1     1    17     8    28     2     0     0    -6.0   46.327 -119.398    678.9    933.4
     1     1    17     8    28     1     0     0    -7.0   46.278 -119.357    675.6    934.8
     1     1    17     8    28     0     0     0    -8.0   46.231 -119.313    677.0    934.3
     1     1    17     8    27    23     0     0    -9.0   46.195 -119.289    673.7    933.9
     1     1    17     8    27    22     0     0   -10.0   46.167 -119.307    668.5    935.5
     1     1    17     8    27    21     0     0   -11.0   46.157 -119.337    669.3    935.7
     1     1    17     8    27    20     0     0   -12.0   46.159 -119.385    668.7    934.3
     1     1    17     8    27    19     0     0   -13.0   46.157 -119.435    664.6    935.4
     1     1    17     8    27    18     0     0   -14.0   46.139 -119.470    652.5    936.4
     1     1    17     8    27    17     0     0   -15.0   46.100 -119.495    642.2    939.6
     1     1    17     8    27    16     0     0   -16.0   46.043 -119.514    626.4    939.1
     1     1    17     8    27    15     0     0   -17.0   46.038 -119.514    609.4    943.2
     1     1    17     8    27    14     0     0   -18.0   46.077 -119.462    600.1    942.8
     1     1    17     8    27    13     0     0   -19.0   46.097 -119.381    597.6    943.6
     1     1    17     8    27    12     0     0   -20.0   46.082 -119.301    590.1    943.1
     1     1    17     8    27    11     0     0   -21.0   46.039 -119.253    583.7    945.1
     1     1    17     8    27    10     0     0   -22.0   45.994 -119.235    572.1    945.4
     1     1    17     8    27     9     0     0   -23.0   45.949 -119.224    562.3    947.7
     1     1    17     8    27     8     0     0   -24.0   45.911 -119.204    568.5    947.3
     1     1    17     8    27     7     0     0   -25.0   45.884 -119.202    577.6    944.6
     1     1    17     8    27     6     0     0   -26.0   45.889 -119.229    579.6    945.2
     1     1    17     8    27     5     0     0   -27.0   45.918 -119.262    581.0    945.0
     1     1    17     8    27     4     0     0   -28.0   45.936 -119.303    582.3    944.6
     1     1    17     8    27     3     0     0   -29.0   45.937 -119.342    578.7    944.8
     1     1    17     8    27     2     0     0   -30.0   45.919 -119.384    571.3    945.9
     1     1    17     8    27     1     0     0   -31.0   45.881 -119.415    574.2    946.6
     1     1    17     8    27     0     0     0   -32.0   45.833 -119.449    576.9    944.6
     1     1    17     8    26    23     0     0   -33.0   45.799 -119.516    575.5    946.0
     1     1    17     8    26    22     0     0   -34.0   45.773 -119.552    584.0    944.2
     1     1    17     8    26    21     0     0   -35.0   45.768 -119.569    587.5    943.5
     1     1    17     8    26    20     0     0   -36.0   45.775 -119.604    586.0    944.4
     1     1    17     8    26    19     0     0   -37.0   45.757 -119.635    585.1    944.6
     1     1    17     8    26    18     0     0   -38.0   45.712 -119.652    579.5    944.5
     1     1    17     8    26    17     0     0   -39.0   45.714 -119.629    586.3    947.0
     1     1    17     8    26    16     0     0   -40.0   45.774 -119.560    586.9    944.4
     1     1    17     8    26    15     0     0   -41.0   45.776 -119.473    579.0    944.3
     1     1    17     8    26    14     0     0   -42.0   45.780 -119.390    579.9    947.6
     1     1    17     8    26    13     0     0   -43.0   45.815 -119.300    591.3    942.5
     1     1    17     8    26    12     0     0   -44.0   45.848 -119.216    592.7    943.5
     1     1    17     8    26    11     0     0   -45.0   45.878 -119.134    604.3    943.9
     1     1    17     8    26    10     0     0   -46.0   45.907 -119.057    625.6    940.4
     1     1    17     8    26     9     0     0   -47.0   45.921 -119.065    634.8    937.9
     1     1    17     8    26     8     0     0   -48.0   45.896 -119.094    637.9    939.1
     1     1    17     8    26     7     0     0   -49.0   45.864 -119.087    637.3    938.0
     1     1    17     8    26     6     0     0   -50.0   45.852 -119.105    631.2    940.0
     1     1    17     8    26     5     0     0   -51.0   45.845 -119.108    618.6    940.3
     1     1    17     8    26     4     0     0   -52.0   45.842 -119.110    611.3    942.3
     1     1    17     8    26     3     0     0   -53.0   45.841 -119.136    616.7    941.9
     1     1    17     8    26     2     0     0   -54.0   45.829 -119.158    625.4    940.0
     1     1    17     8    26     1     0     0   -55.0   45.818 -119.183    628.0    939.6
     1     1    17     8    26     0     0     0   -56.0   45.792 -119.220    623.0    940.1
     1     1    17     8    25    23     0     0   -57.0   45.789 -119.269    620.8    941.5
     1     1    17     8    25    22     0     0   -58.0   45.797 -119.319    621.8    941.0
     1     1    17     8    25    21     0     0   -59.0   45.760 -119.369    617.2    940.1
     1     1    17     8    25    20     0     0   -60.0   45.701 -119.413    614.1    941.9
     1     1    17     8    25    19     0     0   -61.0   45.619 -119.421    612.5    941.3
     1     1    17     8    25    18     0     0   -62.0   45.516 -119.395    639.2    938.6
     1     1    17     8    25    17     0     0   -63.0   45.413 -119.368    642.6    937.9
