     1     1
    SITE    10     3     1     0     0
     1 BACKWARD OMEGA   
    17     8    13    10   46.392 -119.412   700.0
     1 PRESSURE
     1     1    17     8    13    10     0     0     0.0   46.392 -119.412    700.0    931.4
     1     1    17     8    13     9     0     0    -1.0   46.175 -119.572    708.8    930.3
     1     1    17     8    13     8     0     0    -2.0   45.978 -119.719    711.2    929.3
     1     1    17     8    13     7     0     0    -3.0   45.801 -119.787    691.8    932.6
     1     1    17     8    13     6     0     0    -4.0   45.675 -119.788    703.7    931.0
     1     1    17     8    13     5     0     0    -5.0   45.626 -119.844    693.8    932.0
     1     1    17     8    13     4     0     0    -6.0   45.654 -119.950    692.2    932.8
     1     1    17     8    13     3     0     0    -7.0   45.695 -120.032    699.6    931.6
     1     1    17     8    13     2     0     0    -8.0   45.690 -120.077    705.6    931.0
     1     1    17     8    13     1     0     0    -9.0   45.642 -120.088    695.4    930.6
     1     1    17     8    13     0     0     0   -10.0   45.565 -120.070    681.9    934.2
     1     1    17     8    12    23     0     0   -11.0   45.496 -120.034    697.0    931.9
     1     1    17     8    12    22     0     0   -12.0   45.450 -120.077    710.6    930.2
     1     1    17     8    12    21     0     0   -13.0   45.456 -120.224    721.0    928.9
     1     1    17     8    12    20     0     0   -14.0   45.462 -120.405    745.9    925.7
     1     1    17     8    12    19     0     0   -15.0   45.399 -120.457    749.4    925.2
