     1     1
    SITE    10     3     1     0     0
     1 BACKWARD OMEGA   
    17     8    16     9   46.392 -119.412   700.0
     1 PRESSURE
     1     1    17     8    16     9     0     0     0.0   46.392 -119.412    700.0    931.4
     1     1    17     8    16     8     0     0    -1.0   46.296 -119.402    714.0    929.8
     1     1    17     8    16     7     0     0    -2.0   46.251 -119.392    721.1    928.8
     1     1    17     8    16     6     0     0    -3.0   46.236 -119.418    722.9    928.7
     1     1    17     8    16     5     0     0    -4.0   46.205 -119.443    720.8    928.4
     1     1    17     8    16     4     0     0    -5.0   46.140 -119.434    717.2    930.9
     1     1    17     8    16     3     0     0    -6.0   46.082 -119.419    724.8    928.5
     1     1    17     8    16     2     0     0    -7.0   46.045 -119.394    724.1    927.9
     1     1    17     8    16     1     0     0    -8.0   46.005 -119.337    730.0    929.4
     1     1    17     8    16     0     0     0    -9.0   45.945 -119.283    729.7    926.2
     1     1    17     8    15    23     0     0   -10.0   45.885 -119.281    711.5    930.4
     1     1    17     8    15    22     0     0   -11.0   45.848 -119.293    703.0    931.5
     1     1    17     8    15    21     0     0   -12.0   45.810 -119.314    694.5    931.9
     1     1    17     8    15    20     0     0   -13.0   45.750 -119.335    685.0    932.8
     1     1    17     8    15    19     0     0   -14.0   45.674 -119.331    679.4    933.7
     1     1    17     8    15    18     0     0   -15.0   45.591 -119.294    676.4    934.4
     1     1    17     8    15    17     0     0   -16.0   45.502 -119.245    673.3    935.0
     1     1    17     8    15    16     0     0   -17.0   45.438 -119.178    683.3    933.4
     1     1    17     8    15    15     0     0   -18.0   45.376 -119.131    690.0    932.1
