     1     1
    SITE    10     3     1     0     0
     1 BACKWARD OMEGA   
    17     8     5    16   46.392 -119.412   700.0
     1 PRESSURE
     1     1    17     8     5    16     0     0     0.0   46.392 -119.412    700.0    931.4
     1     1    17     8     5    15     0     0    -1.0   46.355 -119.307    693.6    932.2
     1     1    17     8     5    14     0     0    -2.0   46.368 -119.294    705.2    931.3
     1     1    17     8     5    13     0     0    -3.0   46.373 -119.281    722.3    927.7
     1     1    17     8     5    12     0     0    -4.0   46.354 -119.165    727.3    928.5
     1     1    17     8     5    11     0     0    -5.0   46.291 -119.104    727.8    928.3
     1     1    17     8     5    10     0     0    -6.0   46.190 -119.109    725.0    928.5
     1     1    17     8     5     9     0     0    -7.0   46.113 -119.110    717.3    929.4
     1     1    17     8     5     8     0     0    -8.0   46.078 -119.126    714.6    929.8
     1     1    17     8     5     7     0     0    -9.0   46.052 -119.137    713.5    929.5
     1     1    17     8     5     6     0     0   -10.0   46.023 -119.106    712.8    929.8
     1     1    17     8     5     5     0     0   -11.0   46.016 -119.099    716.5    929.5
     1     1    17     8     5     4     0     0   -12.0   45.989 -119.109    718.4    929.2
     1     1    17     8     5     3     0     0   -13.0   45.930 -119.083    707.0    927.8
     1     1    17     8     5     2     0     0   -14.0   45.854 -119.059    682.0    933.7
     1     1    17     8     5     1     0     0   -15.0   45.777 -119.041    661.0    935.7
     1     1    17     8     5     0     0     0   -16.0   45.723 -118.984    633.0    939.4
     1     1    17     8     4    23     0     0   -17.0   45.665 -118.937    625.2    942.3
     1     1    17     8     4    22     0     0   -18.0   45.669 -118.964    630.9    939.9
     1     1    17     8     4    21     0     0   -19.0   45.752 -119.007    647.8    938.0
     1     1    17     8     4    20     0     0   -20.0   45.822 -119.038    664.7    935.1
     1     1    17     8     4    19     0     0   -21.0   45.839 -119.098    661.7    935.8
     1     1    17     8     4    18     0     0   -22.0   45.866 -119.113    662.7    937.0
     1     1    17     8     4    17     0     0   -23.0   45.940 -119.030    641.3    937.7
     1     1    17     8     4    16     0     0   -24.0   45.973 -119.011    616.4    941.6
     1     1    17     8     4    15     0     0   -25.0   46.003 -119.077    610.7    942.7
     1     1    17     8     4    14     0     0   -26.0   46.016 -119.160    621.6    941.3
     1     1    17     8     4    13     0     0   -27.0   45.965 -119.243    618.6    940.6
     1     1    17     8     4    12     0     0   -28.0   45.946 -119.321    611.0    942.1
     1     1    17     8     4    11     0     0   -29.0   45.940 -119.418    613.2    941.1
     1     1    17     8     4    10     0     0   -30.0   45.907 -119.570    619.9    939.8
     1     1    17     8     4     9     0     0   -31.0   45.915 -119.728    594.0    944.3
     1     1    17     8     4     8     0     0   -32.0   45.944 -119.810    588.5    944.1
     1     1    17     8     4     7     0     0   -33.0   45.945 -119.857    581.4    945.2
     1     1    17     8     4     6     0     0   -34.0   45.951 -119.897    578.8    945.4
     1     1    17     8     4     5     0     0   -35.0   45.935 -119.952    589.9    945.3
     1     1    17     8     4     4     0     0   -36.0   45.873 -119.950    601.3    941.9
     1     1    17     8     4     3     0     0   -37.0   45.827 -119.880    594.3    943.9
     1     1    17     8     4     2     0     0   -38.0   45.793 -119.865    599.3    943.4
     1     1    17     8     4     1     0     0   -39.0   45.742 -119.862    610.2    941.5
     1     1    17     8     4     0     0     0   -40.0   45.687 -119.833    615.3    940.6
     1     1    17     8     3    23     0     0   -41.0   45.657 -119.801    619.5    941.6
     1     1    17     8     3    22     0     0   -42.0   45.648 -119.740    622.5    939.2
     1     1    17     8     3    21     0     0   -43.0   45.609 -119.698    601.3    941.6
     1     1    17     8     3    20     0     0   -44.0   45.535 -119.706    587.3    944.3
     1     1    17     8     3    19     0     0   -45.0   45.466 -119.734    579.6    945.3
     1     1    17     8     3    18     0     0   -46.0   45.397 -119.744    568.0    945.6
