     1     1
    SITE    10     3     1     0     0
     1 BACKWARD OMEGA   
    17     8    14    15   46.392 -119.412   700.0
     1 PRESSURE
     1     1    17     8    14    15     0     0     0.0   46.392 -119.412    700.0    931.4
     1     1    17     8    14    14     0     0    -1.0   46.298 -119.351    712.1    930.0
     1     1    17     8    14    13     0     0    -2.0   46.203 -119.309    720.3    929.6
     1     1    17     8    14    12     0     0    -3.0   46.100 -119.270    725.4    927.6
     1     1    17     8    14    11     0     0    -4.0   45.996 -119.204    710.6    931.8
     1     1    17     8    14    10     0     0    -5.0   45.894 -119.146    735.7    926.3
     1     1    17     8    14     9     0     0    -6.0   45.793 -119.113    737.0    927.0
     1     1    17     8    14     8     0     0    -7.0   45.689 -119.134    718.9    928.9
     1     1    17     8    14     7     0     0    -8.0   45.600 -119.160    711.8    930.4
     1     1    17     8    14     6     0     0    -9.0   45.554 -119.163    716.9    929.3
     1     1    17     8    14     5     0     0   -10.0   45.542 -119.176    720.4    929.2
     1     1    17     8    14     4     0     0   -11.0   45.510 -119.201    723.6    928.6
     1     1    17     8    14     3     0     0   -12.0   45.447 -119.209    716.6    929.5
     1     1    17     8    14     2     0     0   -13.0   45.378 -119.201    696.7    930.5
