     1     1
    SITE    10     3     1     0     0
     1 BACKWARD OMEGA   
    17     8    21     7   46.392 -119.412   700.0
     1 PRESSURE
     1     1    17     8    21     7     0     0     0.0   46.392 -119.412    700.0    931.4
     1     1    17     8    21     6     0     0    -1.0   46.374 -119.371    699.2    931.5
     1     1    17     8    21     5     0     0    -2.0   46.362 -119.352    691.2    933.0
     1     1    17     8    21     4     0     0    -3.0   46.349 -119.336    689.8    932.8
     1     1    17     8    21     3     0     0    -4.0   46.335 -119.334    685.0    932.5
     1     1    17     8    21     2     0     0    -5.0   46.312 -119.366    687.0    934.1
     1     1    17     8    21     1     0     0    -6.0   46.284 -119.378    695.5    931.4
     1     1    17     8    21     0     0     0    -7.0   46.257 -119.404    693.7    932.0
     1     1    17     8    20    23     0     0    -8.0   46.279 -119.453    699.8    933.3
     1     1    17     8    20    22     0     0    -9.0   46.346 -119.487    703.3    931.2
     1     1    17     8    20    21     0     0   -10.0   46.367 -119.519    703.2    930.0
     1     1    17     8    20    20     0     0   -11.0   46.334 -119.552    697.7    931.7
     1     1    17     8    20    19     0     0   -12.0   46.286 -119.569    702.4    932.1
     1     1    17     8    20    18     0     0   -13.0   46.244 -119.514    702.5    929.6
     1     1    17     8    20    17     0     0   -14.0   46.209 -119.396    694.9    932.3
     1     1    17     8    20    16     0     0   -15.0   46.149 -119.314    714.1    929.7
     1     1    17     8    20    15     0     0   -16.0   46.062 -119.288    703.0    930.4
     1     1    17     8    20    14     0     0   -17.0   45.979 -119.270    699.5    931.9
     1     1    17     8    20    13     0     0   -18.0   45.917 -119.202    712.6    929.9
     1     1    17     8    20    12     0     0   -19.0   45.835 -119.162    708.1    930.9
     1     1    17     8    20    11     0     0   -20.0   45.730 -119.157    717.8    928.4
     1     1    17     8    20    10     0     0   -21.0   45.663 -119.165    706.1    931.1
     1     1    17     8    20     9     0     0   -22.0   45.610 -119.200    705.9    930.9
     1     1    17     8    20     8     0     0   -23.0   45.549 -119.228    711.3    929.9
     1     1    17     8    20     7     0     0   -24.0   45.484 -119.223    690.6    930.2
     1     1    17     8    20     6     0     0   -25.0   45.400 -119.170    671.5    935.7
