     1     1
    SITE    10     3     1     0     0
     1 BACKWARD OMEGA   
    17     8    12     6   46.392 -119.412   700.0
     1 PRESSURE
     1     1    17     8    12     6     0     0     0.0   46.392 -119.412    700.0    931.4
     1     1    17     8    12     5     0     0    -1.0   46.320 -119.410    708.7    930.4
     1     1    17     8    12     4     0     0    -2.0   46.184 -119.364    722.9    928.6
     1     1    17     8    12     3     0     0    -3.0   46.050 -119.399    715.2    930.4
     1     1    17     8    12     2     0     0    -4.0   45.969 -119.436    721.3    928.9
     1     1    17     8    12     1     0     0    -5.0   45.917 -119.486    711.1    930.0
     1     1    17     8    12     0     0     0    -6.0   45.886 -119.560    693.5    932.1
     1     1    17     8    11    23     0     0    -7.0   45.842 -119.603    679.7    933.9
     1     1    17     8    11    22     0     0    -8.0   45.760 -119.588    678.2    934.2
     1     1    17     8    11    21     0     0    -9.0   45.674 -119.574    679.2    934.3
     1     1    17     8    11    20     0     0   -10.0   45.589 -119.616    686.8    933.5
     1     1    17     8    11    19     0     0   -11.0   45.502 -119.684    700.9    931.7
     1     1    17     8    11    18     0     0   -12.0   45.423 -119.715    706.7    930.3
