     1     1
    SITE    10     3     1     0     0
     1 BACKWARD OMEGA   
    17     8     7    20   46.392 -119.412   700.0
     1 PRESSURE
     1     1    17     8     7    20     0     0     0.0   46.392 -119.412    700.0    931.4
     1     1    17     8     7    19     0     0    -1.0   46.340 -119.440    691.7    932.4
     1     1    17     8     7    18     0     0    -2.0   46.284 -119.442    687.2    931.7
     1     1    17     8     7    17     0     0    -3.0   46.217 -119.421    680.1    935.4
     1     1    17     8     7    16     0     0    -4.0   46.135 -119.395    685.9    932.8
     1     1    17     8     7    15     0     0    -5.0   46.038 -119.351    691.7    933.1
     1     1    17     8     7    14     0     0    -6.0   45.927 -119.300    713.4    929.8
     1     1    17     8     7    13     0     0    -7.0   45.802 -119.268    734.1    926.2
     1     1    17     8     7    12     0     0    -8.0   45.685 -119.241    718.4    929.7
     1     1    17     8     7    11     0     0    -9.0   45.588 -119.208    716.1    929.3
     1     1    17     8     7    10     0     0   -10.0   45.548 -119.149    711.9    929.9
     1     1    17     8     7     9     0     0   -11.0   45.536 -119.082    706.9    930.3
     1     1    17     8     7     8     0     0   -12.0   45.512 -119.029    699.1    931.0
     1     1    17     8     7     7     0     0   -13.0   45.485 -118.994    689.0    933.1
     1     1    17     8     7     6     0     0   -14.0   45.455 -118.992    690.4    933.2
     1     1    17     8     7     5     0     0   -15.0   45.425 -119.005    688.1    931.6
     1     1    17     8     7     4     0     0   -16.0   45.424 -119.020    682.2    934.3
     1     1    17     8     7     3     0     0   -17.0   45.452 -119.042    678.8    933.4
     1     1    17     8     7     2     0     0   -18.0   45.456 -119.073    672.8    934.8
     1     1    17     8     7     1     0     0   -19.0   45.436 -119.084    668.6    935.3
     1     1    17     8     7     0     0     0   -20.0   45.395 -119.094    678.3    935.3
