     1     1
    SITE    10     3     1     0     0
     1 BACKWARD OMEGA   
    17     8    13    21   46.392 -119.412   700.0
     1 PRESSURE
     1     1    17     8    13    21     0     0     0.0   46.392 -119.412    700.0    931.4
     1     1    17     8    13    20     0     0    -1.0   46.554 -119.602    695.0    932.0
     1     1    17     8    13    19     0     0    -2.0   46.706 -119.763    684.6    932.8
     1     1    17     8    13    18     0     0    -3.0   46.823 -119.934    673.6    933.3
     1     1    17     8    13    17     0     0    -4.0   46.922 -120.145    701.3    931.3
     1     1    17     8    13    16     0     0    -5.0   46.899 -120.356    702.1    929.6
     1     1    17     8    13    15     0     0    -6.0   46.748 -120.493    653.4    938.5
     1     1    17     8    13    14     0     0    -7.0   46.570 -120.542    665.1    935.5
     1     1    17     8    13    13     0     0    -8.0   46.400 -120.576    663.5    935.0
     1     1    17     8    13    12     0     0    -9.0   46.213 -120.628    630.7    940.4
     1     1    17     8    13    11     0     0   -10.0   45.998 -120.727    625.1    940.5
