     1     1
    SITE    10     3     1     0     0
     1 BACKWARD OMEGA   
    17     8    12    12   46.392 -119.412   700.0
     1 PRESSURE
     1     1    17     8    12    12     0     0     0.0   46.392 -119.412    700.0    931.4
     1     1    17     8    12    11     0     0    -1.0   46.266 -119.453    716.9    929.5
     1     1    17     8    12    10     0     0    -2.0   46.117 -119.498    699.0    931.1
     1     1    17     8    12     9     0     0    -3.0   45.987 -119.437    689.6    932.4
     1     1    17     8    12     8     0     0    -4.0   45.874 -119.385    696.4    931.5
     1     1    17     8    12     7     0     0    -5.0   45.780 -119.447    690.2    933.4
     1     1    17     8    12     6     0     0    -6.0   45.731 -119.541    703.9    931.8
     1     1    17     8    12     5     0     0    -7.0   45.661 -119.545    692.9    931.3
     1     1    17     8    12     4     0     0    -8.0   45.524 -119.503    695.3    931.9
     1     1    17     8    12     3     0     0    -9.0   45.387 -119.538    707.5    931.0
