     1     1
    SITE    10     3     1     0     0
     1 BACKWARD OMEGA   
    17     8    12     0   46.392 -119.412   700.0
     1 PRESSURE
     1     1    17     8    12     0     0     0     0.0   46.392 -119.412    700.0    931.4
     1     1    17     8    11    23     0     0    -1.0   46.347 -119.455    714.0    929.8
     1     1    17     8    11    22     0     0    -2.0   46.266 -119.440    716.5    929.2
     1     1    17     8    11    21     0     0    -3.0   46.181 -119.429    697.8    931.2
     1     1    17     8    11    20     0     0    -4.0   46.097 -119.473    656.7    936.5
     1     1    17     8    11    19     0     0    -5.0   46.011 -119.544    654.3    936.7
     1     1    17     8    11    18     0     0    -6.0   45.932 -119.573    656.2    936.6
     1     1    17     8    11    17     0     0    -7.0   45.850 -119.566    659.3    936.8
     1     1    17     8    11    16     0     0    -8.0   45.747 -119.538    661.7    934.9
     1     1    17     8    11    15     0     0    -9.0   45.672 -119.470    656.2    937.1
     1     1    17     8    11    14     0     0   -10.0   45.643 -119.367    657.1    936.9
     1     1    17     8    11    13     0     0   -11.0   45.590 -119.282    668.3    934.8
     1     1    17     8    11    12     0     0   -12.0   45.569 -119.213    657.2    936.7
     1     1    17     8    11    11     0     0   -13.0   45.557 -119.180    641.2    938.0
     1     1    17     8    11    10     0     0   -14.0   45.515 -119.143    624.8    940.4
     1     1    17     8    11     9     0     0   -15.0   45.531 -119.081    629.4    941.7
     1     1    17     8    11     8     0     0   -16.0   45.538 -119.066    624.0    938.5
     1     1    17     8    11     7     0     0   -17.0   45.507 -119.105    600.3    942.3
     1     1    17     8    11     6     0     0   -18.0   45.485 -119.132    598.4    944.9
     1     1    17     8    11     5     0     0   -19.0   45.446 -119.135    600.0    941.5
     1     1    17     8    11     4     0     0   -20.0   45.405 -119.172    593.1    944.6
     1     1    17     8    11     3     0     0   -21.0   45.389 -119.174    594.8    943.2
