     1     1
    SITE    10     3     1     0     0
     1 BACKWARD OMEGA   
    17     8     9    16   46.392 -119.412   700.0
     1 PRESSURE
     1     1    17     8     9    16     0     0     0.0   46.392 -119.412    700.0    931.4
     1     1    17     8     9    15     0     0    -1.0   46.401 -119.293    697.0    931.8
     1     1    17     8     9    14     0     0    -2.0   46.355 -119.230    704.4    930.6
     1     1    17     8     9    13     0     0    -3.0   46.277 -119.218    718.4    929.7
     1     1    17     8     9    12     0     0    -4.0   46.204 -119.173    731.1    927.6
     1     1    17     8     9    11     0     0    -5.0   46.145 -119.126    735.7    927.3
     1     1    17     8     9    10     0     0    -6.0   46.096 -119.101    744.7    926.7
     1     1    17     8     9     9     0     0    -7.0   46.049 -119.078    755.7    924.9
     1     1    17     8     9     8     0     0    -8.0   45.993 -119.064    754.9    924.0
     1     1    17     8     9     7     0     0    -9.0   45.928 -119.042    763.9    926.9
     1     1    17     8     9     6     0     0   -10.0   45.884 -119.018    778.9    920.3
     1     1    17     8     9     5     0     0   -11.0   45.865 -119.033    782.9    922.7
     1     1    17     8     9     4     0     0   -12.0   45.843 -119.061    785.2    920.6
     1     1    17     8     9     3     0     0   -13.0   45.815 -119.093    779.6    922.2
     1     1    17     8     9     2     0     0   -14.0   45.807 -119.140    779.0    922.4
     1     1    17     8     9     1     0     0   -15.0   45.789 -119.166    771.8    921.9
     1     1    17     8     9     0     0     0   -16.0   45.766 -119.208    757.3    926.4
     1     1    17     8     8    23     0     0   -17.0   45.754 -119.264    751.9    925.5
     1     1    17     8     8    22     0     0   -18.0   45.727 -119.317    747.3    925.5
     1     1    17     8     8    21     0     0   -19.0   45.704 -119.359    743.1    926.7
     1     1    17     8     8    20     0     0   -20.0   45.688 -119.387    750.4    926.6
     1     1    17     8     8    19     0     0   -21.0   45.662 -119.427    761.4    923.8
     1     1    17     8     8    18     0     0   -22.0   45.630 -119.411    759.1    924.1
     1     1    17     8     8    17     0     0   -23.0   45.625 -119.332    739.9    926.4
     1     1    17     8     8    16     0     0   -24.0   45.622 -119.244    718.7    929.5
     1     1    17     8     8    15     0     0   -25.0   45.608 -119.132    706.1    932.1
     1     1    17     8     8    14     0     0   -26.0   45.580 -119.015    692.4    931.5
     1     1    17     8     8    13     0     0   -27.0   45.515 -118.920    678.7    933.9
     1     1    17     8     8    12     0     0   -28.0   45.434 -118.850    659.6    935.1
