     1     1
    SITE    10     3     1     0     0
     1 BACKWARD OMEGA   
    17     8    11    15   46.392 -119.412   700.0
     1 PRESSURE
     1     1    17     8    11    15     0     0     0.0   46.392 -119.412    700.0    931.4
     1     1    17     8    11    14     0     0    -1.0   46.363 -119.303    690.9    932.5
     1     1    17     8    11    13     0     0    -2.0   46.312 -119.216    697.6    931.1
     1     1    17     8    11    12     0     0    -3.0   46.290 -119.148    692.6    932.6
     1     1    17     8    11    11     0     0    -4.0   46.277 -119.118    693.3    932.6
     1     1    17     8    11    10     0     0    -5.0   46.233 -119.077    695.6    933.0
     1     1    17     8    11     9     0     0    -6.0   46.250 -119.012    684.7    932.6
     1     1    17     8    11     8     0     0    -7.0   46.256 -118.998    665.3    935.1
     1     1    17     8    11     7     0     0    -8.0   46.228 -119.037    659.2    937.5
     1     1    17     8    11     6     0     0    -9.0   46.207 -119.064    660.6    935.9
     1     1    17     8    11     5     0     0   -10.0   46.168 -119.064    663.4    935.1
     1     1    17     8    11     4     0     0   -11.0   46.126 -119.099    671.2    936.0
     1     1    17     8    11     3     0     0   -12.0   46.110 -119.100    681.9    932.5
     1     1    17     8    11     2     0     0   -13.0   46.094 -119.079    681.3    933.9
     1     1    17     8    11     1     0     0   -14.0   46.045 -119.066    684.1    933.3
     1     1    17     8    11     0     0     0   -15.0   45.992 -119.065    687.6    932.6
     1     1    17     8    10    23     0     0   -16.0   45.954 -119.123    680.0    932.5
     1     1    17     8    10    22     0     0   -17.0   45.980 -119.185    678.7    936.8
     1     1    17     8    10    21     0     0   -18.0   46.005 -119.226    688.3    932.7
     1     1    17     8    10    20     0     0   -19.0   45.976 -119.269    692.7    932.4
     1     1    17     8    10    19     0     0   -20.0   45.951 -119.312    688.6    931.7
     1     1    17     8    10    18     0     0   -21.0   45.903 -119.334    669.8    934.1
     1     1    17     8    10    17     0     0   -22.0   45.864 -119.283    664.2    936.2
     1     1    17     8    10    16     0     0   -23.0   45.857 -119.185    678.2    934.9
     1     1    17     8    10    15     0     0   -24.0   45.859 -119.083    691.3    932.2
     1     1    17     8    10    14     0     0   -25.0   45.873 -118.980    718.1    929.3
     1     1    17     8    10    13     0     0   -26.0   45.869 -118.877    736.3    927.2
     1     1    17     8    10    12     0     0   -27.0   45.838 -118.801    746.7    925.9
     1     1    17     8    10    11     0     0   -28.0   45.793 -118.770    748.4    925.5
     1     1    17     8    10    10     0     0   -29.0   45.741 -118.753    744.9    926.3
     1     1    17     8    10     9     0     0   -30.0   45.691 -118.723    745.9    926.6
     1     1    17     8    10     8     0     0   -31.0   45.629 -118.683    736.4    925.6
     1     1    17     8    10     7     0     0   -32.0   45.563 -118.658    733.7    927.7
     1     1    17     8    10     6     0     0   -33.0   45.522 -118.634    731.1    926.8
     1     1    17     8    10     5     0     0   -34.0   45.500 -118.633    726.4    929.2
     1     1    17     8    10     4     0     0   -35.0   45.475 -118.651    729.1    928.1
     1     1    17     8    10     3     0     0   -36.0   45.431 -118.643    724.9    927.4
     1     1    17     8    10     2     0     0   -37.0   45.402 -118.665    714.0    930.4
     1     1    17     8    10     1     0     0   -38.0   45.396 -118.716    713.9    931.2
