     1     1
    SITE    10     3     1     0     0
     1 BACKWARD OMEGA   
    17     8    27     1   46.392 -119.412   700.0
     1 PRESSURE
     1     1    17     8    27     1     0     0     0.0   46.392 -119.412    700.0    931.4
     1     1    17     8    27     0     0     0    -1.0   46.344 -119.445    714.4    929.7
     1     1    17     8    26    23     0     0    -2.0   46.308 -119.512    716.7    928.1
     1     1    17     8    26    22     0     0    -3.0   46.280 -119.548    711.5    930.9
     1     1    17     8    26    21     0     0    -4.0   46.274 -119.563    711.5    930.0
     1     1    17     8    26    20     0     0    -5.0   46.281 -119.598    720.2    928.7
     1     1    17     8    26    19     0     0    -6.0   46.264 -119.628    724.0    928.3
     1     1    17     8    26    18     0     0    -7.0   46.220 -119.648    714.4    928.4
     1     1    17     8    26    17     0     0    -8.0   46.224 -119.620    698.7    932.3
     1     1    17     8    26    16     0     0    -9.0   46.287 -119.546    690.7    932.8
     1     1    17     8    26    15     0     0   -10.0   46.291 -119.459    689.6    932.5
     1     1    17     8    26    14     0     0   -11.0   46.295 -119.377    687.6    931.1
     1     1    17     8    26    13     0     0   -12.0   46.330 -119.286    691.9    932.4
     1     1    17     8    26    12     0     0   -13.0   46.363 -119.199    701.3    931.4
     1     1    17     8    26    11     0     0   -14.0   46.396 -119.114    717.5    930.1
     1     1    17     8    26    10     0     0   -15.0   46.428 -119.037    734.9    927.3
     1     1    17     8    26     9     0     0   -16.0   46.442 -119.043    741.4    925.8
     1     1    17     8    26     8     0     0   -17.0   46.418 -119.071    737.1    927.3
     1     1    17     8    26     7     0     0   -18.0   46.386 -119.064    736.2    927.5
     1     1    17     8    26     6     0     0   -19.0   46.373 -119.083    733.3    927.0
     1     1    17     8    26     5     0     0   -20.0   46.367 -119.087    732.7    928.3
     1     1    17     8    26     4     0     0   -21.0   46.365 -119.091    732.7    927.5
     1     1    17     8    26     3     0     0   -22.0   46.365 -119.117    728.8    927.7
     1     1    17     8    26     2     0     0   -23.0   46.353 -119.140    732.2    928.4
     1     1    17     8    26     1     0     0   -24.0   46.341 -119.165    740.0    926.5
     1     1    17     8    26     0     0     0   -25.0   46.316 -119.201    740.4    926.2
     1     1    17     8    25    23     0     0   -26.0   46.312 -119.250    738.4    927.3
     1     1    17     8    25    22     0     0   -27.0   46.319 -119.301    743.5    926.7
     1     1    17     8    25    21     0     0   -28.0   46.280 -119.349    770.4    925.3
     1     1    17     8    25    20     0     0   -29.0   46.217 -119.390    792.6    918.4
     1     1    17     8    25    19     0     0   -30.0   46.133 -119.398    797.9    921.1
     1     1    17     8    25    18     0     0   -31.0   46.028 -119.370    820.6    918.3
     1     1    17     8    25    17     0     0   -32.0   45.924 -119.344    845.1    915.0
     1     1    17     8    25    16     0     0   -33.0   45.835 -119.306    843.2    915.5
     1     1    17     8    25    15     0     0   -34.0   45.760 -119.257    849.1    915.2
     1     1    17     8    25    14     0     0   -35.0   45.681 -119.204    865.0    913.7
     1     1    17     8    25    13     0     0   -36.0   45.600 -119.192    873.2    912.0
     1     1    17     8    25    12     0     0   -37.0   45.539 -119.186    870.7    912.6
     1     1    17     8    25    11     0     0   -38.0   45.479 -119.169    841.6    914.5
     1     1    17     8    25    10     0     0   -39.0   45.423 -119.149    812.8    919.7
     1     1    17     8    25     9     0     0   -40.0   45.417 -119.098    824.8    918.2
     1     1    17     8    25     8     0     0   -41.0   45.423 -119.046    825.8    915.9
     1     1    17     8    25     7     0     0   -42.0   45.394 -119.014    822.0    918.5
