     1     1
    SITE    10     3     1     0     0
     1 BACKWARD OMEGA   
    17     8    12    21   46.392 -119.412   700.0
     1 PRESSURE
     1     1    17     8    12    21     0     0     0.0   46.392 -119.412    700.0    931.4
     1     1    17     8    12    20     0     0    -1.0   46.398 -119.596    749.9    925.7
     1     1    17     8    12    19     0     0    -2.0   46.334 -119.647    758.8    924.2
     1     1    17     8    12    18     0     0    -3.0   46.246 -119.554    749.4    925.9
     1     1    17     8    12    17     0     0    -4.0   46.131 -119.478    730.7    927.9
     1     1    17     8    12    16     0     0    -5.0   45.984 -119.413    752.3    925.4
     1     1    17     8    12    15     0     0    -6.0   45.836 -119.337    739.4    927.1
     1     1    17     8    12    14     0     0    -7.0   45.701 -119.278    715.4    930.6
     1     1    17     8    12    13     0     0    -8.0   45.573 -119.268    715.7    928.9
     1     1    17     8    12    12     0     0    -9.0   45.450 -119.299    669.3    935.8
