     1     1
    SITE    10     3     1     0     0
     1 BACKWARD OMEGA   
    17     8    13     4   46.392 -119.412   700.0
     1 PRESSURE
     1     1    17     8    13     4     0     0     0.0   46.392 -119.412    700.0    931.4
     1     1    17     8    13     3     0     0    -1.0   46.432 -119.496    682.4    933.5
     1     1    17     8    13     2     0     0    -2.0   46.426 -119.539    683.4    933.2
     1     1    17     8    13     1     0     0    -3.0   46.378 -119.548    679.3    933.8
     1     1    17     8    13     0     0     0    -4.0   46.304 -119.525    683.6    933.7
     1     1    17     8    12    23     0     0    -5.0   46.236 -119.487    679.5    933.5
     1     1    17     8    12    22     0     0    -6.0   46.188 -119.530    662.3    936.1
     1     1    17     8    12    21     0     0    -7.0   46.193 -119.680    646.8    937.4
     1     1    17     8    12    20     0     0    -8.0   46.200 -119.864    622.5    940.6
     1     1    17     8    12    19     0     0    -9.0   46.138 -119.914    593.5    943.4
     1     1    17     8    12    18     0     0   -10.0   46.052 -119.817    571.3    946.1
     1     1    17     8    12    17     0     0   -11.0   45.938 -119.736    573.2    945.1
     1     1    17     8    12    16     0     0   -12.0   45.793 -119.669    576.3    944.9
     1     1    17     8    12    15     0     0   -13.0   45.647 -119.597    551.0    947.9
     1     1    17     8    12    14     0     0   -14.0   45.514 -119.542    550.1    948.4
     1     1    17     8    12    13     0     0   -15.0   45.390 -119.540    555.7    947.4
