     1     1
    SITE    10     3     1     0     0
     1 BACKWARD OMEGA   
    17     8    11     2   46.392 -119.412   700.0
     1 PRESSURE
     1     1    17     8    11     2     0     0     0.0   46.392 -119.412    700.0    931.4
     1     1    17     8    11     1     0     0    -1.0   46.343 -119.398    700.2    931.4
     1     1    17     8    11     0     0     0    -2.0   46.289 -119.396    696.4    932.6
     1     1    17     8    10    23     0     0    -3.0   46.250 -119.453    695.8    932.1
     1     1    17     8    10    22     0     0    -4.0   46.275 -119.518    690.3    931.7
     1     1    17     8    10    21     0     0    -5.0   46.299 -119.564    676.3    934.4
     1     1    17     8    10    20     0     0    -6.0   46.270 -119.608    673.1    934.7
     1     1    17     8    10    19     0     0    -7.0   46.245 -119.651    671.9    934.9
     1     1    17     8    10    18     0     0    -8.0   46.198 -119.671    685.3    934.9
     1     1    17     8    10    17     0     0    -9.0   46.161 -119.621    687.9    932.5
     1     1    17     8    10    16     0     0   -10.0   46.155 -119.522    685.8    935.1
     1     1    17     8    10    15     0     0   -11.0   46.159 -119.419    688.5    932.5
     1     1    17     8    10    14     0     0   -12.0   46.174 -119.319    682.0    933.4
     1     1    17     8    10    13     0     0   -13.0   46.171 -119.215    663.9    935.6
     1     1    17     8    10    12     0     0   -14.0   46.143 -119.140    657.8    936.7
     1     1    17     8    10    11     0     0   -15.0   46.099 -119.110    648.0    935.9
     1     1    17     8    10    10     0     0   -16.0   46.047 -119.095    640.1    940.2
     1     1    17     8    10     9     0     0   -17.0   45.996 -119.064    644.4    937.7
     1     1    17     8    10     8     0     0   -18.0   45.932 -119.023    643.5    937.6
     1     1    17     8    10     7     0     0   -19.0   45.865 -118.998    644.6    938.2
     1     1    17     8    10     6     0     0   -20.0   45.824 -118.974    645.6    937.4
     1     1    17     8    10     5     0     0   -21.0   45.803 -118.975    642.6    938.1
     1     1    17     8    10     4     0     0   -22.0   45.779 -118.995    642.2    938.7
     1     1    17     8    10     3     0     0   -23.0   45.735 -118.989    646.9    938.2
     1     1    17     8    10     2     0     0   -24.0   45.708 -119.014    654.7    936.9
     1     1    17     8    10     1     0     0   -25.0   45.702 -119.066    660.7    935.7
     1     1    17     8    10     0     0     0   -26.0   45.670 -119.095    660.9    935.7
     1     1    17     8     9    23     0     0   -27.0   45.639 -119.147    656.3    936.0
     1     1    17     8     9    22     0     0   -28.0   45.598 -119.182    645.7    937.7
     1     1    17     8     9    21     0     0   -29.0   45.553 -119.190    636.2    939.3
     1     1    17     8     9    20     0     0   -30.0   45.543 -119.244    630.5    939.7
     1     1    17     8     9    19     0     0   -31.0   45.504 -119.277    626.2    940.6
     1     1    17     8     9    18     0     0   -32.0   45.492 -119.228    629.5    940.0
     1     1    17     8     9    17     0     0   -33.0   45.542 -119.111    659.4    936.5
     1     1    17     8     9    16     0     0   -34.0   45.587 -118.983    699.8    930.5
     1     1    17     8     9    15     0     0   -35.0   45.596 -118.867    710.2    930.1
     1     1    17     8     9    14     0     0   -36.0   45.551 -118.802    692.4    932.3
     1     1    17     8     9    13     0     0   -37.0   45.475 -118.791    670.4    934.7
     1     1    17     8     9    12     0     0   -38.0   45.405 -118.749    691.7    933.9
