     1     1
    SITE    10     3     1     0     0
     1 BACKWARD OMEGA   
    17     8    25    10   46.392 -119.412   700.0
     1 PRESSURE
     1     1    17     8    25    10     0     0     0.0   46.392 -119.412    700.0    931.4
     1     1    17     8    25     9     0     0    -1.0   46.386 -119.361    698.1    931.6
     1     1    17     8    25     8     0     0    -2.0   46.393 -119.308    701.5    930.6
     1     1    17     8    25     7     0     0    -3.0   46.363 -119.275    698.4    931.2
     1     1    17     8    25     6     0     0    -4.0   46.339 -119.244    684.3    932.6
     1     1    17     8    25     5     0     0    -5.0   46.340 -119.200    674.7    935.0
     1     1    17     8    25     4     0     0    -6.0   46.335 -119.164    669.1    934.9
     1     1    17     8    25     3     0     0    -7.0   46.335 -119.165    669.9    935.7
     1     1    17     8    25     2     0     0    -8.0   46.329 -119.190    674.8    933.9
     1     1    17     8    25     1     0     0    -9.0   46.298 -119.212    676.2    934.3
     1     1    17     8    25     0     0     0   -10.0   46.247 -119.211    681.9    933.9
     1     1    17     8    24    23     0     0   -11.0   46.181 -119.197    683.9    932.5
     1     1    17     8    24    22     0     0   -12.0   46.145 -119.259    681.0    933.3
     1     1    17     8    24    21     0     0   -13.0   46.204 -119.416    705.1    929.9
     1     1    17     8    24    20     0     0   -14.0   46.389 -119.641    715.2    931.4
     1     1    17     8    24    19     0     0   -15.0   46.631 -119.895    721.8    928.4
     1     1    17     8    24    18     0     0   -16.0   46.867 -120.158    705.5    930.8
     1     1    17     8    24    17     0     0   -17.0   47.114 -120.432    714.0    928.1
