     1     1
    SITE    10     3     1     0     0
     1 BACKWARD OMEGA   
    17     8    27    10   46.392 -119.412   700.0
     1 PRESSURE
     1     1    17     8    27    10     0     0     0.0   46.392 -119.412    700.0    931.4
     1     1    17     8    27     9     0     0    -1.0   46.346 -119.402    693.9    932.1
     1     1    17     8    27     8     0     0    -2.0   46.309 -119.384    682.9    931.8
     1     1    17     8    27     7     0     0    -3.0   46.283 -119.380    669.0    936.2
     1     1    17     8    27     6     0     0    -4.0   46.287 -119.407    674.5    935.8
     1     1    17     8    27     5     0     0    -5.0   46.317 -119.441    682.6    932.8
     1     1    17     8    27     4     0     0    -6.0   46.335 -119.482    683.5    933.2
     1     1    17     8    27     3     0     0    -7.0   46.336 -119.522    689.6    933.6
     1     1    17     8    27     2     0     0    -8.0   46.316 -119.563    708.2    930.9
     1     1    17     8    27     1     0     0    -9.0   46.278 -119.593    717.3    927.9
     1     1    17     8    27     0     0     0   -10.0   46.229 -119.627    708.8    929.6
     1     1    17     8    26    23     0     0   -11.0   46.195 -119.695    697.1    931.9
     1     1    17     8    26    22     0     0   -12.0   46.167 -119.731    692.5    933.0
     1     1    17     8    26    21     0     0   -13.0   46.161 -119.747    698.2    932.4
     1     1    17     8    26    20     0     0   -14.0   46.167 -119.782    700.1    930.7
     1     1    17     8    26    19     0     0   -15.0   46.149 -119.813    702.1    932.0
     1     1    17     8    26    18     0     0   -16.0   46.105 -119.832    706.7    930.0
     1     1    17     8    26    17     0     0   -17.0   46.106 -119.808    723.8    931.0
     1     1    17     8    26    16     0     0   -18.0   46.168 -119.735    700.6    932.1
     1     1    17     8    26    15     0     0   -19.0   46.170 -119.647    709.8    930.9
     1     1    17     8    26    14     0     0   -20.0   46.174 -119.561    704.2    928.6
     1     1    17     8    26    13     0     0   -21.0   46.211 -119.470    707.4    932.3
     1     1    17     8    26    12     0     0   -22.0   46.244 -119.384    731.6    927.4
     1     1    17     8    26    11     0     0   -23.0   46.275 -119.301    749.3    926.3
     1     1    17     8    26    10     0     0   -24.0   46.304 -119.225    767.3    923.3
     1     1    17     8    26     9     0     0   -25.0   46.319 -119.232    779.6    922.2
     1     1    17     8    26     8     0     0   -26.0   46.294 -119.259    785.9    920.9
     1     1    17     8    26     7     0     0   -27.0   46.262 -119.250    785.7    921.6
     1     1    17     8    26     6     0     0   -28.0   46.250 -119.269    785.6    921.9
     1     1    17     8    26     5     0     0   -29.0   46.244 -119.273    784.0    921.8
     1     1    17     8    26     4     0     0   -30.0   46.242 -119.276    779.2    922.9
     1     1    17     8    26     3     0     0   -31.0   46.242 -119.302    775.7    922.8
     1     1    17     8    26     2     0     0   -32.0   46.229 -119.324    779.1    923.0
     1     1    17     8    26     1     0     0   -33.0   46.217 -119.349    780.2    921.6
     1     1    17     8    26     0     0     0   -34.0   46.191 -119.386    776.9    922.9
     1     1    17     8    25    23     0     0   -35.0   46.187 -119.437    779.6    922.6
     1     1    17     8    25    22     0     0   -36.0   46.193 -119.488    784.3    922.1
     1     1    17     8    25    21     0     0   -37.0   46.155 -119.538    795.6    920.9
     1     1    17     8    25    20     0     0   -38.0   46.092 -119.580    799.6    919.0
     1     1    17     8    25    19     0     0   -39.0   46.011 -119.587    791.0    920.8
     1     1    17     8    25    18     0     0   -40.0   45.908 -119.560    790.3    921.5
     1     1    17     8    25    17     0     0   -41.0   45.805 -119.535    808.1    918.5
     1     1    17     8    25    16     0     0   -42.0   45.716 -119.498    794.5    921.4
     1     1    17     8    25    15     0     0   -43.0   45.641 -119.446    805.3    919.6
     1     1    17     8    25    14     0     0   -44.0   45.561 -119.392    789.5    920.2
     1     1    17     8    25    13     0     0   -45.0   45.479 -119.379    763.5    923.4
     1     1    17     8    25    12     0     0   -46.0   45.417 -119.372    747.4    926.7
