     1     1
    SITE    10     3     1     0     0
     1 BACKWARD OMEGA   
    17     8    20    20   46.392 -119.412   700.0
     1 PRESSURE
     1     1    17     8    20    20     0     0     0.0   46.392 -119.412    700.0    931.4
     1     1    17     8    20    19     0     0    -1.0   46.343 -119.429    700.7    931.3
     1     1    17     8    20    18     0     0    -2.0   46.303 -119.373    710.0    930.2
     1     1    17     8    20    17     0     0    -3.0   46.269 -119.255    720.2    929.2
     1     1    17     8    20    16     0     0    -4.0   46.208 -119.175    707.4    929.9
     1     1    17     8    20    15     0     0    -5.0   46.122 -119.151    677.9    933.1
     1     1    17     8    20    14     0     0    -6.0   46.039 -119.132    660.9    936.3
     1     1    17     8    20    13     0     0    -7.0   45.976 -119.063    659.9    936.3
     1     1    17     8    20    12     0     0    -8.0   45.894 -119.019    659.7    936.1
     1     1    17     8    20    11     0     0    -9.0   45.795 -119.009    656.4    936.0
     1     1    17     8    20    10     0     0   -10.0   45.728 -119.016    644.3    938.3
     1     1    17     8    20     9     0     0   -11.0   45.674 -119.052    639.6    938.7
     1     1    17     8    20     8     0     0   -12.0   45.613 -119.081    634.6    938.8
     1     1    17     8    20     7     0     0   -13.0   45.548 -119.076    612.8    940.1
     1     1    17     8    20     6     0     0   -14.0   45.465 -119.021    604.2    941.8
     1     1    17     8    20     5     0     0   -15.0   45.373 -118.997    589.2    944.3
