     1     1
    SITE    10     3     1     0     0
     1 BACKWARD OMEGA   
    17     8    13     2   46.392 -119.412   700.0
     1 PRESSURE
     1     1    17     8    13     2     0     0     0.0   46.392 -119.412    700.0    931.4
     1     1    17     8    13     1     0     0    -1.0   46.344 -119.422    717.4    929.4
     1     1    17     8    13     0     0     0    -2.0   46.269 -119.403    725.4    927.7
     1     1    17     8    12    23     0     0    -3.0   46.202 -119.364    713.2    929.6
     1     1    17     8    12    22     0     0    -4.0   46.155 -119.407    699.3    931.5
     1     1    17     8    12    21     0     0    -5.0   46.160 -119.553    692.1    933.0
     1     1    17     8    12    20     0     0    -6.0   46.165 -119.735    677.0    934.1
     1     1    17     8    12    19     0     0    -7.0   46.101 -119.787    672.0    934.7
     1     1    17     8    12    18     0     0    -8.0   46.014 -119.694    681.8    934.4
     1     1    17     8    12    17     0     0    -9.0   45.899 -119.616    697.2    930.9
     1     1    17     8    12    16     0     0   -10.0   45.754 -119.544    683.8    932.9
     1     1    17     8    12    15     0     0   -11.0   45.608 -119.466    640.3    938.5
     1     1    17     8    12    14     0     0   -12.0   45.476 -119.412    622.8    940.6
