     1     1
    SITE    10     3     1     0     0
     1 BACKWARD OMEGA   
    17     8    19    14   46.392 -119.412   700.0
     1 PRESSURE
     1     1    17     8    19    14     0     0     0.0   46.392 -119.412    700.0    931.4
     1     1    17     8    19    13     0     0    -1.0   46.325 -119.313    712.8    930.0
     1     1    17     8    19    12     0     0    -2.0   46.316 -119.314    718.5    928.7
     1     1    17     8    19    11     0     0    -3.0   46.383 -119.386    727.9    927.8
     1     1    17     8    19    10     0     0    -4.0   46.454 -119.453    719.7    927.9
     1     1    17     8    19     9     0     0    -5.0   46.531 -119.518    718.6    929.8
     1     1    17     8    19     8     0     0    -6.0   46.589 -119.617    718.5    929.6
     1     1    17     8    19     7     0     0    -7.0   46.581 -119.693    721.4    928.7
     1     1    17     8    19     6     0     0    -8.0   46.521 -119.717    716.2    929.9
     1     1    17     8    19     5     0     0    -9.0   46.454 -119.744    713.4    929.9
     1     1    17     8    19     4     0     0   -10.0   46.384 -119.765    711.0    930.2
     1     1    17     8    19     3     0     0   -11.0   46.309 -119.763    695.3    931.6
     1     1    17     8    19     2     0     0   -12.0   46.244 -119.786    679.1    933.8
     1     1    17     8    19     1     0     0   -13.0   46.201 -119.801    683.3    934.0
     1     1    17     8    19     0     0     0   -14.0   46.148 -119.821    708.1    930.6
     1     1    17     8    18    23     0     0   -15.0   46.138 -119.981    709.8    930.7
     1     1    17     8    18    22     0     0   -16.0   46.260 -120.196    687.2    931.9
     1     1    17     8    18    21     0     0   -17.0   46.462 -120.378    665.0    935.5
     1     1    17     8    18    20     0     0   -18.0   46.650 -120.608    647.4    937.0
     1     1    17     8    18    19     0     0   -19.0   46.817 -120.835    620.9    940.9
