     1     1
    SITE    10     3     1     0     0
     1 BACKWARD OMEGA   
    17     8     6    22   46.392 -119.412   700.0
     1 PRESSURE
     1     1    17     8     6    22     0     0     0.0   46.392 -119.412    700.0    931.4
     1     1    17     8     6    21     0     0    -1.0   46.390 -119.436    684.4    933.3
     1     1    17     8     6    20     0     0    -2.0   46.395 -119.459    682.5    934.1
     1     1    17     8     6    19     0     0    -3.0   46.405 -119.497    682.3    932.8
     1     1    17     8     6    18     0     0    -4.0   46.451 -119.537    679.9    934.3
     1     1    17     8     6    17     0     0    -5.0   46.468 -119.588    682.5    933.4
     1     1    17     8     6    16     0     0    -6.0   46.451 -119.581    665.7    933.5
     1     1    17     8     6    15     0     0    -7.0   46.475 -119.499    651.0    938.2
     1     1    17     8     6    14     0     0    -8.0   46.538 -119.439    655.2    937.1
     1     1    17     8     6    13     0     0    -9.0   46.597 -119.392    656.2    936.0
     1     1    17     8     6    12     0     0   -10.0   46.617 -119.321    649.2    937.1
     1     1    17     8     6    11     0     0   -11.0   46.639 -119.257    653.1    938.5
     1     1    17     8     6    10     0     0   -12.0   46.688 -119.216    647.4    937.7
     1     1    17     8     6     9     0     0   -13.0   46.690 -119.180    651.3    938.1
     1     1    17     8     6     8     0     0   -14.0   46.649 -119.168    661.3    936.4
     1     1    17     8     6     7     0     0   -15.0   46.613 -119.173    666.4    934.6
     1     1    17     8     6     6     0     0   -16.0   46.582 -119.184    657.1    935.6
     1     1    17     8     6     5     0     0   -17.0   46.544 -119.171    651.2    938.5
     1     1    17     8     6     4     0     0   -18.0   46.509 -119.149    654.9    936.6
     1     1    17     8     6     3     0     0   -19.0   46.482 -119.160    652.9    936.2
     1     1    17     8     6     2     0     0   -20.0   46.452 -119.159    649.1    937.9
     1     1    17     8     6     1     0     0   -21.0   46.412 -119.160    630.2    938.4
     1     1    17     8     6     0     0     0   -22.0   46.380 -119.197    612.6    942.9
     1     1    17     8     5    23     0     0   -23.0   46.392 -119.237    612.1    942.2
     1     1    17     8     5    22     0     0   -24.0   46.398 -119.273    608.6    941.7
     1     1    17     8     5    21     0     0   -25.0   46.368 -119.305    601.1    942.6
     1     1    17     8     5    20     0     0   -26.0   46.323 -119.343    594.7    943.8
     1     1    17     8     5    19     0     0   -27.0   46.267 -119.383    595.5    944.0
     1     1    17     8     5    18     0     0   -28.0   46.209 -119.401    577.9    942.9
     1     1    17     8     5    17     0     0   -29.0   46.125 -119.384    552.0    949.4
     1     1    17     8     5    16     0     0   -30.0   46.040 -119.319    554.8    948.6
     1     1    17     8     5    15     0     0   -31.0   46.001 -119.214    575.8    944.8
     1     1    17     8     5    14     0     0   -32.0   46.014 -119.201    575.5    945.6
     1     1    17     8     5    13     0     0   -33.0   46.019 -119.189    569.3    945.0
     1     1    17     8     5    12     0     0   -34.0   46.000 -119.071    538.7    949.8
     1     1    17     8     5    11     0     0   -35.0   45.936 -119.011    515.2    951.3
     1     1    17     8     5    10     0     0   -36.0   45.833 -119.014    479.4    956.0
     1     1    17     8     5     9     0     0   -37.0   45.755 -119.013    469.4    957.6
     1     1    17     8     5     8     0     0   -38.0   45.721 -119.027    474.0    956.9
     1     1    17     8     5     7     0     0   -39.0   45.694 -119.039    473.4    956.4
     1     1    17     8     5     6     0     0   -40.0   45.665 -119.007    466.1    957.7
     1     1    17     8     5     5     0     0   -41.0   45.658 -119.000    464.4    958.7
     1     1    17     8     5     4     0     0   -42.0   45.631 -119.007    465.1    957.8
     1     1    17     8     5     3     0     0   -43.0   45.570 -118.980    466.9    957.8
     1     1    17     8     5     2     0     0   -44.0   45.495 -118.955    467.1    957.2
     1     1    17     8     5     1     0     0   -45.0   45.421 -118.933    456.6    958.8
