     1     1
    SITE    10     3     1     0     0
     1 BACKWARD OMEGA   
    17     8    15    18   46.392 -119.412   700.0
     1 PRESSURE
     1     1    17     8    15    18     0     0     0.0   46.392 -119.412    700.0    931.4
     1     1    17     8    15    17     0     0    -1.0   46.304 -119.363    713.7    929.8
     1     1    17     8    15    16     0     0    -2.0   46.239 -119.297    713.4    929.4
     1     1    17     8    15    15     0     0    -3.0   46.176 -119.249    692.5    932.4
     1     1    17     8    15    14     0     0    -4.0   46.094 -119.229    690.3    932.8
     1     1    17     8    15    13     0     0    -5.0   46.012 -119.239    688.1    932.8
     1     1    17     8    15    12     0     0    -6.0   45.931 -119.276    688.6    932.7
     1     1    17     8    15    11     0     0    -7.0   45.866 -119.265    685.2    932.9
     1     1    17     8    15    10     0     0    -8.0   45.835 -119.296    673.8    934.4
     1     1    17     8    15     9     0     0    -9.0   45.810 -119.338    669.6    935.4
     1     1    17     8    15     8     0     0   -10.0   45.777 -119.350    672.0    934.9
     1     1    17     8    15     7     0     0   -11.0   45.747 -119.372    669.6    935.2
     1     1    17     8    15     6     0     0   -12.0   45.740 -119.382    670.6    935.1
     1     1    17     8    15     5     0     0   -13.0   45.736 -119.392    665.3    934.3
     1     1    17     8    15     4     0     0   -14.0   45.707 -119.397    656.1    937.2
     1     1    17     8    15     3     0     0   -15.0   45.697 -119.426    650.9    937.2
     1     1    17     8    15     2     0     0   -16.0   45.689 -119.425    642.7    938.1
     1     1    17     8    15     1     0     0   -17.0   45.684 -119.424    643.3    938.3
     1     1    17     8    15     0     0     0   -18.0   45.693 -119.476    641.7    938.7
     1     1    17     8    14    23     0     0   -19.0   45.698 -119.534    639.7    938.0
     1     1    17     8    14    22     0     0   -20.0   45.686 -119.596    639.4    939.5
     1     1    17     8    14    21     0     0   -21.0   45.644 -119.641    635.4    937.9
     1     1    17     8    14    20     0     0   -22.0   45.584 -119.641    639.5    940.2
     1     1    17     8    14    19     0     0   -23.0   45.517 -119.600    645.5    937.8
     1     1    17     8    14    18     0     0   -24.0   45.458 -119.504    654.5    938.1
     1     1    17     8    14    17     0     0   -25.0   45.402 -119.396    643.8    937.6
