     1     1
    SITE    10     3     1     0     0
     1 BACKWARD OMEGA   
    17     8    16     4   46.392 -119.412   700.0
     1 PRESSURE
     1     1    17     8    16     4     0     0     0.0   46.392 -119.412    700.0    931.4
     1     1    17     8    16     3     0     0    -1.0   46.334 -119.399    692.8    932.3
     1     1    17     8    16     2     0     0    -2.0   46.296 -119.372    682.4    933.3
     1     1    17     8    16     1     0     0    -3.0   46.256 -119.314    672.7    935.2
     1     1    17     8    16     0     0     0    -4.0   46.197 -119.261    676.6    934.4
     1     1    17     8    15    23     0     0    -5.0   46.139 -119.262    690.7    932.3
     1     1    17     8    15    22     0     0    -6.0   46.104 -119.275    694.0    931.2
     1     1    17     8    15    21     0     0    -7.0   46.067 -119.295    690.5    932.8
     1     1    17     8    15    20     0     0    -8.0   46.007 -119.318    693.8    932.5
     1     1    17     8    15    19     0     0    -9.0   45.933 -119.312    696.0    932.0
     1     1    17     8    15    18     0     0   -10.0   45.852 -119.275    684.8    932.1
     1     1    17     8    15    17     0     0   -11.0   45.763 -119.226    664.5    936.2
     1     1    17     8    15    16     0     0   -12.0   45.698 -119.162    653.3    936.5
     1     1    17     8    15    15     0     0   -13.0   45.635 -119.118    627.4    940.3
     1     1    17     8    15    14     0     0   -14.0   45.552 -119.098    611.8    941.8
     1     1    17     8    15    13     0     0   -15.0   45.469 -119.101    600.1    942.5
     1     1    17     8    15    12     0     0   -16.0   45.388 -119.131    571.2    945.2
