     1     1
    SITE    10     3     1     0     0
     1 BACKWARD OMEGA   
    17     8    25     8   46.392 -119.412   700.0
     1 PRESSURE
     1     1    17     8    25     8     0     0     0.0   46.392 -119.412    700.0    931.4
     1     1    17     8    25     7     0     0    -1.0   46.362 -119.380    704.5    930.9
     1     1    17     8    25     6     0     0    -2.0   46.337 -119.349    703.8    931.1
     1     1    17     8    25     5     0     0    -3.0   46.338 -119.305    700.3    931.5
     1     1    17     8    25     4     0     0    -4.0   46.333 -119.270    696.1    931.7
     1     1    17     8    25     3     0     0    -5.0   46.333 -119.270    695.4    932.6
     1     1    17     8    25     2     0     0    -6.0   46.328 -119.294    697.1    931.5
     1     1    17     8    25     1     0     0    -7.0   46.298 -119.317    698.2    931.2
     1     1    17     8    25     0     0     0    -8.0   46.247 -119.316    698.1    931.9
     1     1    17     8    24    23     0     0    -9.0   46.179 -119.301    716.0    929.7
     1     1    17     8    24    22     0     0   -10.0   46.141 -119.364    742.2    926.9
     1     1    17     8    24    21     0     0   -11.0   46.200 -119.523    780.9    922.0
     1     1    17     8    24    20     0     0   -12.0   46.388 -119.752    817.8    919.6
     1     1    17     8    24    19     0     0   -13.0   46.632 -120.006    808.3    918.9
     1     1    17     8    24    18     0     0   -14.0   46.872 -120.272    818.8    918.7
     1     1    17     8    24    17     0     0   -15.0   47.118 -120.550    855.7    913.9
