     1     1
    SITE    10     3     1     0     0
     1 BACKWARD OMEGA   
    17     8     7     9   46.392 -119.412   700.0
     1 PRESSURE
     1     1    17     8     7     9     0     0     0.0   46.392 -119.412    700.0    931.4
     1     1    17     8     7     8     0     0    -1.0   46.368 -119.358    703.9    931.0
     1     1    17     8     7     7     0     0    -2.0   46.342 -119.322    698.5    932.0
     1     1    17     8     7     6     0     0    -3.0   46.312 -119.320    692.4    931.9
     1     1    17     8     7     5     0     0    -4.0   46.282 -119.333    683.9    933.3
     1     1    17     8     7     4     0     0    -5.0   46.279 -119.348    677.2    934.2
     1     1    17     8     7     3     0     0    -6.0   46.307 -119.370    678.5    934.7
     1     1    17     8     7     2     0     0    -7.0   46.312 -119.403    682.0    933.0
     1     1    17     8     7     1     0     0    -8.0   46.291 -119.413    681.0    933.3
     1     1    17     8     7     0     0     0    -9.0   46.251 -119.422    674.4    934.2
     1     1    17     8     6    23     0     0   -10.0   46.213 -119.444    669.7    935.4
     1     1    17     8     6    22     0     0   -11.0   46.189 -119.458    674.4    935.1
     1     1    17     8     6    21     0     0   -12.0   46.186 -119.482    678.3    933.6
     1     1    17     8     6    20     0     0   -13.0   46.192 -119.504    677.0    933.9
     1     1    17     8     6    19     0     0   -14.0   46.203 -119.541    672.3    934.6
     1     1    17     8     6    18     0     0   -15.0   46.250 -119.580    668.6    936.9
     1     1    17     8     6    17     0     0   -16.0   46.267 -119.629    677.7    933.4
     1     1    17     8     6    16     0     0   -17.0   46.247 -119.620    683.2    933.4
     1     1    17     8     6    15     0     0   -18.0   46.272 -119.541    700.1    932.5
     1     1    17     8     6    14     0     0   -19.0   46.337 -119.482    707.9    928.7
     1     1    17     8     6    13     0     0   -20.0   46.395 -119.436    697.8    931.1
     1     1    17     8     6    12     0     0   -21.0   46.413 -119.366    687.3    933.6
     1     1    17     8     6    11     0     0   -22.0   46.437 -119.301    676.5    934.1
     1     1    17     8     6    10     0     0   -23.0   46.489 -119.260    688.3    933.3
     1     1    17     8     6     9     0     0   -24.0   46.489 -119.225    690.1    931.2
     1     1    17     8     6     8     0     0   -25.0   46.448 -119.215    691.7    932.6
     1     1    17     8     6     7     0     0   -26.0   46.413 -119.221    694.6    932.2
     1     1    17     8     6     6     0     0   -27.0   46.382 -119.233    689.9    931.6
     1     1    17     8     6     5     0     0   -28.0   46.345 -119.221    688.1    934.0
     1     1    17     8     6     4     0     0   -29.0   46.312 -119.198    691.1    931.6
     1     1    17     8     6     3     0     0   -30.0   46.285 -119.209    686.5    932.8
     1     1    17     8     6     2     0     0   -31.0   46.254 -119.209    676.8    933.7
     1     1    17     8     6     1     0     0   -32.0   46.214 -119.208    664.2    935.4
     1     1    17     8     6     0     0     0   -33.0   46.184 -119.242    650.1    938.2
     1     1    17     8     5    23     0     0   -34.0   46.197 -119.285    648.7    938.5
     1     1    17     8     5    22     0     0   -35.0   46.204 -119.323    653.0    936.1
     1     1    17     8     5    21     0     0   -36.0   46.173 -119.355    646.5    938.0
     1     1    17     8     5    20     0     0   -37.0   46.128 -119.393    652.7    938.4
     1     1    17     8     5    19     0     0   -38.0   46.071 -119.431    655.1    935.2
     1     1    17     8     5    18     0     0   -39.0   46.011 -119.448    659.9    937.8
     1     1    17     8     5    17     0     0   -40.0   45.928 -119.434    687.1    933.9
     1     1    17     8     5    16     0     0   -41.0   45.845 -119.368    697.8    930.7
     1     1    17     8     5    15     0     0   -42.0   45.809 -119.265    682.0    933.3
     1     1    17     8     5    14     0     0   -43.0   45.822 -119.251    666.4    935.2
     1     1    17     8     5    13     0     0   -44.0   45.825 -119.241    659.8    939.2
     1     1    17     8     5    12     0     0   -45.0   45.808 -119.126    672.4    934.5
     1     1    17     8     5    11     0     0   -46.0   45.745 -119.065    661.5    935.6
     1     1    17     8     5    10     0     0   -47.0   45.644 -119.070    651.8    937.4
     1     1    17     8     5     9     0     0   -48.0   45.569 -119.073    642.5    937.7
     1     1    17     8     5     8     0     0   -49.0   45.536 -119.089    631.6    939.9
     1     1    17     8     5     7     0     0   -50.0   45.509 -119.100    633.4    939.8
     1     1    17     8     5     6     0     0   -51.0   45.481 -119.069    638.3    938.5
     1     1    17     8     5     5     0     0   -52.0   45.473 -119.062    641.0    938.1
     1     1    17     8     5     4     0     0   -53.0   45.446 -119.070    644.2    939.1
     1     1    17     8     5     3     0     0   -54.0   45.387 -119.044    661.4    936.9
