     1     1
    SITE    10     3     1     0     0
     1 BACKWARD OMEGA   
    17     8    25    11   46.392 -119.412   700.0
     1 PRESSURE
     1     1    17     8    25    11     0     0     0.0   46.392 -119.412    700.0    931.4
     1     1    17     8    25    10     0     0    -1.0   46.336 -119.392    686.0    933.1
     1     1    17     8    25     9     0     0    -2.0   46.331 -119.340    686.4    933.3
     1     1    17     8    25     8     0     0    -3.0   46.337 -119.287    692.0    931.7
     1     1    17     8    25     7     0     0    -4.0   46.307 -119.255    695.0    932.2
     1     1    17     8    25     6     0     0    -5.0   46.282 -119.224    692.5    931.3
     1     1    17     8    25     5     0     0    -6.0   46.283 -119.180    682.7    934.0
     1     1    17     8    25     4     0     0    -7.0   46.277 -119.145    680.0    934.1
     1     1    17     8    25     3     0     0    -8.0   46.277 -119.146    679.9    933.6
     1     1    17     8    25     2     0     0    -9.0   46.272 -119.171    681.5    933.4
     1     1    17     8    25     1     0     0   -10.0   46.241 -119.193    685.1    933.6
     1     1    17     8    25     0     0     0   -11.0   46.189 -119.191    697.4    932.2
     1     1    17     8    24    23     0     0   -12.0   46.124 -119.178    679.5    930.5
     1     1    17     8    24    22     0     0   -13.0   46.088 -119.242    642.4    938.1
     1     1    17     8    24    21     0     0   -14.0   46.148 -119.401    682.3    934.5
     1     1    17     8    24    20     0     0   -15.0   46.333 -119.626    700.6    931.2
     1     1    17     8    24    19     0     0   -16.0   46.575 -119.880    736.8    927.0
     1     1    17     8    24    18     0     0   -17.0   46.813 -120.145    740.8    924.2
     1     1    17     8    24    17     0     0   -18.0   47.061 -120.422    740.3    926.3
     1     1    17     8    24    16     0     0   -19.0   47.301 -120.684    726.6    928.6
