     1     1
    SITE    10     3     1     0     0
     1 BACKWARD OMEGA   
    17     8     4    13   46.392 -119.412   700.0
     1 PRESSURE
     1     1    17     8     4    13     0     0     0.0   46.392 -119.412    700.0    931.4
     1     1    17     8     4    12     0     0    -1.0   46.371 -119.490    717.3    929.4
     1     1    17     8     4    11     0     0    -2.0   46.366 -119.589    727.7    927.9
     1     1    17     8     4    10     0     0    -3.0   46.331 -119.745    739.1    926.8
     1     1    17     8     4     9     0     0    -4.0   46.338 -119.904    757.9    925.2
     1     1    17     8     4     8     0     0    -5.0   46.365 -119.988    776.7    922.1
     1     1    17     8     4     7     0     0    -6.0   46.366 -120.036    778.0    922.7
     1     1    17     8     4     6     0     0    -7.0   46.372 -120.076    776.8    922.0
     1     1    17     8     4     5     0     0    -8.0   46.355 -120.130    768.1    923.9
     1     1    17     8     4     4     0     0    -9.0   46.292 -120.128    747.8    924.3
     1     1    17     8     4     3     0     0   -10.0   46.246 -120.058    742.8    927.2
     1     1    17     8     4     2     0     0   -11.0   46.213 -120.042    745.4    924.1
     1     1    17     8     4     1     0     0   -12.0   46.161 -120.041    733.5    928.0
     1     1    17     8     4     0     0     0   -13.0   46.108 -120.012    722.9    929.0
     1     1    17     8     3    23     0     0   -14.0   46.078 -119.981    718.1    929.9
     1     1    17     8     3    22     0     0   -15.0   46.068 -119.919    716.2    929.7
     1     1    17     8     3    21     0     0   -16.0   46.028 -119.874    715.8    929.4
     1     1    17     8     3    20     0     0   -17.0   45.952 -119.881    718.3    929.5
     1     1    17     8     3    19     0     0   -18.0   45.885 -119.911    722.4    928.1
     1     1    17     8     3    18     0     0   -19.0   45.817 -119.921    700.1    931.8
     1     1    17     8     3    17     0     0   -20.0   45.729 -119.865    671.1    934.6
     1     1    17     8     3    16     0     0   -21.0   45.651 -119.747    644.0    938.8
     1     1    17     8     3    15     0     0   -22.0   45.603 -119.606    644.8    938.5
     1     1    17     8     3    14     0     0   -23.0   45.558 -119.490    662.0    935.0
     1     1    17     8     3    13     0     0   -24.0   45.497 -119.471    645.9    937.5
     1     1    17     8     3    12     0     0   -25.0   45.454 -119.562    643.6    940.6
     1     1    17     8     3    11     0     0   -26.0   45.497 -119.636    639.9    938.9
     1     1    17     8     3    10     0     0   -27.0   45.592 -119.676    650.3    937.9
     1     1    17     8     3     9     0     0   -28.0   45.630 -119.756    658.3    936.1
     1     1    17     8     3     8     0     0   -29.0   45.611 -119.797    651.0    937.4
     1     1    17     8     3     7     0     0   -30.0   45.577 -119.795    647.2    937.7
     1     1    17     8     3     6     0     0   -31.0   45.542 -119.801    648.2    938.2
     1     1    17     8     3     5     0     0   -32.0   45.509 -119.828    657.4    936.9
     1     1    17     8     3     4     0     0   -33.0   45.493 -119.874    662.7    934.7
     1     1    17     8     3     3     0     0   -34.0   45.496 -119.934    665.1    936.3
     1     1    17     8     3     2     0     0   -35.0   45.503 -120.006    666.2    934.6
     1     1    17     8     3     1     0     0   -36.0   45.511 -120.070    664.0    936.2
     1     1    17     8     3     0     0     0   -37.0   45.502 -120.122    660.9    935.4
     1     1    17     8     2    23     0     0   -38.0   45.494 -120.175    658.1    937.1
     1     1    17     8     2    22     0     0   -39.0   45.512 -120.234    660.1    936.0
     1     1    17     8     2    21     0     0   -40.0   45.528 -120.305    659.5    936.1
     1     1    17     8     2    20     0     0   -41.0   45.558 -120.381    652.4    936.8
     1     1    17     8     2    19     0     0   -42.0   45.624 -120.439    654.4    936.8
     1     1    17     8     2    18     0     0   -43.0   45.654 -120.553    659.3    936.7
     1     1    17     8     2    17     0     0   -44.0   45.581 -120.633    669.1    934.0
     1     1    17     8     2    16     0     0   -45.0   45.573 -120.607    674.5    934.8
     1     1    17     8     2    15     0     0   -46.0   45.569 -120.592    688.4    932.9
     1     1    17     8     2    14     0     0   -47.0   45.433 -120.594    719.9    930.5
