     1     1
    SITE    10     3     1     0     0
     1 BACKWARD OMEGA   
    17     8    10    12   46.392 -119.412   700.0
     1 PRESSURE
     1     1    17     8    10    12     0     0     0.0   46.392 -119.412    700.0    931.4
     1     1    17     8    10    11     0     0    -1.0   46.346 -119.380    693.8    932.1
     1     1    17     8    10    10     0     0    -2.0   46.294 -119.364    694.6    932.5
     1     1    17     8    10     9     0     0    -3.0   46.243 -119.333    691.0    931.4
     1     1    17     8    10     8     0     0    -4.0   46.181 -119.293    664.4    934.0
     1     1    17     8    10     7     0     0    -5.0   46.116 -119.270    649.2    937.5
     1     1    17     8    10     6     0     0    -6.0   46.074 -119.245    644.5    938.6
     1     1    17     8    10     5     0     0    -7.0   46.052 -119.246    642.0    938.2
     1     1    17     8    10     4     0     0    -8.0   46.027 -119.265    642.5    938.3
     1     1    17     8    10     3     0     0    -9.0   45.983 -119.258    642.3    938.2
     1     1    17     8    10     2     0     0   -10.0   45.957 -119.283    640.2    938.8
     1     1    17     8    10     1     0     0   -11.0   45.952 -119.336    638.9    938.6
     1     1    17     8    10     0     0     0   -12.0   45.919 -119.362    635.8    939.2
     1     1    17     8     9    23     0     0   -13.0   45.889 -119.413    641.4    939.8
     1     1    17     8     9    22     0     0   -14.0   45.850 -119.449    648.5    937.1
     1     1    17     8     9    21     0     0   -15.0   45.806 -119.460    645.2    938.2
     1     1    17     8     9    20     0     0   -16.0   45.796 -119.514    653.5    937.0
     1     1    17     8     9    19     0     0   -17.0   45.759 -119.548    651.9    935.9
     1     1    17     8     9    18     0     0   -18.0   45.747 -119.499    639.8    939.3
     1     1    17     8     9    17     0     0   -19.0   45.797 -119.385    639.1    938.6
     1     1    17     8     9    16     0     0   -20.0   45.841 -119.257    640.1    938.4
     1     1    17     8     9    15     0     0   -21.0   45.852 -119.137    654.9    937.8
     1     1    17     8     9    14     0     0   -22.0   45.807 -119.073    668.8    933.9
     1     1    17     8     9    13     0     0   -23.0   45.729 -119.061    649.8    937.7
     1     1    17     8     9    12     0     0   -24.0   45.659 -119.018    644.5    938.1
     1     1    17     8     9    11     0     0   -25.0   45.603 -118.973    637.8    938.8
     1     1    17     8     9    10     0     0   -26.0   45.553 -118.948    636.4    940.0
     1     1    17     8     9     9     0     0   -27.0   45.505 -118.925    637.8    938.1
     1     1    17     8     9     8     0     0   -28.0   45.448 -118.910    640.2    939.6
     1     1    17     8     9     7     0     0   -29.0   45.382 -118.884    647.5    937.2
