     1     1
    SITE    10     3     1     0     0
     1 BACKWARD OMEGA   
    17     8    14     1   46.392 -119.412   700.0
     1 PRESSURE
     1     1    17     8    14     1     0     0     0.0   46.392 -119.412    700.0    931.4
     1     1    17     8    14     0     0     0    -1.0   46.327 -119.406    687.3    932.9
     1     1    17     8    13    23     0     0    -2.0   46.255 -119.394    678.0    933.9
     1     1    17     8    13    22     0     0    -3.0   46.184 -119.394    675.8    934.8
     1     1    17     8    13    21     0     0    -4.0   46.214 -119.490    684.4    932.3
     1     1    17     8    13    20     0     0    -5.0   46.375 -119.675    690.6    931.1
     1     1    17     8    13    19     0     0    -6.0   46.526 -119.838    685.4    933.4
     1     1    17     8    13    18     0     0    -7.0   46.644 -120.007    701.9    930.6
     1     1    17     8    13    17     0     0    -8.0   46.738 -120.213    678.3    934.2
     1     1    17     8    13    16     0     0    -9.0   46.714 -120.416    715.8    928.6
     1     1    17     8    13    15     0     0   -10.0   46.562 -120.544    726.7    928.8
     1     1    17     8    13    14     0     0   -11.0   46.388 -120.595    759.1    925.0
     1     1    17     8    13    13     0     0   -12.0   46.218 -120.626    766.4    923.6
     1     1    17     8    13    12     0     0   -13.0   46.030 -120.678    745.0    925.5
     1     1    17     8    13    11     0     0   -14.0   45.855 -120.757    730.0    927.9
