     1     1
    SITE    10     3     1     0     0
     1 BACKWARD OMEGA   
    17     8     5    19   46.392 -119.412   700.0
     1 PRESSURE
     1     1    17     8     5    19     0     0     0.0   46.392 -119.412    700.0    931.4
     1     1    17     8     5    18     0     0    -1.0   46.333 -119.433    698.0    931.6
     1     1    17     8     5    17     0     0    -2.0   46.251 -119.420    709.3    931.4
     1     1    17     8     5    16     0     0    -3.0   46.169 -119.355    715.8    929.5
     1     1    17     8     5    15     0     0    -4.0   46.133 -119.251    707.4    930.4
     1     1    17     8     5    14     0     0    -5.0   46.144 -119.237    699.3    931.5
     1     1    17     8     5    13     0     0    -6.0   46.149 -119.226    702.0    932.6
     1     1    17     8     5    12     0     0    -7.0   46.130 -119.111    696.3    932.2
     1     1    17     8     5    11     0     0    -8.0   46.067 -119.049    695.7    931.5
     1     1    17     8     5    10     0     0    -9.0   45.966 -119.051    700.7    931.5
     1     1    17     8     5     9     0     0   -10.0   45.890 -119.051    697.6    931.6
     1     1    17     8     5     8     0     0   -11.0   45.855 -119.067    694.0    932.2
     1     1    17     8     5     7     0     0   -12.0   45.829 -119.079    687.4    932.2
     1     1    17     8     5     6     0     0   -13.0   45.801 -119.048    681.4    934.3
     1     1    17     8     5     5     0     0   -14.0   45.794 -119.042    682.4    933.4
     1     1    17     8     5     4     0     0   -15.0   45.769 -119.049    679.4    933.0
     1     1    17     8     5     3     0     0   -16.0   45.708 -119.023    674.7    934.9
     1     1    17     8     5     2     0     0   -17.0   45.632 -118.998    679.7    934.2
     1     1    17     8     5     1     0     0   -18.0   45.558 -118.977    695.0    932.0
     1     1    17     8     5     0     0     0   -19.0   45.505 -118.918    712.6    930.5
     1     1    17     8     4    23     0     0   -20.0   45.449 -118.871    717.2    926.4
     1     1    17     8     4    22     0     0   -21.0   45.454 -118.896    711.3    930.6
     1     1    17     8     4    21     0     0   -22.0   45.536 -118.936    689.8    932.8
     1     1    17     8     4    20     0     0   -23.0   45.605 -118.967    677.7    934.3
     1     1    17     8     4    19     0     0   -24.0   45.623 -119.024    666.7    934.8
     1     1    17     8     4    18     0     0   -25.0   45.649 -119.035    645.2    938.2
     1     1    17     8     4    17     0     0   -26.0   45.719 -118.952    640.5    939.2
     1     1    17     8     4    16     0     0   -27.0   45.751 -118.936    643.7    938.0
     1     1    17     8     4    15     0     0   -28.0   45.781 -119.000    651.8    938.1
     1     1    17     8     4    14     0     0   -29.0   45.796 -119.082    651.4    936.0
     1     1    17     8     4    13     0     0   -30.0   45.746 -119.167    656.3    937.0
     1     1    17     8     4    12     0     0   -31.0   45.725 -119.245    660.2    936.0
     1     1    17     8     4    11     0     0   -32.0   45.722 -119.343    651.9    936.3
     1     1    17     8     4    10     0     0   -33.0   45.690 -119.493    655.2    935.8
     1     1    17     8     4     9     0     0   -34.0   45.697 -119.648    653.8    938.0
     1     1    17     8     4     8     0     0   -35.0   45.724 -119.732    667.2    935.3
     1     1    17     8     4     7     0     0   -36.0   45.725 -119.779    671.3    934.7
     1     1    17     8     4     6     0     0   -37.0   45.732 -119.818    668.5    934.6
     1     1    17     8     4     5     0     0   -38.0   45.715 -119.873    668.8    936.3
     1     1    17     8     4     4     0     0   -39.0   45.652 -119.869    678.0    933.2
     1     1    17     8     4     3     0     0   -40.0   45.606 -119.802    683.1    932.8
     1     1    17     8     4     2     0     0   -41.0   45.572 -119.788    680.2    934.2
     1     1    17     8     4     1     0     0   -42.0   45.520 -119.785    678.8    933.4
     1     1    17     8     4     0     0     0   -43.0   45.466 -119.756    674.2    934.5
     1     1    17     8     3    23     0     0   -44.0   45.436 -119.724    669.1    935.0
     1     1    17     8     3    22     0     0   -45.0   45.427 -119.665    662.3    935.9
     1     1    17     8     3    21     0     0   -46.0   45.387 -119.622    662.1    936.8
