     1     1
    SITE    10     3     1     0     0
     1 BACKWARD OMEGA   
    17     8     8    20   46.392 -119.412   700.0
     1 PRESSURE
     1     1    17     8     8    20     0     0     0.0   46.392 -119.412    700.0    931.4
     1     1    17     8     8    19     0     0    -1.0   46.365 -119.452    707.8    930.5
     1     1    17     8     8    18     0     0    -2.0   46.333 -119.436    710.1    929.6
     1     1    17     8     8    17     0     0    -3.0   46.327 -119.355    703.4    930.7
     1     1    17     8     8    16     0     0    -4.0   46.324 -119.265    705.7    931.7
     1     1    17     8     8    15     0     0    -5.0   46.311 -119.152    701.0    929.8
     1     1    17     8     8    14     0     0    -6.0   46.283 -119.033    691.8    932.8
     1     1    17     8     8    13     0     0    -7.0   46.221 -118.936    686.7    932.2
     1     1    17     8     8    12     0     0    -8.0   46.142 -118.869    666.5    935.7
     1     1    17     8     8    11     0     0    -9.0   46.077 -118.823    662.2    936.4
     1     1    17     8     8    10     0     0   -10.0   46.027 -118.810    665.5    935.1
     1     1    17     8     8     9     0     0   -11.0   45.992 -118.839    659.8    936.5
     1     1    17     8     8     8     0     0   -12.0   45.962 -118.838    657.0    936.8
     1     1    17     8     8     7     0     0   -13.0   45.921 -118.789    672.2    936.7
     1     1    17     8     8     6     0     0   -14.0   45.882 -118.764    682.3    931.2
     1     1    17     8     8     5     0     0   -15.0   45.870 -118.788    683.9    934.4
     1     1    17     8     8     4     0     0   -16.0   45.861 -118.783    683.9    932.5
     1     1    17     8     8     3     0     0   -17.0   45.826 -118.742    695.0    932.9
     1     1    17     8     8     2     0     0   -18.0   45.788 -118.723    704.3    930.2
     1     1    17     8     8     1     0     0   -19.0   45.773 -118.694    701.6    930.9
     1     1    17     8     8     0     0     0   -20.0   45.742 -118.686    715.9    931.7
     1     1    17     8     7    23     0     0   -21.0   45.694 -118.711    721.5    928.0
     1     1    17     8     7    22     0     0   -22.0   45.709 -118.728    713.3    929.5
     1     1    17     8     7    21     0     0   -23.0   45.728 -118.769    725.9    928.6
     1     1    17     8     7    20     0     0   -24.0   45.686 -118.815    734.6    926.9
     1     1    17     8     7    19     0     0   -25.0   45.634 -118.843    743.4    926.6
     1     1    17     8     7    18     0     0   -26.0   45.579 -118.844    746.9    925.2
     1     1    17     8     7    17     0     0   -27.0   45.513 -118.822    739.8    926.6
     1     1    17     8     7    16     0     0   -28.0   45.432 -118.794    746.8    926.2
