     1     1
    SITE    10     3     1     0     0
     1 BACKWARD OMEGA   
    17     8     9    22   46.392 -119.412   700.0
     1 PRESSURE
     1     1    17     8     9    22     0     0     0.0   46.392 -119.412    700.0    931.4
     1     1    17     8     9    21     0     0    -1.0   46.347 -119.422    683.6    933.4
     1     1    17     8     9    20     0     0    -2.0   46.337 -119.476    677.7    934.0
     1     1    17     8     9    19     0     0    -3.0   46.299 -119.510    671.8    935.1
     1     1    17     8     9    18     0     0    -4.0   46.288 -119.461    679.7    934.4
     1     1    17     8     9    17     0     0    -5.0   46.338 -119.348    688.5    930.9
     1     1    17     8     9    16     0     0    -6.0   46.383 -119.218    673.3    934.4
     1     1    17     8     9    15     0     0    -7.0   46.392 -119.102    662.1    935.7
     1     1    17     8     9    14     0     0    -8.0   46.346 -119.038    640.2    938.3
     1     1    17     8     9    13     0     0    -9.0   46.269 -119.025    619.2    940.6
     1     1    17     8     9    12     0     0   -10.0   46.197 -118.982    582.6    945.0
     1     1    17     8     9    11     0     0   -11.0   46.139 -118.936    567.7    946.5
     1     1    17     8     9    10     0     0   -12.0   46.090 -118.910    565.7    946.9
     1     1    17     8     9     9     0     0   -13.0   46.043 -118.889    565.0    946.6
     1     1    17     8     9     8     0     0   -14.0   45.988 -118.876    563.2    946.4
     1     1    17     8     9     7     0     0   -15.0   45.925 -118.852    559.3    947.2
     1     1    17     8     9     6     0     0   -16.0   45.882 -118.827    551.9    947.7
     1     1    17     8     9     5     0     0   -17.0   45.864 -118.842    544.8    949.1
     1     1    17     8     9     4     0     0   -18.0   45.842 -118.870    536.0    948.9
     1     1    17     8     9     3     0     0   -19.0   45.814 -118.901    532.8    951.1
     1     1    17     8     9     2     0     0   -20.0   45.806 -118.947    534.8    949.4
     1     1    17     8     9     1     0     0   -21.0   45.787 -118.972    534.4    950.2
     1     1    17     8     9     0     0     0   -22.0   45.763 -119.013    530.3    950.5
     1     1    17     8     8    23     0     0   -23.0   45.750 -119.070    537.3    950.4
     1     1    17     8     8    22     0     0   -24.0   45.723 -119.122    543.8    948.4
     1     1    17     8     8    21     0     0   -25.0   45.700 -119.164    551.6    948.5
     1     1    17     8     8    20     0     0   -26.0   45.685 -119.193    556.2    946.7
     1     1    17     8     8    19     0     0   -27.0   45.658 -119.233    565.4    947.9
     1     1    17     8     8    18     0     0   -28.0   45.629 -119.218    576.4    944.5
     1     1    17     8     8    17     0     0   -29.0   45.624 -119.137    569.6    944.4
     1     1    17     8     8    16     0     0   -30.0   45.619 -119.047    558.9    948.3
     1     1    17     8     8    15     0     0   -31.0   45.606 -118.932    572.1    947.6
     1     1    17     8     8    14     0     0   -32.0   45.579 -118.815    604.7    941.9
     1     1    17     8     8    13     0     0   -33.0   45.518 -118.719    620.8    941.0
     1     1    17     8     8    12     0     0   -34.0   45.436 -118.648    620.4    940.6
     1     1    17     8     8    11     0     0   -35.0   45.370 -118.599    615.8    941.3
