     1     1
    SITE    10     3     1     0     0
     1 BACKWARD OMEGA   
    17     8     8    16   46.392 -119.412   700.0
     1 PRESSURE
     1     1    17     8     8    16     0     0     0.0   46.392 -119.412    700.0    931.4
     1     1    17     8     8    15     0     0    -1.0   46.378 -119.296    669.3    935.1
     1     1    17     8     8    14     0     0    -2.0   46.348 -119.174    665.4    935.9
     1     1    17     8     8    13     0     0    -3.0   46.285 -119.075    665.5    935.7
     1     1    17     8     8    12     0     0    -4.0   46.206 -119.004    661.5    936.0
     1     1    17     8     8    11     0     0    -5.0   46.141 -118.956    658.9    936.1
     1     1    17     8     8    10     0     0    -6.0   46.092 -118.942    646.3    937.8
     1     1    17     8     8     9     0     0    -7.0   46.056 -118.971    633.7    939.7
     1     1    17     8     8     8     0     0    -8.0   46.025 -118.972    640.0    940.3
     1     1    17     8     8     7     0     0    -9.0   45.983 -118.927    647.4    937.8
     1     1    17     8     8     6     0     0   -10.0   45.944 -118.904    654.2    936.6
     1     1    17     8     8     5     0     0   -11.0   45.931 -118.926    660.3    936.2
     1     1    17     8     8     4     0     0   -12.0   45.921 -118.922    664.9    935.2
     1     1    17     8     8     3     0     0   -13.0   45.883 -118.882    662.5    937.0
     1     1    17     8     8     2     0     0   -14.0   45.845 -118.863    667.8    934.7
     1     1    17     8     8     1     0     0   -15.0   45.829 -118.835    670.6    934.8
     1     1    17     8     8     0     0     0   -16.0   45.799 -118.830    679.6    934.1
     1     1    17     8     7    23     0     0   -17.0   45.752 -118.857    677.9    933.7
     1     1    17     8     7    22     0     0   -18.0   45.768 -118.878    673.2    934.7
     1     1    17     8     7    21     0     0   -19.0   45.788 -118.919    665.2    935.5
     1     1    17     8     7    20     0     0   -20.0   45.745 -118.965    653.1    936.7
     1     1    17     8     7    19     0     0   -21.0   45.694 -118.993    651.5    937.9
     1     1    17     8     7    18     0     0   -22.0   45.640 -118.992    653.6    936.5
     1     1    17     8     7    17     0     0   -23.0   45.574 -118.970    650.1    937.1
     1     1    17     8     7    16     0     0   -24.0   45.489 -118.942    655.8    937.1
     1     1    17     8     7    15     0     0   -25.0   45.393 -118.894    674.8    935.1
