     1     1
    SITE    10     3     1     0     0
     1 BACKWARD OMEGA   
    17     8     9    12   46.392 -119.412   700.0
     1 PRESSURE
     1     1    17     8     9    12     0     0     0.0   46.392 -119.412    700.0    931.4
     1     1    17     8     9    11     0     0    -1.0   46.335 -119.365    715.2    929.6
     1     1    17     8     9    10     0     0    -2.0   46.287 -119.342    710.8    930.3
     1     1    17     8     9     9     0     0    -3.0   46.241 -119.320    705.4    930.8
     1     1    17     8     9     8     0     0    -4.0   46.183 -119.304    713.2    931.6
     1     1    17     8     9     7     0     0    -5.0   46.119 -119.278    728.5    926.8
     1     1    17     8     9     6     0     0    -6.0   46.075 -119.253    736.6    927.7
     1     1    17     8     9     5     0     0    -7.0   46.056 -119.266    740.7    925.8
     1     1    17     8     9     4     0     0    -8.0   46.035 -119.294    736.4    927.4
     1     1    17     8     9     3     0     0    -9.0   46.006 -119.325    729.6    927.6
     1     1    17     8     9     2     0     0   -10.0   45.998 -119.372    724.7    928.8
     1     1    17     8     9     1     0     0   -11.0   45.978 -119.398    722.8    929.1
     1     1    17     8     9     0     0     0   -12.0   45.954 -119.441    727.3    928.4
     1     1    17     8     8    23     0     0   -13.0   45.942 -119.498    731.7    928.4
     1     1    17     8     8    22     0     0   -14.0   45.917 -119.549    743.0    926.3
     1     1    17     8     8    21     0     0   -15.0   45.894 -119.590    747.7    925.5
     1     1    17     8     8    20     0     0   -16.0   45.878 -119.620    748.1    926.0
     1     1    17     8     8    19     0     0   -17.0   45.852 -119.659    751.6    925.7
     1     1    17     8     8    18     0     0   -18.0   45.822 -119.642    750.0    924.8
     1     1    17     8     8    17     0     0   -19.0   45.818 -119.561    756.2    926.7
     1     1    17     8     8    16     0     0   -20.0   45.815 -119.471    767.9    922.4
     1     1    17     8     8    15     0     0   -21.0   45.802 -119.359    780.3    923.1
     1     1    17     8     8    14     0     0   -22.0   45.773 -119.242    779.8    922.2
     1     1    17     8     8    13     0     0   -23.0   45.709 -119.145    781.8    922.2
     1     1    17     8     8    12     0     0   -24.0   45.630 -119.077    774.2    922.6
     1     1    17     8     8    11     0     0   -25.0   45.565 -119.030    765.0    924.2
     1     1    17     8     8    10     0     0   -26.0   45.514 -119.018    764.7    924.2
     1     1    17     8     8     9     0     0   -27.0   45.477 -119.046    769.1    923.4
     1     1    17     8     8     8     0     0   -28.0   45.447 -119.046    763.6    923.3
     1     1    17     8     8     7     0     0   -29.0   45.407 -119.001    765.9    925.5
     1     1    17     8     8     6     0     0   -30.0   45.368 -118.978    775.6    921.7
