     1     1
    SITE    10     3     1     0     0
     1 BACKWARD OMEGA   
    17     8    27    11   46.392 -119.412   700.0
     1 PRESSURE
     1     1    17     8    27    11     0     0     0.0   46.392 -119.412    700.0    931.4
     1     1    17     8    27    10     0     0    -1.0   46.346 -119.394    691.9    932.4
     1     1    17     8    27     9     0     0    -2.0   46.300 -119.386    682.4    934.2
     1     1    17     8    27     8     0     0    -3.0   46.263 -119.368    676.6    933.9
     1     1    17     8    27     7     0     0    -4.0   46.237 -119.364    673.7    935.2
     1     1    17     8    27     6     0     0    -5.0   46.241 -119.390    680.7    934.8
     1     1    17     8    27     5     0     0    -6.0   46.271 -119.423    691.0    932.0
     1     1    17     8    27     4     0     0    -7.0   46.289 -119.464    690.1    931.8
     1     1    17     8    27     3     0     0    -8.0   46.290 -119.504    694.8    933.4
     1     1    17     8    27     2     0     0    -9.0   46.270 -119.546    713.8    930.3
     1     1    17     8    27     1     0     0   -10.0   46.232 -119.577    722.5    927.6
     1     1    17     8    27     0     0     0   -11.0   46.183 -119.610    711.9    928.8
     1     1    17     8    26    23     0     0   -12.0   46.147 -119.677    697.2    932.2
     1     1    17     8    26    22     0     0   -13.0   46.119 -119.713    689.1    933.0
     1     1    17     8    26    21     0     0   -14.0   46.112 -119.728    689.5    932.6
     1     1    17     8    26    20     0     0   -15.0   46.118 -119.763    691.1    931.4
     1     1    17     8    26    19     0     0   -16.0   46.101 -119.794    694.3    933.4
     1     1    17     8    26    18     0     0   -17.0   46.056 -119.814    700.5    930.4
     1     1    17     8    26    17     0     0   -18.0   46.059 -119.790    722.9    931.5
     1     1    17     8    26    16     0     0   -19.0   46.121 -119.718    725.3    929.3
     1     1    17     8    26    15     0     0   -20.0   46.124 -119.630    741.3    926.3
     1     1    17     8    26    14     0     0   -21.0   46.128 -119.544    742.6    924.9
     1     1    17     8    26    13     0     0   -22.0   46.163 -119.451    743.5    929.4
     1     1    17     8    26    12     0     0   -23.0   46.196 -119.364    760.5    923.9
     1     1    17     8    26    11     0     0   -24.0   46.227 -119.281    769.5    924.2
     1     1    17     8    26    10     0     0   -25.0   46.257 -119.204    777.2    922.6
     1     1    17     8    26     9     0     0   -26.0   46.270 -119.210    781.7    921.8
     1     1    17     8    26     8     0     0   -27.0   46.246 -119.238    784.2    921.1
     1     1    17     8    26     7     0     0   -28.0   46.214 -119.230    783.2    922.6
     1     1    17     8    26     6     0     0   -29.0   46.202 -119.249    786.2    921.6
     1     1    17     8    26     5     0     0   -30.0   46.196 -119.253    780.6    921.2
     1     1    17     8    26     4     0     0   -31.0   46.194 -119.256    775.7    923.4
     1     1    17     8    26     3     0     0   -32.0   46.193 -119.283    776.4    922.6
     1     1    17     8    26     2     0     0   -33.0   46.181 -119.305    781.8    922.6
     1     1    17     8    26     1     0     0   -34.0   46.169 -119.330    783.8    921.1
     1     1    17     8    26     0     0     0   -35.0   46.143 -119.367    781.7    922.5
     1     1    17     8    25    23     0     0   -36.0   46.139 -119.417    784.6    921.4
     1     1    17     8    25    22     0     0   -37.0   46.146 -119.467    789.6    921.8
     1     1    17     8    25    21     0     0   -38.0   46.107 -119.516    801.0    920.0
     1     1    17     8    25    20     0     0   -39.0   46.045 -119.558    800.1    918.8
     1     1    17     8    25    19     0     0   -40.0   45.964 -119.565    794.1    921.5
     1     1    17     8    25    18     0     0   -41.0   45.862 -119.539    800.7    920.9
     1     1    17     8    25    17     0     0   -42.0   45.759 -119.513    803.0    918.9
     1     1    17     8    25    16     0     0   -43.0   45.671 -119.475    796.9    921.4
     1     1    17     8    25    15     0     0   -44.0   45.596 -119.425    817.1    918.1
     1     1    17     8    25    14     0     0   -45.0   45.517 -119.371    812.3    919.4
     1     1    17     8    25    13     0     0   -46.0   45.435 -119.358    811.4    918.3
