     1     1
    SITE    10     3     1     0     0
     1 BACKWARD OMEGA   
    17     8    24    17   46.392 -119.412   700.0
     1 PRESSURE
     1     1    17     8    24    17     0     0     0.0   46.392 -119.412    700.0    931.4
     1     1    17     8    24    16     0     0    -1.0   46.629 -119.663    747.3    925.7
     1     1    17     8    24    15     0     0    -2.0   46.811 -119.857    733.3    927.8
     1     1    17     8    24    14     0     0    -3.0   46.944 -119.999    766.0    924.7
     1     1    17     8    24    13     0     0    -4.0   46.935 -120.178    811.7    918.4
     1     1    17     8    24    12     0     0    -5.0   46.862 -120.409    806.1    920.3
     1     1    17     8    24    11     0     0    -6.0   46.764 -120.591    803.7    918.4
     1     1    17     8    24    10     0     0    -7.0   46.612 -120.664    766.1    923.8
     1     1    17     8    24     9     0     0    -8.0   46.510 -120.654    752.6    925.7
     1     1    17     8    24     8     0     0    -9.0   46.430 -120.680    753.7    924.9
     1     1    17     8    24     7     0     0   -10.0   46.384 -120.773    749.2    925.9
     1     1    17     8    24     6     0     0   -11.0   46.348 -120.823    745.6    925.9
     1     1    17     8    24     5     0     0   -12.0   46.293 -120.808    747.6    926.3
     1     1    17     8    24     4     0     0   -13.0   46.289 -120.803    746.9    926.3
     1     1    17     8    24     3     0     0   -14.0   46.272 -120.826    742.1    926.2
     1     1    17     8    24     2     0     0   -15.0   46.208 -120.823    750.8    925.2
     1     1    17     8    24     1     0     0   -16.0   46.145 -120.784    750.8    925.9
     1     1    17     8    24     0     0     0   -17.0   46.097 -120.777    753.6    925.3
     1     1    17     8    23    23     0     0   -18.0   46.074 -120.808    763.5    924.6
     1     1    17     8    23    22     0     0   -19.0   46.048 -120.826    773.7    922.6
     1     1    17     8    23    21     0     0   -20.0   46.059 -120.872    788.8    922.3
