     1     1
    SITE    10     3     1     0     0
     1 BACKWARD OMEGA   
    17     8    14     9   46.392 -119.412   700.0
     1 PRESSURE
     1     1    17     8    14     9     0     0     0.0   46.392 -119.412    700.0    931.4
     1     1    17     8    14     8     0     0    -1.0   46.288 -119.435    692.9    932.2
     1     1    17     8    14     7     0     0    -2.0   46.199 -119.464    694.5    932.5
     1     1    17     8    14     6     0     0    -3.0   46.151 -119.468    696.8    931.3
     1     1    17     8    14     5     0     0    -4.0   46.139 -119.481    691.7    933.0
     1     1    17     8    14     4     0     0    -5.0   46.106 -119.504    699.1    932.0
     1     1    17     8    14     3     0     0    -6.0   46.041 -119.512    700.8    929.6
     1     1    17     8    14     2     0     0    -7.0   45.973 -119.502    686.9    932.7
     1     1    17     8    14     1     0     0    -8.0   45.907 -119.489    665.5    936.0
     1     1    17     8    14     0     0     0    -9.0   45.843 -119.483    656.6    936.0
     1     1    17     8    13    23     0     0   -10.0   45.770 -119.473    639.1    938.7
     1     1    17     8    13    22     0     0   -11.0   45.697 -119.472    629.2    939.8
     1     1    17     8    13    21     0     0   -12.0   45.724 -119.571    617.2    940.9
     1     1    17     8    13    20     0     0   -13.0   45.887 -119.756    598.9    942.6
     1     1    17     8    13    19     0     0   -14.0   46.040 -119.917    620.9    940.6
     1     1    17     8    13    18     0     0   -15.0   46.159 -120.083    629.6    940.3
     1     1    17     8    13    17     0     0   -16.0   46.258 -120.284    653.2    936.4
     1     1    17     8    13    16     0     0   -17.0   46.233 -120.488    640.5    939.1
     1     1    17     8    13    15     0     0   -18.0   46.084 -120.610    669.7    935.5
     1     1    17     8    13    14     0     0   -19.0   45.912 -120.654    694.3    933.0
     1     1    17     8    13    13     0     0   -20.0   45.743 -120.682    706.7    930.1
     1     1    17     8    13    12     0     0   -21.0   45.556 -120.728    708.6    930.5
     1     1    17     8    13    11     0     0   -22.0   45.488 -120.756    712.2    930.0
     1     1    17     8    13    10     0     0   -23.0   45.488 -120.756    712.2    930.0
     1     1    17     8    13     9     0     0   -24.0   45.488 -120.756    712.2    930.0
     1     1    17     8    13     8     0     0   -25.0   45.488 -120.756    712.2    930.0
     1     1    17     8    13     7     0     0   -26.0   45.488 -120.756    712.2    930.0
     1     1    17     8    13     6     0     0   -27.0   45.488 -120.756    712.2    930.0
     1     1    17     8    13     5     0     0   -28.0   45.488 -120.756    712.2    930.0
     1     1    17     8    13     4     0     0   -29.0   45.517 -120.868    721.2    929.1
