     1     1
    SITE    10     3     1     0     0
     1 BACKWARD OMEGA   
    17     8     5     8   46.392 -119.412   700.0
     1 PRESSURE
     1     1    17     8     5     8     0     0     0.0   46.392 -119.412    700.0    931.4
     1     1    17     8     5     7     0     0    -1.0   46.365 -119.423    715.1    929.7
     1     1    17     8     5     6     0     0    -2.0   46.336 -119.392    729.2    926.8
     1     1    17     8     5     5     0     0    -3.0   46.329 -119.384    733.3    927.6
     1     1    17     8     5     4     0     0    -4.0   46.303 -119.391    731.5    927.5
     1     1    17     8     5     3     0     0    -5.0   46.243 -119.363    724.1    928.9
     1     1    17     8     5     2     0     0    -6.0   46.167 -119.336    719.3    929.2
     1     1    17     8     5     1     0     0    -7.0   46.091 -119.315    726.7    928.7
     1     1    17     8     5     0     0     0    -8.0   46.038 -119.257    737.8    926.3
     1     1    17     8     4    23     0     0    -9.0   45.980 -119.211    733.0    927.4
     1     1    17     8     4    22     0     0   -10.0   45.986 -119.236    727.8    927.8
     1     1    17     8     4    21     0     0   -11.0   46.070 -119.279    717.3    930.0
     1     1    17     8     4    20     0     0   -12.0   46.139 -119.310    740.3    926.5
     1     1    17     8     4    19     0     0   -13.0   46.154 -119.368    759.3    924.7
     1     1    17     8     4    18     0     0   -14.0   46.179 -119.379    770.1    922.1
     1     1    17     8     4    17     0     0   -15.0   46.251 -119.296    796.3    920.4
     1     1    17     8     4    16     0     0   -16.0   46.283 -119.279    817.0    918.1
     1     1    17     8     4    15     0     0   -17.0   46.312 -119.342    829.9    915.5
     1     1    17     8     4    14     0     0   -18.0   46.325 -119.426    827.7    916.7
     1     1    17     8     4    13     0     0   -19.0   46.274 -119.513    820.2    918.0
     1     1    17     8     4    12     0     0   -20.0   46.253 -119.591    818.5    918.2
     1     1    17     8     4    11     0     0   -21.0   46.249 -119.689    827.3    918.0
     1     1    17     8     4    10     0     0   -22.0   46.216 -119.843    858.9    914.8
     1     1    17     8     4     9     0     0   -23.0   46.223 -120.003    889.5    910.0
     1     1    17     8     4     8     0     0   -24.0   46.250 -120.086    892.1    910.4
     1     1    17     8     4     7     0     0   -25.0   46.251 -120.133    900.0    909.8
     1     1    17     8     4     6     0     0   -26.0   46.257 -120.172    904.5    908.4
     1     1    17     8     4     5     0     0   -27.0   46.240 -120.226    902.2    909.2
     1     1    17     8     4     4     0     0   -28.0   46.178 -120.222    918.0    909.1
     1     1    17     8     4     3     0     0   -29.0   46.132 -120.151    911.7    908.5
     1     1    17     8     4     2     0     0   -30.0   46.099 -120.136    923.1    908.4
     1     1    17     8     4     1     0     0   -31.0   46.047 -120.133    953.0    905.3
     1     1    17     8     4     0     0     0   -32.0   45.994 -120.104    976.5    900.4
     1     1    17     8     3    23     0     0   -33.0   45.964 -120.072    981.7    899.1
     1     1    17     8     3    22     0     0   -34.0   45.955 -120.011    984.5    900.9
     1     1    17     8     3    21     0     0   -35.0   45.915 -119.968    987.5    899.0
     1     1    17     8     3    20     0     0   -36.0   45.839 -119.975    992.4    899.7
     1     1    17     8     3    19     0     0   -37.0   45.771 -120.003    993.3    898.8
     1     1    17     8     3    18     0     0   -38.0   45.703 -120.013    983.9    900.4
     1     1    17     8     3    17     0     0   -39.0   45.615 -119.957    990.6    899.8
     1     1    17     8     3    16     0     0   -40.0   45.537 -119.840   1027.2    894.7
     1     1    17     8     3    15     0     0   -41.0   45.492 -119.700   1036.8    894.4
     1     1    17     8     3    14     0     0   -42.0   45.445 -119.583   1021.0    895.6
     1     1    17     8     3    13     0     0   -43.0   45.383 -119.561   1014.9    897.8
