     1     1
    SITE    10     3     1     0     0
     1 BACKWARD OMEGA   
    17     8    11     9   46.392 -119.412   700.0
     1 PRESSURE
     1     1    17     8    11     9     0     0     0.0   46.392 -119.412    700.0    931.4
     1     1    17     8    11     8     0     0    -1.0   46.397 -119.396    691.8    932.4
     1     1    17     8    11     7     0     0    -2.0   46.367 -119.435    669.6    935.2
     1     1    17     8    11     6     0     0    -3.0   46.345 -119.462    665.0    936.4
     1     1    17     8    11     5     0     0    -4.0   46.305 -119.464    668.4    935.0
     1     1    17     8    11     4     0     0    -5.0   46.262 -119.501    669.9    934.8
     1     1    17     8    11     3     0     0    -6.0   46.246 -119.501    674.3    934.6
     1     1    17     8    11     2     0     0    -7.0   46.229 -119.480    672.3    934.5
     1     1    17     8    11     1     0     0    -8.0   46.181 -119.467    678.9    935.1
     1     1    17     8    11     0     0     0    -9.0   46.128 -119.466    683.7    931.9
     1     1    17     8    10    23     0     0   -10.0   46.091 -119.524    678.6    933.8
     1     1    17     8    10    22     0     0   -11.0   46.118 -119.591    685.6    934.7
     1     1    17     8    10    21     0     0   -12.0   46.146 -119.635    695.3    932.0
     1     1    17     8    10    20     0     0   -13.0   46.117 -119.678    699.4    930.9
     1     1    17     8    10    19     0     0   -14.0   46.092 -119.720    694.8    931.5
     1     1    17     8    10    18     0     0   -15.0   46.046 -119.742    685.5    933.3
     1     1    17     8    10    17     0     0   -16.0   46.007 -119.691    680.9    934.3
     1     1    17     8    10    16     0     0   -17.0   46.002 -119.592    695.6    931.7
     1     1    17     8    10    15     0     0   -18.0   46.006 -119.491    697.9    931.2
     1     1    17     8    10    14     0     0   -19.0   46.020 -119.390    692.0    933.0
     1     1    17     8    10    13     0     0   -20.0   46.018 -119.284    705.6    930.9
     1     1    17     8    10    12     0     0   -21.0   45.989 -119.207    718.0    929.0
     1     1    17     8    10    11     0     0   -22.0   45.943 -119.176    728.7    928.7
     1     1    17     8    10    10     0     0   -23.0   45.892 -119.161    739.4    926.9
     1     1    17     8    10     9     0     0   -24.0   45.843 -119.132    754.2    925.7
     1     1    17     8    10     8     0     0   -25.0   45.780 -119.091    773.5    923.4
     1     1    17     8    10     7     0     0   -26.0   45.714 -119.066    784.7    921.4
     1     1    17     8    10     6     0     0   -27.0   45.672 -119.041    785.6    922.3
     1     1    17     8    10     5     0     0   -28.0   45.651 -119.043    786.1    921.1
     1     1    17     8    10     4     0     0   -29.0   45.627 -119.061    790.3    921.7
     1     1    17     8    10     3     0     0   -30.0   45.583 -119.053    791.6    920.2
     1     1    17     8    10     2     0     0   -31.0   45.556 -119.077    784.4    921.6
     1     1    17     8    10     1     0     0   -32.0   45.550 -119.129    776.8    922.6
     1     1    17     8    10     0     0     0   -33.0   45.516 -119.158    769.1    923.3
     1     1    17     8     9    23     0     0   -34.0   45.484 -119.210    768.8    924.0
     1     1    17     8     9    22     0     0   -35.0   45.442 -119.245    758.3    923.6
     1     1    17     8     9    21     0     0   -36.0   45.399 -119.255    741.2    927.1
