     1     1
    SITE    10     3     1     0     0
     1 BACKWARD OMEGA   
    17     8    10    11   46.392 -119.412   700.0
     1 PRESSURE
     1     1    17     8    10    11     0     0     0.0   46.392 -119.412    700.0    931.4
     1     1    17     8    10    10     0     0    -1.0   46.340 -119.395    688.2    932.8
     1     1    17     8    10     9     0     0    -2.0   46.289 -119.365    672.2    934.5
     1     1    17     8    10     8     0     0    -3.0   46.228 -119.324    657.4    936.7
     1     1    17     8    10     7     0     0    -4.0   46.164 -119.300    643.7    938.5
     1     1    17     8    10     6     0     0    -5.0   46.123 -119.277    633.3    938.8
     1     1    17     8    10     5     0     0    -6.0   46.101 -119.279    620.7    941.4
     1     1    17     8    10     4     0     0    -7.0   46.076 -119.298    616.4    941.5
     1     1    17     8    10     3     0     0    -8.0   46.032 -119.290    621.5    941.2
     1     1    17     8    10     2     0     0    -9.0   46.005 -119.315    626.1    939.7
     1     1    17     8    10     1     0     0   -10.0   46.001 -119.367    628.9    940.4
     1     1    17     8    10     0     0     0   -11.0   45.968 -119.393    640.2    939.1
     1     1    17     8     9    23     0     0   -12.0   45.937 -119.444    644.1    937.9
     1     1    17     8     9    22     0     0   -13.0   45.895 -119.480    647.6    939.4
     1     1    17     8     9    21     0     0   -14.0   45.851 -119.492    652.2    937.4
     1     1    17     8     9    20     0     0   -15.0   45.841 -119.545    657.7    935.8
     1     1    17     8     9    19     0     0   -16.0   45.803 -119.576    655.0    936.6
     1     1    17     8     9    18     0     0   -17.0   45.791 -119.526    650.1    937.7
     1     1    17     8     9    17     0     0   -18.0   45.839 -119.409    660.9    935.9
     1     1    17     8     9    16     0     0   -19.0   45.884 -119.279    672.9    934.4
     1     1    17     8     9    15     0     0   -20.0   45.893 -119.161    682.2    933.7
     1     1    17     8     9    14     0     0   -21.0   45.847 -119.096    697.5    931.0
     1     1    17     8     9    13     0     0   -22.0   45.770 -119.084    688.5    932.9
     1     1    17     8     9    12     0     0   -23.0   45.698 -119.038    687.4    933.1
     1     1    17     8     9    11     0     0   -24.0   45.642 -118.994    681.2    933.6
     1     1    17     8     9    10     0     0   -25.0   45.593 -118.970    681.7    934.9
     1     1    17     8     9     9     0     0   -26.0   45.545 -118.947    688.6    932.3
     1     1    17     8     9     8     0     0   -27.0   45.489 -118.931    695.3    932.3
     1     1    17     8     9     7     0     0   -28.0   45.424 -118.906    698.3    930.5
     1     1    17     8     9     6     0     0   -29.0   45.380 -118.882    696.6    932.3
