     1     1
    SITE    10     3     1     0     0
     1 BACKWARD OMEGA   
    17     8     5     7   46.392 -119.412   700.0
     1 PRESSURE
     1     1    17     8     5     7     0     0     0.0   46.392 -119.412    700.0    931.4
     1     1    17     8     5     6     0     0    -1.0   46.363 -119.381    716.9    929.4
     1     1    17     8     5     5     0     0    -2.0   46.356 -119.374    719.8    929.1
     1     1    17     8     5     4     0     0    -3.0   46.330 -119.381    719.5    929.0
     1     1    17     8     5     3     0     0    -4.0   46.270 -119.353    711.8    930.1
     1     1    17     8     5     2     0     0    -5.0   46.194 -119.326    704.1    930.9
     1     1    17     8     5     1     0     0    -6.0   46.117 -119.305    708.6    930.8
     1     1    17     8     5     0     0     0    -7.0   46.063 -119.247    730.7    927.4
     1     1    17     8     4    23     0     0    -8.0   46.005 -119.201    728.0    925.8
     1     1    17     8     4    22     0     0    -9.0   46.011 -119.226    722.2    928.7
     1     1    17     8     4    21     0     0   -10.0   46.094 -119.268    727.3    929.2
     1     1    17     8     4    20     0     0   -11.0   46.162 -119.299    759.0    924.0
     1     1    17     8     4    19     0     0   -12.0   46.177 -119.356    770.8    923.5
     1     1    17     8     4    18     0     0   -13.0   46.202 -119.368    787.9    921.2
     1     1    17     8     4    17     0     0   -14.0   46.274 -119.285    820.0    918.1
     1     1    17     8     4    16     0     0   -15.0   46.306 -119.268    838.4    915.7
     1     1    17     8     4    15     0     0   -16.0   46.335 -119.332    848.3    914.1
     1     1    17     8     4    14     0     0   -17.0   46.348 -119.416    850.1    914.5
     1     1    17     8     4    13     0     0   -18.0   46.297 -119.503    846.4    915.2
     1     1    17     8     4    12     0     0   -19.0   46.276 -119.581    845.4    915.3
     1     1    17     8     4    11     0     0   -20.0   46.273 -119.679    855.1    915.1
     1     1    17     8     4    10     0     0   -21.0   46.239 -119.833    882.2    912.0
     1     1    17     8     4     9     0     0   -22.0   46.247 -119.993    903.3    908.8
     1     1    17     8     4     8     0     0   -23.0   46.274 -120.076    901.2    909.4
     1     1    17     8     4     7     0     0   -24.0   46.275 -120.123    906.9    909.6
     1     1    17     8     4     6     0     0   -25.0   46.282 -120.162    912.5    907.4
     1     1    17     8     4     5     0     0   -26.0   46.264 -120.216    908.4    908.4
     1     1    17     8     4     4     0     0   -27.0   46.203 -120.212    920.8    908.6
     1     1    17     8     4     3     0     0   -28.0   46.157 -120.142    911.6    908.6
     1     1    17     8     4     2     0     0   -29.0   46.124 -120.126    922.4    908.3
     1     1    17     8     4     1     0     0   -30.0   46.072 -120.124    947.8    905.0
     1     1    17     8     4     0     0     0   -31.0   46.018 -120.094    967.5    902.3
     1     1    17     8     3    23     0     0   -32.0   45.989 -120.062    977.4    899.6
     1     1    17     8     3    22     0     0   -33.0   45.979 -120.002    976.9    900.9
     1     1    17     8     3    21     0     0   -34.0   45.939 -119.958    981.7    900.9
     1     1    17     8     3    20     0     0   -35.0   45.864 -119.965    986.7    900.3
     1     1    17     8     3    19     0     0   -36.0   45.795 -119.993    981.4    900.1
     1     1    17     8     3    18     0     0   -37.0   45.728 -120.004    967.3    902.2
     1     1    17     8     3    17     0     0   -38.0   45.639 -119.948    965.6    902.4
     1     1    17     8     3    16     0     0   -39.0   45.561 -119.830    988.7    899.4
     1     1    17     8     3    15     0     0   -40.0   45.516 -119.690    998.8    898.7
     1     1    17     8     3    14     0     0   -41.0   45.470 -119.573    988.3    899.4
     1     1    17     8     3    13     0     0   -42.0   45.408 -119.551    982.5    901.5
     1     1    17     8     3    12     0     0   -43.0   45.364 -119.640    992.6    897.2
