     1     1
    SITE    10     3     1     0     0
     1 BACKWARD OMEGA   
    17     8     6     7   46.392 -119.412   700.0
     1 PRESSURE
     1     1    17     8     6     7     0     0     0.0   46.392 -119.412    700.0    931.4
     1     1    17     8     6     6     0     0    -1.0   46.360 -119.423    704.0    930.9
     1     1    17     8     6     5     0     0    -2.0   46.323 -119.410    700.2    930.7
     1     1    17     8     6     4     0     0    -3.0   46.290 -119.388    692.0    932.9
     1     1    17     8     6     3     0     0    -4.0   46.263 -119.400    687.9    933.0
     1     1    17     8     6     2     0     0    -5.0   46.233 -119.399    691.8    933.3
     1     1    17     8     6     1     0     0    -6.0   46.193 -119.398    692.5    931.1
     1     1    17     8     6     0     0     0    -7.0   46.162 -119.434    693.0    932.3
     1     1    17     8     5    23     0     0    -8.0   46.174 -119.475    693.0    932.0
     1     1    17     8     5    22     0     0    -9.0   46.181 -119.512    693.2    931.9
     1     1    17     8     5    21     0     0   -10.0   46.151 -119.543    688.1    932.8
     1     1    17     8     5    20     0     0   -11.0   46.106 -119.580    666.9    933.5
     1     1    17     8     5    19     0     0   -12.0   46.050 -119.620    650.0    938.8
     1     1    17     8     5    18     0     0   -13.0   45.992 -119.638    648.2    938.0
     1     1    17     8     5    17     0     0   -14.0   45.911 -119.624    637.2    937.6
     1     1    17     8     5    16     0     0   -15.0   45.828 -119.555    619.4    940.7
     1     1    17     8     5    15     0     0   -16.0   45.792 -119.450    610.0    942.5
     1     1    17     8     5    14     0     0   -17.0   45.806 -119.438    623.6    940.5
     1     1    17     8     5    13     0     0   -18.0   45.810 -119.428    629.5    938.3
     1     1    17     8     5    12     0     0   -19.0   45.791 -119.310    624.0    940.2
     1     1    17     8     5    11     0     0   -20.0   45.728 -119.246    618.8    940.9
     1     1    17     8     5    10     0     0   -21.0   45.626 -119.252    605.8    943.1
     1     1    17     8     5     9     0     0   -22.0   45.549 -119.255    609.2    941.6
     1     1    17     8     5     8     0     0   -23.0   45.515 -119.272    601.3    942.7
     1     1    17     8     5     7     0     0   -24.0   45.488 -119.284    586.2    943.8
     1     1    17     8     5     6     0     0   -25.0   45.460 -119.255    574.3    947.2
     1     1    17     8     5     5     0     0   -26.0   45.453 -119.248    571.2    945.3
     1     1    17     8     5     4     0     0   -27.0   45.425 -119.256    568.7    946.6
     1     1    17     8     5     3     0     0   -28.0   45.363 -119.227    571.2    946.5
