     1     1
    SITE    10     3     1     0     0
     1 BACKWARD OMEGA   
    17     8    10    21   46.392 -119.412   700.0
     1 PRESSURE
     1     1    17     8    10    21     0     0     0.0   46.392 -119.412    700.0    931.4
     1     1    17     8    10    20     0     0    -1.0   46.363 -119.455    709.4    930.3
     1     1    17     8    10    19     0     0    -2.0   46.338 -119.498    707.2    930.3
     1     1    17     8    10    18     0     0    -3.0   46.292 -119.519    715.4    931.2
     1     1    17     8    10    17     0     0    -4.0   46.253 -119.468    727.5    928.0
     1     1    17     8    10    16     0     0    -5.0   46.248 -119.369    738.5    927.4
     1     1    17     8    10    15     0     0    -6.0   46.253 -119.267    751.3    925.6
     1     1    17     8    10    14     0     0    -7.0   46.267 -119.165    753.1    925.3
     1     1    17     8    10    13     0     0    -8.0   46.265 -119.060    742.4    926.8
     1     1    17     8    10    12     0     0    -9.0   46.236 -118.983    740.9    926.3
     1     1    17     8    10    11     0     0   -10.0   46.191 -118.951    734.4    928.0
     1     1    17     8    10    10     0     0   -11.0   46.139 -118.935    726.6    927.6
     1     1    17     8    10     9     0     0   -12.0   46.089 -118.905    716.8    930.0
     1     1    17     8    10     8     0     0   -13.0   46.028 -118.860    698.6    929.9
     1     1    17     8    10     7     0     0   -14.0   45.963 -118.832    682.7    934.0
     1     1    17     8    10     6     0     0   -15.0   45.921 -118.806    685.3    933.1
     1     1    17     8    10     5     0     0   -16.0   45.900 -118.805    681.7    933.0
     1     1    17     8    10     4     0     0   -17.0   45.876 -118.823    679.8    934.3
     1     1    17     8    10     3     0     0   -18.0   45.832 -118.815    673.8    933.9
     1     1    17     8    10     2     0     0   -19.0   45.803 -118.839    671.8    935.3
     1     1    17     8    10     1     0     0   -20.0   45.798 -118.892    674.2    934.8
     1     1    17     8    10     0     0     0   -21.0   45.764 -118.920    671.3    933.9
     1     1    17     8     9    23     0     0   -22.0   45.732 -118.971    678.1    935.2
     1     1    17     8     9    22     0     0   -23.0   45.691 -119.008    689.0    933.9
     1     1    17     8     9    21     0     0   -24.0   45.646 -119.018    700.5    931.1
     1     1    17     8     9    20     0     0   -25.0   45.636 -119.071    704.3    931.3
     1     1    17     8     9    19     0     0   -26.0   45.597 -119.105    706.9    930.0
     1     1    17     8     9    18     0     0   -27.0   45.586 -119.057    721.8    929.2
     1     1    17     8     9    17     0     0   -28.0   45.637 -118.945    737.5    925.1
     1     1    17     8     9    16     0     0   -29.0   45.682 -118.822    720.7    930.0
     1     1    17     8     9    15     0     0   -30.0   45.694 -118.708    736.7    927.0
     1     1    17     8     9    14     0     0   -31.0   45.648 -118.645    750.1    925.8
     1     1    17     8     9    13     0     0   -32.0   45.568 -118.636    756.6    924.9
     1     1    17     8     9    12     0     0   -33.0   45.496 -118.594    766.3    923.4
     1     1    17     8     9    11     0     0   -34.0   45.438 -118.550    760.3    924.8
     1     1    17     8     9    10     0     0   -35.0   45.390 -118.528    752.6    924.5
