     1     1
    SITE    10     3     1     0     0
     1 BACKWARD OMEGA   
    17     8    11    12   46.392 -119.412   700.0
     1 PRESSURE
     1     1    17     8    11    12     0     0     0.0   46.392 -119.412    700.0    931.4
     1     1    17     8    11    11     0     0    -1.0   46.379 -119.382    694.0    932.1
     1     1    17     8    11    10     0     0    -2.0   46.337 -119.343    707.0    930.9
     1     1    17     8    11     9     0     0    -3.0   46.355 -119.277    702.0    928.7
     1     1    17     8    11     8     0     0    -4.0   46.362 -119.262    701.9    931.9
     1     1    17     8    11     7     0     0    -5.0   46.333 -119.301    693.2    931.4
     1     1    17     8    11     6     0     0    -6.0   46.312 -119.329    684.9    934.0
     1     1    17     8    11     5     0     0    -7.0   46.271 -119.330    669.4    934.6
     1     1    17     8    11     4     0     0    -8.0   46.228 -119.365    660.0    936.9
     1     1    17     8    11     3     0     0    -9.0   46.212 -119.366    650.5    936.5
     1     1    17     8    11     2     0     0   -10.0   46.195 -119.345    646.6    938.7
     1     1    17     8    11     1     0     0   -11.0   46.147 -119.332    653.7    937.6
     1     1    17     8    11     0     0     0   -12.0   46.093 -119.332    665.3    935.7
     1     1    17     8    10    23     0     0   -13.0   46.055 -119.390    674.5    934.7
     1     1    17     8    10    22     0     0   -14.0   46.080 -119.456    676.5    933.1
     1     1    17     8    10    21     0     0   -15.0   46.106 -119.500    678.6    933.9
     1     1    17     8    10    20     0     0   -16.0   46.078 -119.542    677.1    934.4
     1     1    17     8    10    19     0     0   -17.0   46.053 -119.584    680.0    934.0
     1     1    17     8    10    18     0     0   -18.0   46.006 -119.603    667.3    933.2
     1     1    17     8    10    17     0     0   -19.0   45.967 -119.552    674.8    934.9
     1     1    17     8    10    16     0     0   -20.0   45.963 -119.454    672.6    932.4
     1     1    17     8    10    15     0     0   -21.0   45.967 -119.351    659.5    936.7
     1     1    17     8    10    14     0     0   -22.0   45.981 -119.250    658.1    936.3
     1     1    17     8    10    13     0     0   -23.0   45.979 -119.148    665.3    935.7
     1     1    17     8    10    12     0     0   -24.0   45.948 -119.072    678.8    934.3
     1     1    17     8    10    11     0     0   -25.0   45.903 -119.042    690.2    931.3
     1     1    17     8    10    10     0     0   -26.0   45.853 -119.027    697.4    932.3
     1     1    17     8    10     9     0     0   -27.0   45.803 -118.998    700.8    930.3
     1     1    17     8    10     8     0     0   -28.0   45.741 -118.958    707.8    931.6
     1     1    17     8    10     7     0     0   -29.0   45.675 -118.934    714.3    929.9
     1     1    17     8    10     6     0     0   -30.0   45.633 -118.909    712.6    929.0
     1     1    17     8    10     5     0     0   -31.0   45.611 -118.910    708.8    931.6
     1     1    17     8    10     4     0     0   -32.0   45.587 -118.929    711.5    929.9
     1     1    17     8    10     3     0     0   -33.0   45.543 -118.922    712.2    930.3
     1     1    17     8    10     2     0     0   -34.0   45.515 -118.947    710.7    929.3
     1     1    17     8    10     1     0     0   -35.0   45.509 -119.000    712.3    931.0
     1     1    17     8    10     0     0     0   -36.0   45.476 -119.030    709.2    928.9
     1     1    17     8     9    23     0     0   -37.0   45.446 -119.085    706.0    932.1
     1     1    17     8     9    22     0     0   -38.0   45.404 -119.121    703.7    929.7
     1     1    17     8     9    21     0     0   -39.0   45.360 -119.131    698.6    931.9
