     1     1
    SITE    10     3     1     0     0
     1 BACKWARD OMEGA   
    17     8    13     6   46.392 -119.412   700.0
     1 PRESSURE
     1     1    17     8    13     6     0     0     0.0   46.392 -119.412    700.0    931.4
     1     1    17     8    13     5     0     0    -1.0   46.343 -119.471    695.5    931.9
     1     1    17     8    13     4     0     0    -2.0   46.369 -119.581    707.9    930.7
     1     1    17     8    13     3     0     0    -3.0   46.410 -119.666    711.9    930.2
     1     1    17     8    13     2     0     0    -4.0   46.404 -119.709    712.7    929.1
     1     1    17     8    13     1     0     0    -5.0   46.355 -119.719    717.6    930.1
     1     1    17     8    13     0     0     0    -6.0   46.281 -119.697    716.7    929.4
     1     1    17     8    12    23     0     0    -7.0   46.215 -119.658    710.8    930.2
     1     1    17     8    12    22     0     0    -8.0   46.167 -119.698    709.4    930.3
     1     1    17     8    12    21     0     0    -9.0   46.172 -119.846    705.9    930.4
     1     1    17     8    12    20     0     0   -10.0   46.182 -120.030    692.4    932.2
     1     1    17     8    12    19     0     0   -11.0   46.118 -120.083    699.3    932.1
     1     1    17     8    12    18     0     0   -12.0   46.032 -119.992    697.6    932.5
     1     1    17     8    12    17     0     0   -13.0   45.917 -119.913    684.5    934.5
     1     1    17     8    12    16     0     0   -14.0   45.774 -119.844    694.2    931.9
     1     1    17     8    12    15     0     0   -15.0   45.629 -119.769    721.4    928.3
     1     1    17     8    12    14     0     0   -16.0   45.498 -119.711    708.4    930.8
     1     1    17     8    12    13     0     0   -17.0   45.371 -119.698    692.4    932.3
