     1     1
    SITE    10     3     1     0     0
     1 BACKWARD OMEGA   
    17     8     1    21   46.392 -119.412   700.0
     1 PRESSURE
     1     1    17     8     1    21     0     0     0.0   46.392 -119.412    700.0    931.4
     1     1    17     8     1    20     0     0    -1.0   46.412 -119.451    696.8    931.8
     1     1    17     8     1    19     0     0    -2.0   46.408 -119.499    698.8    932.2
     1     1    17     8     1    18     0     0    -3.0   46.429 -119.468    721.9    930.1
     1     1    17     8     1    17     0     0    -4.0   46.505 -119.348    732.5    928.9
     1     1    17     8     1    16     0     0    -5.0   46.522 -119.221    751.3    925.1
     1     1    17     8     1    15     0     0    -6.0   46.492 -119.214    751.3    925.9
     1     1    17     8     1    14     0     0    -7.0   46.467 -119.212    753.6    925.4
     1     1    17     8     1    13     0     0    -8.0   46.399 -119.162    748.9    926.2
     1     1    17     8     1    12     0     0    -9.0   46.335 -119.237    758.1    924.7
     1     1    17     8     1    11     0     0   -10.0   46.368 -119.322    769.3    923.2
     1     1    17     8     1    10     0     0   -11.0   46.455 -119.346    760.1    924.4
     1     1    17     8     1     9     0     0   -12.0   46.475 -119.364    749.9    925.8
     1     1    17     8     1     8     0     0   -13.0   46.428 -119.356    746.5    926.1
     1     1    17     8     1     7     0     0   -14.0   46.382 -119.324    743.0    926.5
     1     1    17     8     1     6     0     0   -15.0   46.329 -119.302    731.0    926.7
     1     1    17     8     1     5     0     0   -16.0   46.275 -119.286    715.8    930.2
     1     1    17     8     1     4     0     0   -17.0   46.234 -119.279    705.8    930.9
     1     1    17     8     1     3     0     0   -18.0   46.197 -119.283    696.9    931.8
     1     1    17     8     1     2     0     0   -19.0   46.168 -119.267    689.3    932.8
     1     1    17     8     1     1     0     0   -20.0   46.136 -119.244    684.6    933.4
     1     1    17     8     1     0     0     0   -21.0   46.091 -119.245    683.0    933.7
     1     1    17     7    31    23     0     0   -22.0   46.088 -119.269    686.1    933.2
     1     1    17     7    31    22     0     0   -23.0   46.101 -119.340    680.6    934.5
     1     1    17     7    31    21     0     0   -24.0   46.100 -119.402    676.9    934.4
     1     1    17     7    31    20     0     0   -25.0   46.115 -119.436    677.4    934.3
     1     1    17     7    31    19     0     0   -26.0   46.102 -119.451    679.5    933.8
     1     1    17     7    31    18     0     0   -27.0   46.041 -119.410    698.3    933.9
     1     1    17     7    31    17     0     0   -28.0   45.961 -119.332    726.6    927.7
     1     1    17     7    31    16     0     0   -29.0   45.876 -119.285    712.7    930.0
     1     1    17     7    31    15     0     0   -30.0   45.785 -119.249    700.7    930.6
     1     1    17     7    31    14     0     0   -31.0   45.680 -119.195    684.4    933.1
     1     1    17     7    31    13     0     0   -32.0   45.565 -119.162    682.8    933.5
     1     1    17     7    31    12     0     0   -33.0   45.466 -119.150    685.4    932.8
     1     1    17     7    31    11     0     0   -34.0   45.382 -119.120    668.0    934.7
