     1     1
    SITE    10     3     1     0     0
     1 BACKWARD OMEGA   
    17     8    16    19   46.392 -119.412   700.0
     1 PRESSURE
     1     1    17     8    16    19     0     0     0.0   46.392 -119.412    700.0    931.4
     1     1    17     8    16    18     0     0    -1.0   46.583 -119.628    709.5    930.2
     1     1    17     8    16    17     0     0    -2.0   46.615 -119.817    725.3    927.8
     1     1    17     8    16    16     0     0    -3.0   46.474 -119.930    716.6    929.7
     1     1    17     8    16    15     0     0    -4.0   46.329 -119.964    702.7    931.0
     1     1    17     8    16    14     0     0    -5.0   46.202 -119.984    694.7    931.6
     1     1    17     8    16    13     0     0    -6.0   46.073 -120.000    665.0    935.5
     1     1    17     8    16    12     0     0    -7.0   45.935 -120.016    658.5    936.0
     1     1    17     8    16    11     0     0    -8.0   45.785 -120.050    638.2    938.6
     1     1    17     8    16    10     0     0    -9.0   45.641 -120.101    603.8    942.2
     1     1    17     8    16     9     0     0   -10.0   45.514 -120.124    586.7    944.4
     1     1    17     8    16     8     0     0   -11.0   45.421 -120.115    582.5    944.7
