     1     1
    SITE    10     3     1     0     0
     1 BACKWARD OMEGA   
    17     8     4    10   46.392 -119.412   700.0
     1 PRESSURE
     1     1    17     8     4    10     0     0     0.0   46.392 -119.412    700.0    931.4
     1     1    17     8     4     9     0     0    -1.0   46.401 -119.570    729.8    928.0
     1     1    17     8     4     8     0     0    -2.0   46.429 -119.653    741.4    926.5
     1     1    17     8     4     7     0     0    -3.0   46.430 -119.700    745.3    926.1
     1     1    17     8     4     6     0     0    -4.0   46.437 -119.738    745.9    926.1
     1     1    17     8     4     5     0     0    -5.0   46.420 -119.792    723.0    926.4
     1     1    17     8     4     4     0     0    -6.0   46.358 -119.787    704.1    931.7
     1     1    17     8     4     3     0     0    -7.0   46.312 -119.716    705.7    930.6
     1     1    17     8     4     2     0     0    -8.0   46.280 -119.700    698.4    930.5
     1     1    17     8     4     1     0     0    -9.0   46.228 -119.699    692.9    932.9
     1     1    17     8     4     0     0     0   -10.0   46.173 -119.670    697.0    932.0
     1     1    17     8     3    23     0     0   -11.0   46.143 -119.638    707.0    931.3
     1     1    17     8     3    22     0     0   -12.0   46.135 -119.577    721.7    929.5
     1     1    17     8     3    21     0     0   -13.0   46.096 -119.533    727.8    925.4
     1     1    17     8     3    20     0     0   -14.0   46.020 -119.540    729.3    927.5
     1     1    17     8     3    19     0     0   -15.0   45.952 -119.570    728.5    927.7
     1     1    17     8     3    18     0     0   -16.0   45.885 -119.578    726.8    928.8
     1     1    17     8     3    17     0     0   -17.0   45.795 -119.522    737.3    927.7
     1     1    17     8     3    16     0     0   -18.0   45.718 -119.406    765.9    924.0
     1     1    17     8     3    15     0     0   -19.0   45.675 -119.266    767.4    922.3
     1     1    17     8     3    14     0     0   -20.0   45.629 -119.150    757.9    925.1
     1     1    17     8     3    13     0     0   -21.0   45.567 -119.128    760.1    924.7
     1     1    17     8     3    12     0     0   -22.0   45.524 -119.217    772.8    924.1
     1     1    17     8     3    11     0     0   -23.0   45.566 -119.292    769.8    923.0
     1     1    17     8     3    10     0     0   -24.0   45.664 -119.329    765.3    925.5
     1     1    17     8     3     9     0     0   -25.0   45.702 -119.406    780.8    921.8
     1     1    17     8     3     8     0     0   -26.0   45.681 -119.451    783.8    922.0
     1     1    17     8     3     7     0     0   -27.0   45.648 -119.449    780.2    921.5
     1     1    17     8     3     6     0     0   -28.0   45.613 -119.456    776.8    923.7
     1     1    17     8     3     5     0     0   -29.0   45.580 -119.482    785.2    922.1
     1     1    17     8     3     4     0     0   -30.0   45.567 -119.528    788.8    921.2
     1     1    17     8     3     3     0     0   -31.0   45.572 -119.588    797.0    920.4
     1     1    17     8     3     2     0     0   -32.0   45.579 -119.659    789.6    919.3
     1     1    17     8     3     1     0     0   -33.0   45.587 -119.721    778.3    924.3
     1     1    17     8     3     0     0     0   -34.0   45.578 -119.772    773.3    921.9
     1     1    17     8     2    23     0     0   -35.0   45.569 -119.824    765.0    924.7
     1     1    17     8     2    22     0     0   -36.0   45.586 -119.882    761.3    924.0
     1     1    17     8     2    21     0     0   -37.0   45.603 -119.953    763.4    925.2
     1     1    17     8     2    20     0     0   -38.0   45.631 -120.031    778.0    922.3
     1     1    17     8     2    19     0     0   -39.0   45.695 -120.093    791.3    921.0
     1     1    17     8     2    18     0     0   -40.0   45.727 -120.207    822.1    918.8
     1     1    17     8     2    17     0     0   -41.0   45.654 -120.290    838.1    915.7
     1     1    17     8     2    16     0     0   -42.0   45.646 -120.261    839.8    916.4
     1     1    17     8     2    15     0     0   -43.0   45.645 -120.239    822.4    917.1
     1     1    17     8     2    14     0     0   -44.0   45.509 -120.242    803.5    918.5
     1     1    17     8     2    13     0     0   -45.0   45.357 -120.242    784.7    921.9
