     1     1
    SITE    10     3     1     0     0
     1 BACKWARD OMEGA   
    17     8    29    12   46.392 -119.412   700.0
     1 PRESSURE
     1     1    17     8    29    12     0     0     0.0   46.392 -119.412    700.0    931.4
     1     1    17     8    29    11     0     0    -1.0   46.361 -119.449    692.5    932.3
     1     1    17     8    29    10     0     0    -2.0   46.325 -119.416    686.2    934.3
     1     1    17     8    29     9     0     0    -3.0   46.335 -119.365    686.0    933.1
     1     1    17     8    29     8     0     0    -4.0   46.370 -119.335    686.1    932.8
     1     1    17     8    29     7     0     0    -5.0   46.375 -119.308    683.8    933.3
     1     1    17     8    29     6     0     0    -6.0   46.350 -119.286    679.4    934.0
     1     1    17     8    29     5     0     0    -7.0   46.323 -119.287    674.5    934.2
     1     1    17     8    29     4     0     0    -8.0   46.314 -119.318    668.6    935.3
     1     1    17     8    29     3     0     0    -9.0   46.341 -119.351    672.3    935.4
     1     1    17     8    29     2     0     0   -10.0   46.389 -119.383    683.6    933.6
     1     1    17     8    29     1     0     0   -11.0   46.404 -119.455    681.8    931.8
     1     1    17     8    29     0     0     0   -12.0   46.352 -119.511    661.8    936.1
     1     1    17     8    28    23     0     0   -13.0   46.283 -119.538    659.9    936.3
     1     1    17     8    28    22     0     0   -14.0   46.243 -119.579    662.0    935.6
     1     1    17     8    28    21     0     0   -15.0   46.239 -119.616    654.9    936.8
     1     1    17     8    28    20     0     0   -16.0   46.235 -119.689    657.5    937.4
     1     1    17     8    28    19     0     0   -17.0   46.205 -119.760    659.1    936.0
     1     1    17     8    28    18     0     0   -18.0   46.217 -119.815    659.4    936.9
     1     1    17     8    28    17     0     0   -19.0   46.287 -119.885    650.8    938.0
     1     1    17     8    28    16     0     0   -20.0   46.316 -119.977    663.9    935.8
     1     1    17     8    28    15     0     0   -21.0   46.354 -120.052    665.3    935.2
     1     1    17     8    28    14     0     0   -22.0   46.388 -120.013    641.0    938.7
     1     1    17     8    28    13     0     0   -23.0   46.414 -119.921    651.3    937.1
     1     1    17     8    28    12     0     0   -24.0   46.510 -119.878    658.9    936.9
     1     1    17     8    28    11     0     0   -25.0   46.619 -119.870    650.3    937.2
     1     1    17     8    28    10     0     0   -26.0   46.747 -119.896    635.7    938.9
     1     1    17     8    28     9     0     0   -27.0   46.890 -119.962    649.3    937.6
     1     1    17     8    28     8     0     0   -28.0   46.906 -120.004    681.5    933.6
     1     1    17     8    28     7     0     0   -29.0   46.841 -120.045    712.1    929.2
     1     1    17     8    28     6     0     0   -30.0   46.854 -120.115    722.9    928.7
     1     1    17     8    28     5     0     0   -31.0   46.908 -120.100    719.2    927.5
     1     1    17     8    28     4     0     0   -32.0   46.923 -120.026    720.8    928.0
     1     1    17     8    28     3     0     0   -33.0   46.883 -119.997    720.3    929.5
     1     1    17     8    28     2     0     0   -34.0   46.840 -119.974    715.5    928.8
     1     1    17     8    28     1     0     0   -35.0   46.791 -119.929    702.0    931.3
     1     1    17     8    28     0     0     0   -36.0   46.744 -119.883    701.6    932.0
     1     1    17     8    27    23     0     0   -37.0   46.707 -119.858    695.2    930.6
     1     1    17     8    27    22     0     0   -38.0   46.679 -119.875    687.1    933.9
     1     1    17     8    27    21     0     0   -39.0   46.669 -119.905    687.6    932.6
     1     1    17     8    27    20     0     0   -40.0   46.671 -119.956    682.4    933.0
     1     1    17     8    27    19     0     0   -41.0   46.669 -120.007    680.8    933.9
     1     1    17     8    27    18     0     0   -42.0   46.652 -120.043    673.4    933.7
     1     1    17     8    27    17     0     0   -43.0   46.613 -120.067    662.6    936.4
     1     1    17     8    27    16     0     0   -44.0   46.552 -120.083    660.0    937.9
     1     1    17     8    27    15     0     0   -45.0   46.546 -120.084    665.5    935.0
     1     1    17     8    27    14     0     0   -46.0   46.586 -120.031    655.5    936.9
     1     1    17     8    27    13     0     0   -47.0   46.606 -119.951    650.6    938.2
     1     1    17     8    27    12     0     0   -48.0   46.592 -119.872    647.6    937.3
     1     1    17     8    27    11     0     0   -49.0   46.551 -119.825    659.4    936.7
     1     1    17     8    27    10     0     0   -50.0   46.506 -119.808    663.4    934.5
     1     1    17     8    27     9     0     0   -51.0   46.460 -119.799    668.5    936.4
     1     1    17     8    27     8     0     0   -52.0   46.421 -119.781    680.8    933.0
     1     1    17     8    27     7     0     0   -53.0   46.395 -119.777    680.4    932.8
     1     1    17     8    27     6     0     0   -54.0   46.400 -119.804    681.5    934.8
     1     1    17     8    27     5     0     0   -55.0   46.429 -119.837    688.7    931.8
     1     1    17     8    27     4     0     0   -56.0   46.447 -119.879    687.1    932.7
     1     1    17     8    27     3     0     0   -57.0   46.447 -119.921    690.5    933.3
     1     1    17     8    27     2     0     0   -58.0   46.428 -119.962    688.8    931.3
     1     1    17     8    27     1     0     0   -59.0   46.389 -119.992    682.6    934.0
     1     1    17     8    27     0     0     0   -60.0   46.341 -120.028    677.1    933.6
     1     1    17     8    26    23     0     0   -61.0   46.307 -120.096    670.5    935.7
     1     1    17     8    26    22     0     0   -62.0   46.278 -120.134    667.5    935.0
     1     1    17     8    26    21     0     0   -63.0   46.271 -120.149    657.5    935.9
     1     1    17     8    26    20     0     0   -64.0   46.277 -120.184    648.5    937.9
     1     1    17     8    26    19     0     0   -65.0   46.261 -120.214    641.7    938.1
     1     1    17     8    26    18     0     0   -66.0   46.218 -120.232    648.9    939.5
     1     1    17     8    26    17     0     0   -67.0   46.223 -120.205    673.9    933.7
     1     1    17     8    26    16     0     0   -68.0   46.285 -120.133    686.5    933.1
     1     1    17     8    26    15     0     0   -69.0   46.288 -120.044    680.1    931.8
     1     1    17     8    26    14     0     0   -70.0   46.291 -119.960    668.2    937.9
     1     1    17     8    26    13     0     0   -71.0   46.328 -119.867    670.9    935.5
     1     1    17     8    26    12     0     0   -72.0   46.362 -119.776    676.6    934.1
