     1     1
    SITE    10     3     1     0     0
     1 BACKWARD OMEGA   
    17     8     5    14   46.392 -119.412   700.0
     1 PRESSURE
     1     1    17     8     5    14     0     0     0.0   46.392 -119.412    700.0    931.4
     1     1    17     8     5    13     0     0    -1.0   46.396 -119.398    706.9    930.6
     1     1    17     8     5    12     0     0    -2.0   46.376 -119.282    708.1    930.5
     1     1    17     8     5    11     0     0    -3.0   46.312 -119.220    694.3    931.4
     1     1    17     8     5    10     0     0    -4.0   46.209 -119.223    693.2    933.2
     1     1    17     8     5     9     0     0    -5.0   46.133 -119.223    701.2    931.0
     1     1    17     8     5     8     0     0    -6.0   46.097 -119.238    695.7    931.9
     1     1    17     8     5     7     0     0    -7.0   46.071 -119.250    686.7    932.7
     1     1    17     8     5     6     0     0    -8.0   46.042 -119.221    678.3    934.5
     1     1    17     8     5     5     0     0    -9.0   46.035 -119.215    676.1    934.4
     1     1    17     8     5     4     0     0   -10.0   46.009 -119.224    678.6    933.9
     1     1    17     8     5     3     0     0   -11.0   45.948 -119.198    670.2    933.6
     1     1    17     8     5     2     0     0   -12.0   45.871 -119.173    653.4    937.4
     1     1    17     8     5     1     0     0   -13.0   45.795 -119.156    642.2    937.6
     1     1    17     8     5     0     0     0   -14.0   45.740 -119.099    628.0    940.4
     1     1    17     8     4    23     0     0   -15.0   45.681 -119.053    618.0    940.5
     1     1    17     8     4    22     0     0   -16.0   45.683 -119.082    619.8    941.2
     1     1    17     8     4    21     0     0   -17.0   45.763 -119.123    636.5    938.9
     1     1    17     8     4    20     0     0   -18.0   45.829 -119.152    636.8    939.1
     1     1    17     8     4    19     0     0   -19.0   45.844 -119.210    630.1    939.8
     1     1    17     8     4    18     0     0   -20.0   45.869 -119.223    627.0    940.4
     1     1    17     8     4    17     0     0   -21.0   45.941 -119.142    627.0    939.6
     1     1    17     8     4    16     0     0   -22.0   45.973 -119.127    615.7    941.5
     1     1    17     8     4    15     0     0   -23.0   46.002 -119.191    625.0    941.3
     1     1    17     8     4    14     0     0   -24.0   46.014 -119.271    631.6    939.3
     1     1    17     8     4    13     0     0   -25.0   45.962 -119.356    637.9    938.7
     1     1    17     8     4    12     0     0   -26.0   45.940 -119.435    640.3    938.4
     1     1    17     8     4    11     0     0   -27.0   45.933 -119.531    638.4    938.7
     1     1    17     8     4    10     0     0   -28.0   45.899 -119.683    609.7    940.9
     1     1    17     8     4     9     0     0   -29.0   45.905 -119.844    594.3    943.5
     1     1    17     8     4     8     0     0   -30.0   45.934 -119.928    589.6    944.2
     1     1    17     8     4     7     0     0   -31.0   45.935 -119.976    588.2    944.1
     1     1    17     8     4     6     0     0   -32.0   45.941 -120.016    588.6    944.5
     1     1    17     8     4     5     0     0   -33.0   45.922 -120.070    594.6    943.9
     1     1    17     8     4     4     0     0   -34.0   45.859 -120.066    597.5    941.7
     1     1    17     8     4     3     0     0   -35.0   45.811 -119.998    600.2    942.9
     1     1    17     8     4     2     0     0   -36.0   45.778 -119.982    609.4    942.8
     1     1    17     8     4     1     0     0   -37.0   45.726 -119.980    610.4    940.5
     1     1    17     8     4     0     0     0   -38.0   45.672 -119.949    610.8    943.0
     1     1    17     8     3    23     0     0   -39.0   45.642 -119.916    615.4    940.6
     1     1    17     8     3    22     0     0   -40.0   45.632 -119.856    618.9    941.7
     1     1    17     8     3    21     0     0   -41.0   45.590 -119.812    614.8    940.3
     1     1    17     8     3    20     0     0   -42.0   45.515 -119.819    607.7    941.8
     1     1    17     8     3    19     0     0   -43.0   45.448 -119.849    586.9    944.6
     1     1    17     8     3    18     0     0   -44.0   45.382 -119.859    573.9    945.6
