     1     1
    SITE    10     3     1     0     0
     1 BACKWARD OMEGA   
    17     8     2     2   46.392 -119.412   700.0
     1 PRESSURE
     1     1    17     8     2     2     0     0     0.0   46.392 -119.412    700.0    931.4
     1     1    17     8     2     1     0     0    -1.0   46.516 -119.522    678.8    933.9
     1     1    17     8     2     0     0     0    -2.0   46.589 -119.606    671.9    934.5
     1     1    17     8     1    23     0     0    -3.0   46.603 -119.671    662.6    936.1
     1     1    17     8     1    22     0     0    -4.0   46.587 -119.720    658.3    936.1
     1     1    17     8     1    21     0     0    -5.0   46.589 -119.753    658.9    937.1
     1     1    17     8     1    20     0     0    -6.0   46.610 -119.792    660.0    935.3
     1     1    17     8     1    19     0     0    -7.0   46.606 -119.839    651.7    936.9
     1     1    17     8     1    18     0     0    -8.0   46.629 -119.810    633.4    938.3
     1     1    17     8     1    17     0     0    -9.0   46.706 -119.690    617.3    941.2
     1     1    17     8     1    16     0     0   -10.0   46.723 -119.565    606.3    942.6
     1     1    17     8     1    15     0     0   -11.0   46.696 -119.563    599.3    943.1
     1     1    17     8     1    14     0     0   -12.0   46.675 -119.563    584.9    944.3
     1     1    17     8     1    13     0     0   -13.0   46.610 -119.508    565.5    946.8
     1     1    17     8     1    12     0     0   -14.0   46.546 -119.581    563.4    946.9
     1     1    17     8     1    11     0     0   -15.0   46.579 -119.666    568.2    945.6
     1     1    17     8     1    10     0     0   -16.0   46.666 -119.691    565.6    946.8
     1     1    17     8     1     9     0     0   -17.0   46.683 -119.709    567.9    946.1
     1     1    17     8     1     8     0     0   -18.0   46.638 -119.702    566.0    946.3
     1     1    17     8     1     7     0     0   -19.0   46.593 -119.669    552.8    947.5
     1     1    17     8     1     6     0     0   -20.0   46.543 -119.646    543.3    949.7
     1     1    17     8     1     5     0     0   -21.0   46.490 -119.630    546.9    949.6
     1     1    17     8     1     4     0     0   -22.0   46.448 -119.622    554.8    947.2
     1     1    17     8     1     3     0     0   -23.0   46.410 -119.625    557.1    947.4
     1     1    17     8     1     2     0     0   -24.0   46.380 -119.610    555.7    947.3
     1     1    17     8     1     1     0     0   -25.0   46.349 -119.589    549.7    948.3
     1     1    17     8     1     0     0     0   -26.0   46.304 -119.588    539.4    948.7
     1     1    17     7    31    23     0     0   -27.0   46.302 -119.614    532.9    951.2
     1     1    17     7    31    22     0     0   -28.0   46.313 -119.680    539.8    950.1
     1     1    17     7    31    21     0     0   -29.0   46.309 -119.741    553.2    946.4
     1     1    17     7    31    20     0     0   -30.0   46.324 -119.775    554.0    948.0
     1     1    17     7    31    19     0     0   -31.0   46.310 -119.790    563.1    947.5
     1     1    17     7    31    18     0     0   -32.0   46.247 -119.750    556.4    946.0
     1     1    17     7    31    17     0     0   -33.0   46.167 -119.674    560.7    948.6
     1     1    17     7    31    16     0     0   -34.0   46.081 -119.630    590.1    943.5
     1     1    17     7    31    15     0     0   -35.0   45.989 -119.593    594.6    942.9
     1     1    17     7    31    14     0     0   -36.0   45.882 -119.546    577.0    945.8
     1     1    17     7    31    13     0     0   -37.0   45.770 -119.520    582.5    945.6
     1     1    17     7    31    12     0     0   -38.0   45.674 -119.510    584.9    944.1
     1     1    17     7    31    11     0     0   -39.0   45.589 -119.476    580.0    944.8
     1     1    17     7    31    10     0     0   -40.0   45.551 -119.403    575.1    945.6
     1     1    17     7    31     9     0     0   -41.0   45.527 -119.365    574.0    946.2
     1     1    17     7    31     8     0     0   -42.0   45.479 -119.358    576.1    945.0
     1     1    17     7    31     7     0     0   -43.0   45.444 -119.333    571.1    945.6
     1     1    17     7    31     6     0     0   -44.0   45.430 -119.291    564.3    947.1
     1     1    17     7    31     5     0     0   -45.0   45.420 -119.299    566.2    947.2
     1     1    17     7    31     4     0     0   -46.0   45.376 -119.320    559.1    945.4
