     1     1
    SITE    10     3     1     0     0
     1 BACKWARD OMEGA   
    17     8     8     6   46.392 -119.412   700.0
     1 PRESSURE
     1     1    17     8     8     6     0     0     0.0   46.392 -119.412    700.0    931.4
     1     1    17     8     8     5     0     0    -1.0   46.380 -119.435    703.1    931.0
     1     1    17     8     8     4     0     0    -2.0   46.370 -119.429    700.8    931.7
     1     1    17     8     8     3     0     0    -3.0   46.334 -119.388    705.7    930.6
     1     1    17     8     8     2     0     0    -4.0   46.295 -119.367    703.7    931.1
     1     1    17     8     8     1     0     0    -5.0   46.278 -119.337    702.9    931.3
     1     1    17     8     8     0     0     0    -6.0   46.246 -119.331    698.7    931.4
     1     1    17     8     7    23     0     0    -7.0   46.198 -119.359    696.3    932.9
     1     1    17     8     7    22     0     0    -8.0   46.213 -119.378    715.4    931.2
     1     1    17     8     7    21     0     0    -9.0   46.230 -119.420    740.6    924.1
     1     1    17     8     7    20     0     0   -10.0   46.188 -119.465    755.5    927.3
     1     1    17     8     7    19     0     0   -11.0   46.136 -119.493    772.2    921.6
     1     1    17     8     7    18     0     0   -12.0   46.081 -119.494    768.5    923.0
     1     1    17     8     7    17     0     0   -13.0   46.015 -119.473    765.9    923.9
     1     1    17     8     7    16     0     0   -14.0   45.931 -119.448    778.8    923.3
     1     1    17     8     7    15     0     0   -15.0   45.835 -119.404    787.2    920.4
     1     1    17     8     7    14     0     0   -16.0   45.725 -119.353    772.2    922.9
     1     1    17     8     7    13     0     0   -17.0   45.601 -119.319    773.2    924.3
     1     1    17     8     7    12     0     0   -18.0   45.484 -119.293    778.8    921.9
     1     1    17     8     7    11     0     0   -19.0   45.385 -119.260    771.2    923.7
