     1     1
    SITE    10     3     1     0     0
     1 BACKWARD OMEGA   
    17     8     4    19   46.392 -119.412   700.0
     1 PRESSURE
     1     1    17     8     4    19     0     0     0.0   46.392 -119.412    700.0    931.4
     1     1    17     8     4    18     0     0    -1.0   46.417 -119.425    694.0    932.1
     1     1    17     8     4    17     0     0    -2.0   46.490 -119.340    702.7    931.4
     1     1    17     8     4    16     0     0    -3.0   46.523 -119.322    715.3    929.2
     1     1    17     8     4    15     0     0    -4.0   46.552 -119.387    718.5    929.4
     1     1    17     8     4    14     0     0    -5.0   46.564 -119.471    715.1    928.4
     1     1    17     8     4    13     0     0    -6.0   46.513 -119.558    703.8    930.8
     1     1    17     8     4    12     0     0    -7.0   46.493 -119.636    700.3    931.4
     1     1    17     8     4    11     0     0    -8.0   46.489 -119.732    698.1    931.6
     1     1    17     8     4    10     0     0    -9.0   46.456 -119.886    733.4    927.6
     1     1    17     8     4     9     0     0   -10.0   46.463 -120.045    765.7    923.8
     1     1    17     8     4     8     0     0   -11.0   46.491 -120.128    784.8    921.5
     1     1    17     8     4     7     0     0   -12.0   46.492 -120.176    787.4    920.7
     1     1    17     8     4     6     0     0   -13.0   46.499 -120.215    792.2    922.2
     1     1    17     8     4     5     0     0   -14.0   46.482 -120.270    799.5    919.4
     1     1    17     8     4     4     0     0   -15.0   46.420 -120.265    777.5    922.0
     1     1    17     8     4     3     0     0   -16.0   46.373 -120.193    778.8    922.7
     1     1    17     8     4     2     0     0   -17.0   46.340 -120.178    780.8    921.3
     1     1    17     8     4     1     0     0   -18.0   46.289 -120.177    774.7    923.4
     1     1    17     8     4     0     0     0   -19.0   46.236 -120.148    786.8    922.3
     1     1    17     8     3    23     0     0   -20.0   46.207 -120.116    796.6    919.3
     1     1    17     8     3    22     0     0   -21.0   46.198 -120.056    799.5    920.0
     1     1    17     8     3    21     0     0   -22.0   46.157 -120.011    792.2    919.7
     1     1    17     8     3    20     0     0   -23.0   46.081 -120.017    793.8    920.7
     1     1    17     8     3    19     0     0   -24.0   46.012 -120.046    808.4    919.5
     1     1    17     8     3    18     0     0   -25.0   45.944 -120.056    826.9    917.0
     1     1    17     8     3    17     0     0   -26.0   45.857 -120.000    804.5    919.2
     1     1    17     8     3    16     0     0   -27.0   45.780 -119.883    773.7    923.5
     1     1    17     8     3    15     0     0   -28.0   45.735 -119.742    746.3    926.8
     1     1    17     8     3    14     0     0   -29.0   45.687 -119.622    747.5    926.2
     1     1    17     8     3    13     0     0   -30.0   45.626 -119.599    769.5    923.4
     1     1    17     8     3    12     0     0   -31.0   45.583 -119.687    762.3    921.8
     1     1    17     8     3    11     0     0   -32.0   45.626 -119.760    777.1    923.3
     1     1    17     8     3    10     0     0   -33.0   45.721 -119.798    767.0    922.7
     1     1    17     8     3     9     0     0   -34.0   45.759 -119.877    750.3    926.2
     1     1    17     8     3     8     0     0   -35.0   45.737 -119.921    764.4    923.9
     1     1    17     8     3     7     0     0   -36.0   45.703 -119.918    778.3    922.7
     1     1    17     8     3     6     0     0   -37.0   45.669 -119.926    782.7    920.7
     1     1    17     8     3     5     0     0   -38.0   45.635 -119.953    781.1    922.9
     1     1    17     8     3     4     0     0   -39.0   45.621 -119.999    780.5    921.9
     1     1    17     8     3     3     0     0   -40.0   45.626 -120.059    781.6    922.9
     1     1    17     8     3     2     0     0   -41.0   45.634 -120.128    789.2    921.1
     1     1    17     8     3     1     0     0   -42.0   45.642 -120.190    797.2    920.7
     1     1    17     8     3     0     0     0   -43.0   45.632 -120.242    802.5    919.4
     1     1    17     8     2    23     0     0   -44.0   45.622 -120.293    802.2    920.0
     1     1    17     8     2    22     0     0   -45.0   45.640 -120.351    798.4    919.9
     1     1    17     8     2    21     0     0   -46.0   45.657 -120.422    799.6    921.4
     1     1    17     8     2    20     0     0   -47.0   45.687 -120.501    823.9    918.5
     1     1    17     8     2    19     0     0   -48.0   45.751 -120.559    838.3    914.9
     1     1    17     8     2    18     0     0   -49.0   45.783 -120.673    830.6    917.1
     1     1    17     8     2    17     0     0   -50.0   45.712 -120.754    841.2    914.6
     1     1    17     8     2    16     0     0   -51.0   45.703 -120.726    840.6    915.5
     1     1    17     8     2    15     0     0   -52.0   45.703 -120.708    857.9    914.5
     1     1    17     8     2    14     0     0   -53.0   45.569 -120.709    848.1    914.3
     1     1    17     8     2    13     0     0   -54.0   45.417 -120.708    816.5    919.0
