     1     1
    SITE    10     3     1     0     0
     1 BACKWARD OMEGA   
    17     8    18     0   46.392 -119.412   700.0
     1 PRESSURE
     1     1    17     8    18     0     0     0     0.0   46.392 -119.412    700.0    931.4
     1     1    17     8    17    23     0     0    -1.0   46.349 -119.361    719.0    929.2
     1     1    17     8    17    22     0     0    -2.0   46.362 -119.374    721.9    928.7
     1     1    17     8    17    21     0     0    -3.0   46.384 -119.455    725.5    929.0
     1     1    17     8    17    20     0     0    -4.0   46.324 -119.486    730.8    926.6
     1     1    17     8    17    19     0     0    -5.0   46.248 -119.465    715.6    929.9
     1     1    17     8    17    18     0     0    -6.0   46.165 -119.491    707.2    930.2
     1     1    17     8    17    17     0     0    -7.0   46.048 -119.577    675.1    934.0
     1     1    17     8    17    16     0     0    -8.0   45.905 -119.666    672.2    934.2
     1     1    17     8    17    15     0     0    -9.0   45.773 -119.694    678.8    933.9
     1     1    17     8    17    14     0     0   -10.0   45.666 -119.688    688.1    932.8
     1     1    17     8    17    13     0     0   -11.0   45.561 -119.670    702.3    930.8
     1     1    17     8    17    12     0     0   -12.0   45.462 -119.611    713.9    930.3
     1     1    17     8    17    11     0     0   -13.0   45.375 -119.535    736.2    927.1
