     1     1
    SITE    10     3     1     0     0
     1 BACKWARD OMEGA   
    17     8     3    17   46.392 -119.412   700.0
     1 PRESSURE
     1     1    17     8     3    17     0     0     0.0   46.392 -119.412    700.0    931.4
     1     1    17     8     3    16     0     0    -1.0   46.314 -119.292    705.3    930.8
     1     1    17     8     3    15     0     0    -2.0   46.269 -119.151    702.6    931.3
     1     1    17     8     3    14     0     0    -3.0   46.221 -119.031    715.1    929.5
     1     1    17     8     3    13     0     0    -4.0   46.158 -119.009    729.0    928.0
     1     1    17     8     3    12     0     0    -5.0   46.114 -119.098    724.1    926.4
     1     1    17     8     3    11     0     0    -6.0   46.157 -119.176    708.3    930.9
     1     1    17     8     3    10     0     0    -7.0   46.254 -119.212    717.9    928.4
     1     1    17     8     3     9     0     0    -8.0   46.293 -119.292    718.9    929.5
     1     1    17     8     3     8     0     0    -9.0   46.272 -119.338    724.7    928.2
     1     1    17     8     3     7     0     0   -10.0   46.239 -119.335    719.9    929.3
     1     1    17     8     3     6     0     0   -11.0   46.205 -119.341    712.2    929.5
     1     1    17     8     3     5     0     0   -12.0   46.172 -119.368    702.0    931.3
     1     1    17     8     3     4     0     0   -13.0   46.157 -119.415    693.6    932.0
     1     1    17     8     3     3     0     0   -14.0   46.161 -119.476    688.2    932.8
     1     1    17     8     3     2     0     0   -15.0   46.169 -119.547    691.3    933.2
     1     1    17     8     3     1     0     0   -16.0   46.176 -119.611    693.2    931.2
     1     1    17     8     3     0     0     0   -17.0   46.167 -119.663    686.4    933.0
     1     1    17     8     2    23     0     0   -18.0   46.157 -119.718    687.2    933.7
     1     1    17     8     2    22     0     0   -19.0   46.176 -119.777    696.2    931.9
     1     1    17     8     2    21     0     0   -20.0   46.193 -119.846    702.0    930.6
     1     1    17     8     2    20     0     0   -21.0   46.222 -119.927    707.5    930.6
     1     1    17     8     2    19     0     0   -22.0   46.287 -119.989    708.6    929.7
     1     1    17     8     2    18     0     0   -23.0   46.320 -120.106    695.5    931.6
     1     1    17     8     2    17     0     0   -24.0   46.246 -120.190    690.7    932.9
     1     1    17     8     2    16     0     0   -25.0   46.235 -120.160    701.2    931.2
     1     1    17     8     2    15     0     0   -26.0   46.232 -120.143    706.8    930.6
     1     1    17     8     2    14     0     0   -27.0   46.095 -120.147    698.8    931.2
     1     1    17     8     2    13     0     0   -28.0   45.942 -120.150    686.0    932.8
     1     1    17     8     2    12     0     0   -29.0   45.780 -120.149    691.8    932.6
     1     1    17     8     2    11     0     0   -30.0   45.599 -120.147    704.5    930.4
     1     1    17     8     2    10     0     0   -31.0   45.502 -119.994    704.2    930.8
     1     1    17     8     2     9     0     0   -32.0   45.613 -119.859    722.9    928.5
     1     1    17     8     2     8     0     0   -33.0   45.836 -119.908    695.8    932.4
     1     1    17     8     2     7     0     0   -34.0   46.036 -120.005    690.8    932.5
     1     1    17     8     2     6     0     0   -35.0   46.200 -120.131    684.6    933.4
     1     1    17     8     2     5     0     0   -36.0   46.344 -120.227    699.9    930.9
     1     1    17     8     2     4     0     0   -37.0   46.480 -120.291    701.2    930.4
     1     1    17     8     2     3     0     0   -38.0   46.626 -120.367    706.3    929.7
     1     1    17     8     2     2     0     0   -39.0   46.778 -120.481    670.4    934.4
     1     1    17     8     2     1     0     0   -40.0   46.906 -120.586    671.0    934.9
     1     1    17     8     2     0     0     0   -41.0   46.982 -120.669    689.0    932.5
     1     1    17     8     1    23     0     0   -42.0   46.995 -120.733    692.2    932.5
     1     1    17     8     1    22     0     0   -43.0   46.978 -120.783    694.1    931.4
     1     1    17     8     1    21     0     0   -44.0   46.980 -120.818    694.7    932.6
     1     1    17     8     1    20     0     0   -45.0   47.001 -120.858    700.4    931.4
     1     1    17     8     1    19     0     0   -46.0   46.997 -120.908    699.9    930.7
