     1     1
    SITE    10     3     1     0     0
     1 BACKWARD OMEGA   
    17     8     6     0   46.392 -119.412   700.0
     1 PRESSURE
     1     1    17     8     6     0     0     0     0.0   46.392 -119.412    700.0    931.4
     1     1    17     8     5    23     0     0    -1.0   46.404 -119.453    704.2    930.9
     1     1    17     8     5    22     0     0    -2.0   46.411 -119.490    711.3    929.5
     1     1    17     8     5    21     0     0    -3.0   46.381 -119.521    713.6    929.4
     1     1    17     8     5    20     0     0    -4.0   46.337 -119.560    711.6    930.0
     1     1    17     8     5    19     0     0    -5.0   46.281 -119.603    697.8    931.0
     1     1    17     8     5    18     0     0    -6.0   46.222 -119.624    684.3    934.0
     1     1    17     8     5    17     0     0    -7.0   46.140 -119.610    674.4    934.6
     1     1    17     8     5    16     0     0    -8.0   46.058 -119.546    667.1    935.1
     1     1    17     8     5    15     0     0    -9.0   46.022 -119.444    664.5    935.4
     1     1    17     8     5    14     0     0   -10.0   46.036 -119.428    640.1    938.2
     1     1    17     8     5    13     0     0   -11.0   46.040 -119.412    614.3    942.0
     1     1    17     8     5    12     0     0   -12.0   46.022 -119.293    607.7    942.6
     1     1    17     8     5    11     0     0   -13.0   45.960 -119.231    622.6    940.8
     1     1    17     8     5    10     0     0   -14.0   45.858 -119.238    652.8    937.5
     1     1    17     8     5     9     0     0   -15.0   45.781 -119.241    671.9    934.8
     1     1    17     8     5     8     0     0   -16.0   45.747 -119.256    678.2    933.7
     1     1    17     8     5     7     0     0   -17.0   45.720 -119.268    671.8    934.3
     1     1    17     8     5     6     0     0   -18.0   45.690 -119.237    671.3    935.7
     1     1    17     8     5     5     0     0   -19.0   45.683 -119.231    673.8    934.3
     1     1    17     8     5     4     0     0   -20.0   45.656 -119.239    671.6    933.7
     1     1    17     8     5     3     0     0   -21.0   45.596 -119.214    663.2    935.8
     1     1    17     8     5     2     0     0   -22.0   45.521 -119.192    651.1    937.9
     1     1    17     8     5     1     0     0   -23.0   45.445 -119.176    645.2    937.6
     1     1    17     8     5     0     0     0   -24.0   45.391 -119.120    627.9    939.9
