     1     1
    SITE    10     3     1     0     0
     1 BACKWARD OMEGA   
    17     8    13     1   46.392 -119.412   700.0
     1 PRESSURE
     1     1    17     8    13     1     0     0     0.0   46.392 -119.412    700.0    931.4
     1     1    17     8    13     0     0     0    -1.0   46.317 -119.392    713.3    929.8
     1     1    17     8    12    23     0     0    -2.0   46.250 -119.354    705.3    930.8
     1     1    17     8    12    22     0     0    -3.0   46.203 -119.399    698.4    931.8
     1     1    17     8    12    21     0     0    -4.0   46.209 -119.546    677.0    934.2
     1     1    17     8    12    20     0     0    -5.0   46.215 -119.728    652.3    936.9
     1     1    17     8    12    19     0     0    -6.0   46.152 -119.777    639.1    939.1
     1     1    17     8    12    18     0     0    -7.0   46.065 -119.684    646.0    937.8
     1     1    17     8    12    17     0     0    -8.0   45.949 -119.607    684.6    931.9
     1     1    17     8    12    16     0     0    -9.0   45.804 -119.536    681.6    933.3
     1     1    17     8    12    15     0     0   -10.0   45.659 -119.458    654.6    936.8
     1     1    17     8    12    14     0     0   -11.0   45.529 -119.402    635.9    939.6
     1     1    17     8    12    13     0     0   -12.0   45.400 -119.393    614.2    941.4
