     1     1
    SITE    10     3     1     0     0
     1 BACKWARD OMEGA   
    17     8    11    18   46.392 -119.412   700.0
     1 PRESSURE
     1     1    17     8    11    18     0     0     0.0   46.392 -119.412    700.0    931.4
     1     1    17     8    11    17     0     0    -1.0   46.314 -119.406    701.2    931.3
     1     1    17     8    11    16     0     0    -2.0   46.215 -119.379    709.0    930.0
     1     1    17     8    11    15     0     0    -3.0   46.143 -119.312    708.4    931.5
     1     1    17     8    11    14     0     0    -4.0   46.114 -119.204    726.8    927.3
     1     1    17     8    11    13     0     0    -5.0   46.063 -119.113    724.9    929.5
     1     1    17     8    11    12     0     0    -6.0   46.041 -119.042    734.3    926.4
     1     1    17     8    11    11     0     0    -7.0   46.029 -119.012    728.7    928.8
     1     1    17     8    11    10     0     0    -8.0   45.987 -118.976    733.2    928.2
     1     1    17     8    11     9     0     0    -9.0   46.004 -118.911    733.1    927.0
     1     1    17     8    11     8     0     0   -10.0   46.010 -118.895    730.1    927.8
     1     1    17     8    11     7     0     0   -11.0   45.981 -118.934    727.6    927.6
     1     1    17     8    11     6     0     0   -12.0   45.958 -118.960    721.5    929.7
     1     1    17     8    11     5     0     0   -13.0   45.918 -118.962    729.2    928.5
     1     1    17     8    11     4     0     0   -14.0   45.876 -118.999    740.5    926.9
     1     1    17     8    11     3     0     0   -15.0   45.859 -119.000    743.9    925.3
     1     1    17     8    11     2     0     0   -16.0   45.843 -118.977    742.8    927.1
     1     1    17     8    11     1     0     0   -17.0   45.794 -118.962    755.4    926.0
     1     1    17     8    11     0     0     0   -18.0   45.740 -118.958    765.7    922.7
     1     1    17     8    10    23     0     0   -19.0   45.702 -119.015    777.7    923.6
     1     1    17     8    10    22     0     0   -20.0   45.727 -119.079    773.1    919.3
     1     1    17     8    10    21     0     0   -21.0   45.754 -119.123    767.7    924.0
     1     1    17     8    10    20     0     0   -22.0   45.725 -119.165    775.2    922.7
     1     1    17     8    10    19     0     0   -23.0   45.701 -119.207    783.8    922.2
     1     1    17     8    10    18     0     0   -24.0   45.654 -119.227    791.8    920.9
     1     1    17     8    10    17     0     0   -25.0   45.615 -119.178    785.4    922.4
     1     1    17     8    10    16     0     0   -26.0   45.610 -119.082    785.3    921.2
     1     1    17     8    10    15     0     0   -27.0   45.614 -118.979    781.4    922.6
     1     1    17     8    10    14     0     0   -28.0   45.628 -118.878    780.8    921.9
     1     1    17     8    10    13     0     0   -29.0   45.625 -118.775    763.1    924.4
     1     1    17     8    10    12     0     0   -30.0   45.596 -118.699    757.7    924.7
     1     1    17     8    10    11     0     0   -31.0   45.550 -118.668    758.4    925.2
     1     1    17     8    10    10     0     0   -32.0   45.498 -118.654    762.6    924.1
     1     1    17     8    10     9     0     0   -33.0   45.447 -118.625    770.5    923.9
     1     1    17     8    10     8     0     0   -34.0   45.385 -118.585    792.4    922.5
