     1     1
    SITE    10     3     1     0     0
     1 BACKWARD OMEGA   
    17     8    24    11   46.392 -119.412   700.0
     1 PRESSURE
     1     1    17     8    24    11     0     0     0.0   46.392 -119.412    700.0    931.4
     1     1    17     8    24    10     0     0    -1.0   46.239 -119.484    672.1    934.7
     1     1    17     8    24     9     0     0    -2.0   46.140 -119.471    669.3    935.0
     1     1    17     8    24     8     0     0    -3.0   46.061 -119.496    660.8    935.9
     1     1    17     8    24     7     0     0    -4.0   46.018 -119.590    645.1    938.4
     1     1    17     8    24     6     0     0    -5.0   45.984 -119.641    632.2    939.2
     1     1    17     8    24     5     0     0    -6.0   45.930 -119.625    627.8    940.7
     1     1    17     8    24     4     0     0    -7.0   45.926 -119.619    629.2    939.7
     1     1    17     8    24     3     0     0    -8.0   45.908 -119.641    641.8    939.3
     1     1    17     8    24     2     0     0    -9.0   45.841 -119.639    643.3    937.8
     1     1    17     8    24     1     0     0   -10.0   45.778 -119.601    641.2    939.4
     1     1    17     8    24     0     0     0   -11.0   45.732 -119.592    638.8    938.7
     1     1    17     8    23    23     0     0   -12.0   45.709 -119.623    633.2    939.3
     1     1    17     8    23    22     0     0   -13.0   45.682 -119.641    627.9    940.1
     1     1    17     8    23    21     0     0   -14.0   45.694 -119.688    617.2    940.4
     1     1    17     8    23    20     0     0   -15.0   45.693 -119.730    601.3    943.2
     1     1    17     8    23    19     0     0   -16.0   45.624 -119.689    600.3    943.5
     1     1    17     8    23    18     0     0   -17.0   45.549 -119.604    589.1    943.8
     1     1    17     8    23    17     0     0   -18.0   45.464 -119.537    581.8    945.5
     1     1    17     8    23    16     0     0   -19.0   45.365 -119.495    594.1    943.9
