     1     1
    SITE    10     3     1     0     0
     1 BACKWARD OMEGA   
    17     8     7     0   46.392 -119.412   700.0
     1 PRESSURE
     1     1    17     8     7     0     0     0     0.0   46.392 -119.412    700.0    931.4
     1     1    17     8     6    23     0     0    -1.0   46.354 -119.435    710.4    930.2
     1     1    17     8     6    22     0     0    -2.0   46.329 -119.450    706.9    930.2
     1     1    17     8     6    21     0     0    -3.0   46.327 -119.473    706.0    931.3
     1     1    17     8     6    20     0     0    -4.0   46.331 -119.497    706.8    930.6
     1     1    17     8     6    19     0     0    -5.0   46.341 -119.533    710.4    930.4
     1     1    17     8     6    18     0     0    -6.0   46.387 -119.573    712.1    930.0
     1     1    17     8     6    17     0     0    -7.0   46.404 -119.624    707.9    930.4
     1     1    17     8     6    16     0     0    -8.0   46.385 -119.615    697.1    931.4
     1     1    17     8     6    15     0     0    -9.0   46.409 -119.535    693.8    931.8
     1     1    17     8     6    14     0     0   -10.0   46.473 -119.477    686.4    933.2
     1     1    17     8     6    13     0     0   -11.0   46.531 -119.431    684.8    933.0
     1     1    17     8     6    12     0     0   -12.0   46.550 -119.360    674.9    933.8
     1     1    17     8     6    11     0     0   -13.0   46.573 -119.297    687.9    935.5
     1     1    17     8     6    10     0     0   -14.0   46.623 -119.256    700.6    929.4
     1     1    17     8     6     9     0     0   -15.0   46.625 -119.223    700.6    931.6
     1     1    17     8     6     8     0     0   -16.0   46.584 -119.214    698.1    932.1
     1     1    17     8     6     7     0     0   -17.0   46.549 -119.220    699.0    931.5
     1     1    17     8     6     6     0     0   -18.0   46.517 -119.231    699.7    931.5
     1     1    17     8     6     5     0     0   -19.0   46.480 -119.218    696.9    931.2
     1     1    17     8     6     4     0     0   -20.0   46.446 -119.195    693.1    932.1
     1     1    17     8     6     3     0     0   -21.0   46.419 -119.206    696.1    932.8
     1     1    17     8     6     2     0     0   -22.0   46.389 -119.204    707.0    930.7
     1     1    17     8     6     1     0     0   -23.0   46.350 -119.204    703.4    929.9
     1     1    17     8     6     0     0     0   -24.0   46.319 -119.241    703.7    931.6
     1     1    17     8     5    23     0     0   -25.0   46.331 -119.281    722.0    930.4
     1     1    17     8     5    22     0     0   -26.0   46.337 -119.318    734.8    926.4
     1     1    17     8     5    21     0     0   -27.0   46.307 -119.349    729.5    926.7
     1     1    17     8     5    20     0     0   -28.0   46.262 -119.387    721.9    930.0
     1     1    17     8     5    19     0     0   -29.0   46.205 -119.428    735.8    927.9
     1     1    17     8     5    18     0     0   -30.0   46.144 -119.447    740.0    924.9
     1     1    17     8     5    17     0     0   -31.0   46.060 -119.433    738.9    927.4
     1     1    17     8     5    16     0     0   -32.0   45.976 -119.367    756.6    925.0
     1     1    17     8     5    15     0     0   -33.0   45.939 -119.262    781.7    922.2
     1     1    17     8     5    14     0     0   -34.0   45.952 -119.246    792.3    920.8
     1     1    17     8     5    13     0     0   -35.0   45.957 -119.233    795.7    920.5
     1     1    17     8     5    12     0     0   -36.0   45.940 -119.116    782.3    922.1
     1     1    17     8     5    11     0     0   -37.0   45.877 -119.053    754.4    924.7
     1     1    17     8     5    10     0     0   -38.0   45.774 -119.057    735.3    928.3
     1     1    17     8     5     9     0     0   -39.0   45.698 -119.058    745.8    926.4
     1     1    17     8     5     8     0     0   -40.0   45.664 -119.075    759.7    924.3
     1     1    17     8     5     7     0     0   -41.0   45.638 -119.086    767.2    923.9
     1     1    17     8     5     6     0     0   -42.0   45.610 -119.056    769.6    923.6
     1     1    17     8     5     5     0     0   -43.0   45.603 -119.050    772.5    923.7
     1     1    17     8     5     4     0     0   -44.0   45.576 -119.057    782.2    922.4
     1     1    17     8     5     3     0     0   -45.0   45.516 -119.031    794.2    920.9
     1     1    17     8     5     2     0     0   -46.0   45.441 -119.005    804.7    919.4
     1     1    17     8     5     1     0     0   -47.0   45.366 -118.985    789.6    920.8
