     1     1
    SITE    10     3     1     0     0
     1 BACKWARD OMEGA   
    17     8    29    10   46.392 -119.412   700.0
     1 PRESSURE
     1     1    17     8    29    10     0     0     0.0   46.392 -119.412    700.0    931.4
     1     1    17     8    29     9     0     0    -1.0   46.402 -119.362    705.5    930.8
     1     1    17     8    29     8     0     0    -2.0   46.436 -119.332    710.1    929.9
     1     1    17     8    29     7     0     0    -3.0   46.440 -119.306    715.1    930.0
     1     1    17     8    29     6     0     0    -4.0   46.415 -119.283    716.5    929.3
     1     1    17     8    29     5     0     0    -5.0   46.390 -119.283    712.5    929.5
     1     1    17     8    29     4     0     0    -6.0   46.381 -119.315    709.5    931.5
     1     1    17     8    29     3     0     0    -7.0   46.409 -119.347    721.3    929.0
     1     1    17     8    29     2     0     0    -8.0   46.458 -119.377    729.5    927.7
     1     1    17     8    29     1     0     0    -9.0   46.473 -119.448    732.3    927.4
     1     1    17     8    29     0     0     0   -10.0   46.423 -119.502    726.1    928.3
     1     1    17     8    28    23     0     0   -11.0   46.354 -119.529    717.8    929.8
     1     1    17     8    28    22     0     0   -12.0   46.313 -119.570    711.0    929.8
     1     1    17     8    28    21     0     0   -13.0   46.309 -119.606    702.8    932.2
     1     1    17     8    28    20     0     0   -14.0   46.306 -119.679    709.9    930.8
     1     1    17     8    28    19     0     0   -15.0   46.277 -119.751    716.1    929.7
     1     1    17     8    28    18     0     0   -16.0   46.289 -119.806    717.7    928.7
     1     1    17     8    28    17     0     0   -17.0   46.359 -119.878    732.8    927.0
     1     1    17     8    28    16     0     0   -18.0   46.388 -119.970    746.4    926.2
     1     1    17     8    28    15     0     0   -19.0   46.426 -120.047    742.9    926.2
     1     1    17     8    28    14     0     0   -20.0   46.461 -120.010    752.0    925.5
     1     1    17     8    28    13     0     0   -21.0   46.490 -119.916    741.2    926.4
     1     1    17     8    28    12     0     0   -22.0   46.584 -119.871    733.0    927.8
     1     1    17     8    28    11     0     0   -23.0   46.692 -119.865    723.6    929.1
     1     1    17     8    28    10     0     0   -24.0   46.819 -119.895    720.2    929.4
     1     1    17     8    28     9     0     0   -25.0   46.963 -119.960    736.4    927.2
     1     1    17     8    28     8     0     0   -26.0   46.979 -120.002    740.1    926.4
     1     1    17     8    28     7     0     0   -27.0   46.913 -120.042    730.8    927.3
     1     1    17     8    28     6     0     0   -28.0   46.928 -120.112    721.5    929.4
     1     1    17     8    28     5     0     0   -29.0   46.983 -120.096    740.6    927.7
     1     1    17     8    28     4     0     0   -30.0   46.998 -120.023    736.8    926.5
     1     1    17     8    28     3     0     0   -31.0   46.957 -119.995    732.0    928.5
     1     1    17     8    28     2     0     0   -32.0   46.914 -119.972    722.8    928.3
     1     1    17     8    28     1     0     0   -33.0   46.866 -119.930    701.7    930.5
     1     1    17     8    28     0     0     0   -34.0   46.818 -119.883    690.4    934.4
     1     1    17     8    27    23     0     0   -35.0   46.782 -119.859    689.3    932.0
     1     1    17     8    27    22     0     0   -36.0   46.755 -119.875    689.3    933.7
     1     1    17     8    27    21     0     0   -37.0   46.744 -119.906    694.0    931.8
     1     1    17     8    27    20     0     0   -38.0   46.748 -119.956    688.0    931.9
     1     1    17     8    27    19     0     0   -39.0   46.748 -120.006    681.0    934.5
     1     1    17     8    27    18     0     0   -40.0   46.730 -120.043    685.3    933.7
     1     1    17     8    27    17     0     0   -41.0   46.689 -120.066    694.1    932.1
     1     1    17     8    27    16     0     0   -42.0   46.629 -120.083    698.6    930.5
     1     1    17     8    27    15     0     0   -43.0   46.623 -120.085    686.8    932.0
     1     1    17     8    27    14     0     0   -44.0   46.661 -120.033    685.0    934.5
     1     1    17     8    27    13     0     0   -45.0   46.680 -119.953    690.8    932.7
     1     1    17     8    27    12     0     0   -46.0   46.665 -119.873    685.9    931.3
     1     1    17     8    27    11     0     0   -47.0   46.623 -119.824    671.2    936.4
     1     1    17     8    27    10     0     0   -48.0   46.578 -119.805    657.6    934.7
     1     1    17     8    27     9     0     0   -49.0   46.532 -119.795    642.6    939.8
     1     1    17     8    27     8     0     0   -50.0   46.493 -119.777    645.8    938.6
     1     1    17     8    27     7     0     0   -51.0   46.466 -119.773    653.6    937.1
     1     1    17     8    27     6     0     0   -52.0   46.470 -119.799    664.4    935.6
     1     1    17     8    27     5     0     0   -53.0   46.499 -119.833    664.7    934.7
     1     1    17     8    27     4     0     0   -54.0   46.516 -119.876    661.1    936.4
     1     1    17     8    27     3     0     0   -55.0   46.517 -119.917    658.2    936.1
     1     1    17     8    27     2     0     0   -56.0   46.498 -119.957    651.4    936.6
     1     1    17     8    27     1     0     0   -57.0   46.460 -119.986    641.1    939.0
     1     1    17     8    27     0     0     0   -58.0   46.413 -120.019    641.8    939.0
     1     1    17     8    26    23     0     0   -59.0   46.378 -120.088    642.1    938.3
     1     1    17     8    26    22     0     0   -60.0   46.348 -120.124    641.8    938.4
     1     1    17     8    26    21     0     0   -61.0   46.341 -120.139    638.2    938.4
     1     1    17     8    26    20     0     0   -62.0   46.348 -120.174    633.3    939.6
     1     1    17     8    26    19     0     0   -63.0   46.331 -120.204    631.3    939.9
     1     1    17     8    26    18     0     0   -64.0   46.288 -120.223    637.5    939.7
     1     1    17     8    26    17     0     0   -65.0   46.293 -120.199    653.1    937.4
     1     1    17     8    26    16     0     0   -66.0   46.355 -120.125    639.9    938.5
     1     1    17     8    26    15     0     0   -67.0   46.358 -120.036    633.1    939.7
     1     1    17     8    26    14     0     0   -68.0   46.363 -119.952    623.9    940.9
     1     1    17     8    26    13     0     0   -69.0   46.399 -119.857    629.5    940.4
     1     1    17     8    26    12     0     0   -70.0   46.431 -119.767    637.2    938.6
     1     1    17     8    26    11     0     0   -71.0   46.463 -119.682    617.7    939.5
     1     1    17     8    26    10     0     0   -72.0   46.493 -119.605    601.7    944.1
