     1     1
    SITE    10     3     1     0     0
     1 BACKWARD OMEGA   
    17     8    29     2   46.392 -119.412   700.0
     1 PRESSURE
     1     1    17     8    29     2     0     0     0.0   46.392 -119.412    700.0    931.4
     1     1    17     8    29     1     0     0    -1.0   46.405 -119.484    692.4    932.3
     1     1    17     8    29     0     0     0    -2.0   46.354 -119.540    676.5    934.2
     1     1    17     8    28    23     0     0    -3.0   46.284 -119.566    676.8    934.3
     1     1    17     8    28    22     0     0    -4.0   46.244 -119.608    679.8    933.4
     1     1    17     8    28    21     0     0    -5.0   46.240 -119.645    672.4    934.7
     1     1    17     8    28    20     0     0    -6.0   46.236 -119.718    673.6    935.1
     1     1    17     8    28    19     0     0    -7.0   46.207 -119.790    673.8    934.1
     1     1    17     8    28    18     0     0    -8.0   46.219 -119.845    671.0    935.7
     1     1    17     8    28    17     0     0    -9.0   46.288 -119.915    661.1    936.5
     1     1    17     8    28    16     0     0   -10.0   46.317 -120.006    671.2    934.5
     1     1    17     8    28    15     0     0   -11.0   46.355 -120.081    664.4    935.5
     1     1    17     8    28    14     0     0   -12.0   46.389 -120.042    640.2    938.5
     1     1    17     8    28    13     0     0   -13.0   46.417 -119.949    646.6    938.1
     1     1    17     8    28    12     0     0   -14.0   46.513 -119.906    650.3    937.9
     1     1    17     8    28    11     0     0   -15.0   46.622 -119.898    634.3    939.0
     1     1    17     8    28    10     0     0   -16.0   46.751 -119.923    612.9    941.2
     1     1    17     8    28     9     0     0   -17.0   46.895 -119.989    617.5    941.2
     1     1    17     8    28     8     0     0   -18.0   46.912 -120.032    636.0    939.0
     1     1    17     8    28     7     0     0   -19.0   46.847 -120.072    660.4    935.4
     1     1    17     8    28     6     0     0   -20.0   46.860 -120.142    665.1    935.3
     1     1    17     8    28     5     0     0   -21.0   46.915 -120.127    656.3    935.4
     1     1    17     8    28     4     0     0   -22.0   46.930 -120.052    653.3    936.2
     1     1    17     8    28     3     0     0   -23.0   46.889 -120.024    651.9    937.1
     1     1    17     8    28     2     0     0   -24.0   46.845 -119.999    646.1    937.4
     1     1    17     8    28     1     0     0   -25.0   46.797 -119.955    634.0    939.2
     1     1    17     8    28     0     0     0   -26.0   46.749 -119.908    633.7    940.3
     1     1    17     8    27    23     0     0   -27.0   46.713 -119.883    630.0    938.6
     1     1    17     8    27    22     0     0   -28.0   46.684 -119.900    625.2    941.1
     1     1    17     8    27    21     0     0   -29.0   46.673 -119.931    627.0    939.9
     1     1    17     8    27    20     0     0   -30.0   46.676 -119.981    625.2    940.2
     1     1    17     8    27    19     0     0   -31.0   46.674 -120.032    626.9    940.1
     1     1    17     8    27    18     0     0   -32.0   46.657 -120.069    620.5    940.1
     1     1    17     8    27    17     0     0   -33.0   46.617 -120.094    611.8    942.2
     1     1    17     8    27    16     0     0   -34.0   46.557 -120.109    609.8    943.0
     1     1    17     8    27    15     0     0   -35.0   46.550 -120.111    612.6    941.3
     1     1    17     8    27    14     0     0   -36.0   46.590 -120.058    603.7    943.1
     1     1    17     8    27    13     0     0   -37.0   46.610 -119.978    602.4    943.5
     1     1    17     8    27    12     0     0   -38.0   46.596 -119.898    601.3    942.2
     1     1    17     8    27    11     0     0   -39.0   46.555 -119.852    612.5    941.9
     1     1    17     8    27    10     0     0   -40.0   46.510 -119.834    614.0    940.4
     1     1    17     8    27     9     0     0   -41.0   46.464 -119.825    617.5    942.3
     1     1    17     8    27     8     0     0   -42.0   46.425 -119.807    625.8    939.5
     1     1    17     8    27     7     0     0   -43.0   46.399 -119.803    624.0    939.7
     1     1    17     8    27     6     0     0   -44.0   46.404 -119.830    625.0    941.3
     1     1    17     8    27     5     0     0   -45.0   46.433 -119.863    631.2    938.9
     1     1    17     8    27     4     0     0   -46.0   46.451 -119.906    629.6    939.6
     1     1    17     8    27     3     0     0   -47.0   46.452 -119.947    631.0    940.2
     1     1    17     8    27     2     0     0   -48.0   46.432 -119.988    629.0    938.8
     1     1    17     8    27     1     0     0   -49.0   46.394 -120.019    623.5    940.9
     1     1    17     8    27     0     0     0   -50.0   46.346 -120.054    616.5    940.6
     1     1    17     8    26    23     0     0   -51.0   46.312 -120.122    607.9    942.9
     1     1    17     8    26    22     0     0   -52.0   46.283 -120.159    605.2    942.2
     1     1    17     8    26    21     0     0   -53.0   46.276 -120.176    595.7    942.8
     1     1    17     8    26    20     0     0   -54.0   46.282 -120.211    587.7    944.5
     1     1    17     8    26    19     0     0   -55.0   46.265 -120.242    582.8    944.7
     1     1    17     8    26    18     0     0   -56.0   46.223 -120.259    588.9    945.3
     1     1    17     8    26    17     0     0   -57.0   46.228 -120.232    603.8    941.9
     1     1    17     8    26    16     0     0   -58.0   46.290 -120.159    619.4    941.3
     1     1    17     8    26    15     0     0   -59.0   46.293 -120.070    619.1    938.3
     1     1    17     8    26    14     0     0   -60.0   46.296 -119.987    605.3    944.6
     1     1    17     8    26    13     0     0   -61.0   46.332 -119.894    609.4    942.1
     1     1    17     8    26    12     0     0   -62.0   46.365 -119.802    612.7    941.4
     1     1    17     8    26    11     0     0   -63.0   46.398 -119.716    605.6    942.2
     1     1    17     8    26    10     0     0   -64.0   46.429 -119.638    610.4    942.0
     1     1    17     8    26     9     0     0   -65.0   46.444 -119.645    612.0    940.6
     1     1    17     8    26     8     0     0   -66.0   46.420 -119.673    602.8    942.8
     1     1    17     8    26     7     0     0   -67.0   46.388 -119.664    597.8    943.3
     1     1    17     8    26     6     0     0   -68.0   46.375 -119.682    600.5    943.5
     1     1    17     8    26     5     0     0   -69.0   46.369 -119.685    608.3    941.6
     1     1    17     8    26     4     0     0   -70.0   46.367 -119.688    608.2    942.0
     1     1    17     8    26     3     0     0   -71.0   46.366 -119.714    606.4    942.1
     1     1    17     8    26     2     0     0   -72.0   46.354 -119.737    610.4    942.4
