     1     1
    SITE    10     3     1     0     0
     1 BACKWARD OMEGA   
    17     8     6     3   46.392 -119.412   700.0
     1 PRESSURE
     1     1    17     8     6     3     0     0     0.0   46.392 -119.412    700.0    931.4
     1     1    17     8     6     2     0     0    -1.0   46.361 -119.411    692.0    932.4
     1     1    17     8     6     1     0     0    -2.0   46.320 -119.411    684.2    933.1
     1     1    17     8     6     0     0     0    -3.0   46.289 -119.445    679.5    934.9
     1     1    17     8     5    23     0     0    -4.0   46.302 -119.486    684.8    933.4
     1     1    17     8     5    22     0     0    -5.0   46.309 -119.524    684.5    932.6
     1     1    17     8     5    21     0     0    -6.0   46.279 -119.554    684.5    934.6
     1     1    17     8     5    20     0     0    -7.0   46.232 -119.593    691.3    931.8
     1     1    17     8     5    19     0     0    -8.0   46.175 -119.635    691.7    931.8
     1     1    17     8     5    18     0     0    -9.0   46.113 -119.655    680.0    932.9
     1     1    17     8     5    17     0     0   -10.0   46.030 -119.641    672.5    934.7
     1     1    17     8     5    16     0     0   -11.0   45.947 -119.574    673.6    935.1
     1     1    17     8     5    15     0     0   -12.0   45.909 -119.469    685.7    932.9
     1     1    17     8     5    14     0     0   -13.0   45.921 -119.452    698.1    931.8
     1     1    17     8     5    13     0     0   -14.0   45.925 -119.438    699.6    930.9
     1     1    17     8     5    12     0     0   -15.0   45.905 -119.322    705.5    930.7
     1     1    17     8     5    11     0     0   -16.0   45.844 -119.259    724.2    928.4
     1     1    17     8     5    10     0     0   -17.0   45.743 -119.264    722.4    927.8
     1     1    17     8     5     9     0     0   -18.0   45.667 -119.268    715.1    930.1
     1     1    17     8     5     8     0     0   -19.0   45.634 -119.285    715.9    929.4
     1     1    17     8     5     7     0     0   -20.0   45.608 -119.297    714.6    930.2
     1     1    17     8     5     6     0     0   -21.0   45.581 -119.265    714.3    929.3
     1     1    17     8     5     5     0     0   -22.0   45.575 -119.258    710.0    930.2
     1     1    17     8     5     4     0     0   -23.0   45.549 -119.265    697.3    931.8
     1     1    17     8     5     3     0     0   -24.0   45.488 -119.238    694.2    932.0
     1     1    17     8     5     2     0     0   -25.0   45.410 -119.210    688.8    932.2
