     1     1
    SITE    10     3     1     0     0
     1 BACKWARD OMEGA   
    17     8    10    16   46.392 -119.412   700.0
     1 PRESSURE
     1     1    17     8    10    16     0     0     0.0   46.392 -119.412    700.0    931.4
     1     1    17     8    10    15     0     0    -1.0   46.396 -119.309    694.4    932.1
     1     1    17     8    10    14     0     0    -2.0   46.409 -119.209    688.9    932.9
     1     1    17     8    10    13     0     0    -3.0   46.405 -119.105    685.4    933.3
     1     1    17     8    10    12     0     0    -4.0   46.376 -119.029    679.7    933.7
     1     1    17     8    10    11     0     0    -5.0   46.331 -118.997    673.8    935.1
     1     1    17     8    10    10     0     0    -6.0   46.282 -118.980    676.3    934.9
     1     1    17     8    10     9     0     0    -7.0   46.232 -118.952    681.5    933.3
     1     1    17     8    10     8     0     0    -8.0   46.169 -118.911    677.5    933.8
     1     1    17     8    10     7     0     0    -9.0   46.103 -118.887    674.4    933.9
     1     1    17     8    10     6     0     0   -10.0   46.061 -118.863    658.4    936.3
     1     1    17     8    10     5     0     0   -11.0   46.039 -118.862    655.2    938.0
     1     1    17     8    10     4     0     0   -12.0   46.014 -118.879    660.2    935.9
     1     1    17     8    10     3     0     0   -13.0   45.971 -118.871    654.1    935.7
     1     1    17     8    10     2     0     0   -14.0   45.943 -118.895    641.7    939.2
     1     1    17     8    10     1     0     0   -15.0   45.937 -118.946    634.7    939.8
     1     1    17     8    10     0     0     0   -16.0   45.903 -118.973    632.5    939.6
     1     1    17     8     9    23     0     0   -17.0   45.871 -119.028    630.9    940.6
     1     1    17     8     9    22     0     0   -18.0   45.830 -119.065    632.1    938.7
     1     1    17     8     9    21     0     0   -19.0   45.786 -119.075    636.9    938.8
     1     1    17     8     9    20     0     0   -20.0   45.775 -119.128    645.0    939.1
     1     1    17     8     9    19     0     0   -21.0   45.737 -119.162    652.5    935.7
     1     1    17     8     9    18     0     0   -22.0   45.725 -119.115    633.9    938.2
     1     1    17     8     9    17     0     0   -23.0   45.776 -119.001    626.2    938.7
     1     1    17     8     9    16     0     0   -24.0   45.822 -118.876    635.1    938.8
     1     1    17     8     9    15     0     0   -25.0   45.831 -118.760    625.3    939.7
     1     1    17     8     9    14     0     0   -26.0   45.784 -118.696    605.6    942.0
     1     1    17     8     9    13     0     0   -27.0   45.707 -118.686    592.3    944.0
     1     1    17     8     9    12     0     0   -28.0   45.636 -118.645    586.2    944.1
     1     1    17     8     9    11     0     0   -29.0   45.580 -118.599    579.0    945.1
     1     1    17     8     9    10     0     0   -30.0   45.532 -118.575    575.4    946.0
     1     1    17     8     9     9     0     0   -31.0   45.485 -118.552    568.3    945.7
     1     1    17     8     9     8     0     0   -32.0   45.428 -118.536    558.7    947.4
     1     1    17     8     9     7     0     0   -33.0   45.365 -118.513    544.8    948.5
