     1     1
    SITE    10     3     1     0     0
     1 BACKWARD OMEGA   
    17     8     8     1   46.392 -119.412   700.0
     1 PRESSURE
     1     1    17     8     8     1     0     0     0.0   46.392 -119.412    700.0    931.4
     1     1    17     8     8     0     0     0    -1.0   46.361 -119.405    691.7    932.4
     1     1    17     8     7    23     0     0    -2.0   46.312 -119.430    681.3    934.6
     1     1    17     8     7    22     0     0    -3.0   46.326 -119.447    684.4    934.2
     1     1    17     8     7    21     0     0    -4.0   46.344 -119.488    678.3    933.5
     1     1    17     8     7    20     0     0    -5.0   46.300 -119.538    655.0    934.4
     1     1    17     8     7    19     0     0    -6.0   46.247 -119.568    628.6    942.3
     1     1    17     8     7    18     0     0    -7.0   46.192 -119.571    627.2    940.2
     1     1    17     8     7    17     0     0    -8.0   46.127 -119.552    619.5    940.3
     1     1    17     8     7    16     0     0    -9.0   46.047 -119.527    603.1    941.9
     1     1    17     8     7    15     0     0   -10.0   45.950 -119.483    576.9    945.6
     1     1    17     8     7    14     0     0   -11.0   45.837 -119.427    581.2    946.3
     1     1    17     8     7    13     0     0   -12.0   45.714 -119.387    590.7    944.3
     1     1    17     8     7    12     0     0   -13.0   45.595 -119.361    603.1    941.7
     1     1    17     8     7    11     0     0   -14.0   45.496 -119.329    601.5    942.9
     1     1    17     8     7    10     0     0   -15.0   45.456 -119.265    614.7    941.7
     1     1    17     8     7     9     0     0   -16.0   45.445 -119.196    623.0    939.1
     1     1    17     8     7     8     0     0   -17.0   45.421 -119.143    622.9    941.2
     1     1    17     8     7     7     0     0   -18.0   45.394 -119.110    626.6    939.9
