     1     1
    SITE    10     3     1     0     0
     1 BACKWARD OMEGA   
    17     8    25    20   46.392 -119.412   700.0
     1 PRESSURE
     1     1    17     8    25    20     0     0     0.0   46.392 -119.412    700.0    931.4
     1     1    17     8    25    19     0     0    -1.0   46.308 -119.418    693.0    932.3
     1     1    17     8    25    18     0     0    -2.0   46.204 -119.386    696.2    931.5
     1     1    17     8    25    17     0     0    -3.0   46.099 -119.357    696.1    931.6
     1     1    17     8    25    16     0     0    -4.0   46.009 -119.317    702.7    930.2
     1     1    17     8    25    15     0     0    -5.0   45.934 -119.266    689.1    932.4
     1     1    17     8    25    14     0     0    -6.0   45.854 -119.215    666.2    935.3
     1     1    17     8    25    13     0     0    -7.0   45.773 -119.204    649.9    937.8
     1     1    17     8    25    12     0     0    -8.0   45.714 -119.200    647.6    937.5
     1     1    17     8    25    11     0     0    -9.0   45.657 -119.185    623.2    938.4
     1     1    17     8    25    10     0     0   -10.0   45.602 -119.166    616.0    941.4
     1     1    17     8    25     9     0     0   -11.0   45.597 -119.116    614.9    940.6
     1     1    17     8    25     8     0     0   -12.0   45.604 -119.063    613.8    942.3
     1     1    17     8    25     7     0     0   -13.0   45.576 -119.030    604.9    940.6
     1     1    17     8    25     6     0     0   -14.0   45.552 -118.998    586.8    945.7
     1     1    17     8    25     5     0     0   -15.0   45.553 -118.954    586.4    944.6
     1     1    17     8    25     4     0     0   -16.0   45.548 -118.919    586.3    944.2
     1     1    17     8    25     3     0     0   -17.0   45.547 -118.919    585.6    944.7
     1     1    17     8    25     2     0     0   -18.0   45.542 -118.944    582.5    944.4
     1     1    17     8    25     1     0     0   -19.0   45.512 -118.968    581.2    945.5
     1     1    17     8    25     0     0     0   -20.0   45.461 -118.971    599.4    944.4
     1     1    17     8    24    23     0     0   -21.0   45.395 -118.957    619.6    940.8
