     1     1
    SITE    10     3     1     0     0
     1 BACKWARD OMEGA   
    17     8    15    15   46.392 -119.412   700.0
     1 PRESSURE
     1     1    17     8    15    15     0     0     0.0   46.392 -119.412    700.0    931.4
     1     1    17     8    15    14     0     0    -1.0   46.310 -119.393    677.5    934.1
     1     1    17     8    15    13     0     0    -2.0   46.230 -119.399    667.0    934.7
     1     1    17     8    15    12     0     0    -3.0   46.151 -119.432    666.6    935.9
     1     1    17     8    15    11     0     0    -4.0   46.086 -119.420    667.8    934.6
     1     1    17     8    15    10     0     0    -5.0   46.055 -119.450    661.1    936.6
     1     1    17     8    15     9     0     0    -6.0   46.029 -119.491    661.6    935.9
     1     1    17     8    15     8     0     0    -7.0   45.996 -119.503    655.9    936.9
     1     1    17     8    15     7     0     0    -8.0   45.966 -119.524    650.8    937.6
     1     1    17     8    15     6     0     0    -9.0   45.958 -119.532    651.7    937.7
     1     1    17     8    15     5     0     0   -10.0   45.953 -119.542    650.5    936.9
     1     1    17     8    15     4     0     0   -11.0   45.923 -119.546    649.1    937.6
     1     1    17     8    15     3     0     0   -12.0   45.913 -119.575    654.6    937.5
     1     1    17     8    15     2     0     0   -13.0   45.905 -119.574    661.3    935.2
     1     1    17     8    15     1     0     0   -14.0   45.901 -119.574    665.3    934.2
     1     1    17     8    15     0     0     0   -15.0   45.911 -119.627    662.1    936.4
     1     1    17     8    14    23     0     0   -16.0   45.916 -119.683    669.7    935.9
     1     1    17     8    14    22     0     0   -17.0   45.904 -119.744    671.7    933.2
     1     1    17     8    14    21     0     0   -18.0   45.863 -119.790    665.5    936.2
     1     1    17     8    14    20     0     0   -19.0   45.806 -119.794    664.1    935.8
     1     1    17     8    14    19     0     0   -20.0   45.739 -119.755    672.2    935.6
     1     1    17     8    14    18     0     0   -21.0   45.680 -119.659    655.9    936.0
     1     1    17     8    14    17     0     0   -22.0   45.624 -119.548    656.6    937.2
     1     1    17     8    14    16     0     0   -23.0   45.557 -119.475    671.5    934.1
     1     1    17     8    14    15     0     0   -24.0   45.471 -119.429    678.5    934.6
     1     1    17     8    14    14     0     0   -25.0   45.375 -119.369    685.9    932.6
