     1     1
    SITE    10     3     1     0     0
     1 BACKWARD OMEGA   
    17     8    26     5   46.392 -119.412   700.0
     1 PRESSURE
     1     1    17     8    26     5     0     0     0.0   46.392 -119.412    700.0    931.4
     1     1    17     8    26     4     0     0    -1.0   46.390 -119.414    702.9    931.1
     1     1    17     8    26     3     0     0    -2.0   46.389 -119.440    702.4    931.1
     1     1    17     8    26     2     0     0    -3.0   46.377 -119.463    700.3    931.3
     1     1    17     8    26     1     0     0    -4.0   46.365 -119.487    699.3    931.9
     1     1    17     8    26     0     0     0    -5.0   46.339 -119.524    703.2    931.3
     1     1    17     8    25    23     0     0    -6.0   46.337 -119.573    709.5    929.7
     1     1    17     8    25    22     0     0    -7.0   46.345 -119.625    706.5    929.7
     1     1    17     8    25    21     0     0    -8.0   46.308 -119.674    686.1    932.8
     1     1    17     8    25    20     0     0    -9.0   46.246 -119.713    659.7    938.0
     1     1    17     8    25    19     0     0   -10.0   46.161 -119.719    672.5    937.7
     1     1    17     8    25    18     0     0   -11.0   46.056 -119.691    675.3    933.5
     1     1    17     8    25    17     0     0   -12.0   45.950 -119.667    656.8    936.0
     1     1    17     8    25    16     0     0   -13.0   45.859 -119.630    647.6    938.4
     1     1    17     8    25    15     0     0   -14.0   45.783 -119.581    667.3    935.8
     1     1    17     8    25    14     0     0   -15.0   45.706 -119.526    667.8    934.0
     1     1    17     8    25    13     0     0   -16.0   45.624 -119.516    644.9    938.6
     1     1    17     8    25    12     0     0   -17.0   45.560 -119.512    630.6    939.9
     1     1    17     8    25    11     0     0   -18.0   45.500 -119.496    628.6    940.3
     1     1    17     8    25    10     0     0   -19.0   45.445 -119.479    635.1    939.3
     1     1    17     8    25     9     0     0   -20.0   45.439 -119.431    635.0    938.5
     1     1    17     8    25     8     0     0   -21.0   45.445 -119.380    622.9    940.3
     1     1    17     8    25     7     0     0   -22.0   45.415 -119.349    614.9    941.5
     1     1    17     8    25     6     0     0   -23.0   45.388 -119.319    614.9    942.2
