     1     1
    SITE    10     3     1     0     0
     1 BACKWARD OMEGA   
    17     8    29     7   46.392 -119.412   700.0
     1 PRESSURE
     1     1    17     8    29     7     0     0     0.0   46.392 -119.412    700.0    931.4
     1     1    17     8    29     6     0     0    -1.0   46.366 -119.390    690.4    932.5
     1     1    17     8    29     5     0     0    -2.0   46.340 -119.391    680.4    934.2
     1     1    17     8    29     4     0     0    -3.0   46.331 -119.423    678.5    934.3
     1     1    17     8    29     3     0     0    -4.0   46.359 -119.455    688.4    933.7
     1     1    17     8    29     2     0     0    -5.0   46.407 -119.487    704.8    930.3
     1     1    17     8    29     1     0     0    -6.0   46.420 -119.558    699.2    929.6
     1     1    17     8    29     0     0     0    -7.0   46.369 -119.614    689.8    932.6
     1     1    17     8    28    23     0     0    -8.0   46.300 -119.641    685.8    933.4
     1     1    17     8    28    22     0     0    -9.0   46.259 -119.683    687.7    932.5
     1     1    17     8    28    21     0     0   -10.0   46.255 -119.721    681.8    933.7
     1     1    17     8    28    20     0     0   -11.0   46.251 -119.795    676.9    933.8
     1     1    17     8    28    19     0     0   -12.0   46.221 -119.868    681.5    933.8
     1     1    17     8    28    18     0     0   -13.0   46.232 -119.922    686.0    932.5
     1     1    17     8    28    17     0     0   -14.0   46.300 -119.994    690.4    934.7
     1     1    17     8    28    16     0     0   -15.0   46.328 -120.086    700.9    930.3
     1     1    17     8    28    15     0     0   -16.0   46.366 -120.163    678.4    933.9
     1     1    17     8    28    14     0     0   -17.0   46.401 -120.127    680.2    933.9
     1     1    17     8    28    13     0     0   -18.0   46.430 -120.034    695.3    933.1
     1     1    17     8    28    12     0     0   -19.0   46.525 -119.991    710.7    930.1
     1     1    17     8    28    11     0     0   -20.0   46.635 -119.982    698.1    931.5
     1     1    17     8    28    10     0     0   -21.0   46.764 -120.007    685.3    932.2
     1     1    17     8    28     9     0     0   -22.0   46.910 -120.076    666.1    935.6
     1     1    17     8    28     8     0     0   -23.0   46.929 -120.121    660.6    935.8
     1     1    17     8    28     7     0     0   -24.0   46.865 -120.161    660.0    936.3
     1     1    17     8    28     6     0     0   -25.0   46.878 -120.231    654.2    936.6
     1     1    17     8    28     5     0     0   -26.0   46.933 -120.214    657.2    938.4
     1     1    17     8    28     4     0     0   -27.0   46.951 -120.141    653.8    936.6
     1     1    17     8    28     3     0     0   -28.0   46.910 -120.113    641.7    938.1
     1     1    17     8    28     2     0     0   -29.0   46.865 -120.089    635.8    939.1
     1     1    17     8    28     1     0     0   -30.0   46.815 -120.048    631.1    939.7
     1     1    17     8    28     0     0     0   -31.0   46.767 -120.003    637.4    940.1
     1     1    17     8    27    23     0     0   -32.0   46.731 -119.978    638.2    937.4
     1     1    17     8    27    22     0     0   -33.0   46.702 -119.995    633.7    940.0
     1     1    17     8    27    21     0     0   -34.0   46.692 -120.025    632.7    939.6
     1     1    17     8    27    20     0     0   -35.0   46.694 -120.074    639.7    939.4
     1     1    17     8    27    19     0     0   -36.0   46.692 -120.123    647.1    937.0
     1     1    17     8    27    18     0     0   -37.0   46.674 -120.159    652.2    937.6
     1     1    17     8    27    17     0     0   -38.0   46.633 -120.185    654.7    935.7
     1     1    17     8    27    16     0     0   -39.0   46.573 -120.202    648.2    937.8
     1     1    17     8    27    15     0     0   -40.0   46.566 -120.203    643.8    938.3
     1     1    17     8    27    14     0     0   -41.0   46.604 -120.151    638.9    940.9
     1     1    17     8    27    13     0     0   -42.0   46.624 -120.071    652.3    937.7
     1     1    17     8    27    12     0     0   -43.0   46.610 -119.992    664.8    935.0
     1     1    17     8    27    11     0     0   -44.0   46.569 -119.944    673.9    934.2
     1     1    17     8    27    10     0     0   -45.0   46.524 -119.927    666.2    934.1
     1     1    17     8    27     9     0     0   -46.0   46.479 -119.917    657.9    937.6
     1     1    17     8    27     8     0     0   -47.0   46.442 -119.899    651.9    936.3
     1     1    17     8    27     7     0     0   -48.0   46.416 -119.896    646.0    938.3
     1     1    17     8    27     6     0     0   -49.0   46.422 -119.921    649.9    938.0
     1     1    17     8    27     5     0     0   -50.0   46.452 -119.954    655.4    936.1
     1     1    17     8    27     4     0     0   -51.0   46.470 -119.996    651.4    936.7
     1     1    17     8    27     3     0     0   -52.0   46.471 -120.037    642.3    938.2
     1     1    17     8    27     2     0     0   -53.0   46.453 -120.078    636.4    939.4
     1     1    17     8    27     1     0     0   -54.0   46.415 -120.109    633.4    939.5
     1     1    17     8    27     0     0     0   -55.0   46.365 -120.144    624.3    939.6
     1     1    17     8    26    23     0     0   -56.0   46.329 -120.212    616.2    942.0
     1     1    17     8    26    22     0     0   -57.0   46.300 -120.247    617.0    941.4
     1     1    17     8    26    21     0     0   -58.0   46.293 -120.264    613.1    941.3
     1     1    17     8    26    20     0     0   -59.0   46.299 -120.300    612.8    941.3
     1     1    17     8    26    19     0     0   -60.0   46.282 -120.333    609.2    942.0
     1     1    17     8    26    18     0     0   -61.0   46.239 -120.352    609.1    942.2
     1     1    17     8    26    17     0     0   -62.0   46.244 -120.323    606.2    942.1
     1     1    17     8    26    16     0     0   -63.0   46.306 -120.248    625.3    940.4
     1     1    17     8    26    15     0     0   -64.0   46.308 -120.161    623.0    938.1
     1     1    17     8    26    14     0     0   -65.0   46.311 -120.081    608.8    944.2
     1     1    17     8    26    13     0     0   -66.0   46.346 -119.988    610.6    941.4
     1     1    17     8    26    12     0     0   -67.0   46.378 -119.899    609.5    941.9
     1     1    17     8    26    11     0     0   -68.0   46.410 -119.815    602.6    942.2
     1     1    17     8    26    10     0     0   -69.0   46.442 -119.736    597.9    943.4
     1     1    17     8    26     9     0     0   -70.0   46.458 -119.744    593.7    942.9
     1     1    17     8    26     8     0     0   -71.0   46.433 -119.773    589.6    943.4
     1     1    17     8    26     7     0     0   -72.0   46.402 -119.766    578.7    945.0
