     1     1
    SITE    10     3     1     0     0
     1 BACKWARD OMEGA   
    17     8     1    11   46.392 -119.412   700.0
     1 PRESSURE
     1     1    17     8     1    11     0     0     0.0   46.392 -119.412    700.0    931.4
     1     1    17     8     1    10     0     0    -1.0   46.480 -119.439    679.9    933.8
     1     1    17     8     1     9     0     0    -2.0   46.499 -119.458    660.5    936.1
     1     1    17     8     1     8     0     0    -3.0   46.452 -119.450    655.8    937.1
     1     1    17     8     1     7     0     0    -4.0   46.407 -119.418    661.4    936.5
     1     1    17     8     1     6     0     0    -5.0   46.354 -119.395    663.2    934.8
     1     1    17     8     1     5     0     0    -6.0   46.299 -119.379    662.5    936.6
     1     1    17     8     1     4     0     0    -7.0   46.256 -119.373    660.9    935.3
     1     1    17     8     1     3     0     0    -8.0   46.219 -119.375    660.7    937.0
     1     1    17     8     1     2     0     0    -9.0   46.189 -119.360    659.6    935.2
     1     1    17     8     1     1     0     0   -10.0   46.157 -119.338    653.8    937.1
     1     1    17     8     1     0     0     0   -11.0   46.112 -119.336    659.0    937.3
     1     1    17     7    31    23     0     0   -12.0   46.109 -119.360    657.4    934.7
     1     1    17     7    31    22     0     0   -13.0   46.123 -119.429    643.2    939.8
     1     1    17     7    31    21     0     0   -14.0   46.121 -119.490    641.1    938.1
     1     1    17     7    31    20     0     0   -15.0   46.136 -119.524    637.1    939.2
     1     1    17     7    31    19     0     0   -16.0   46.121 -119.538    636.9    939.3
     1     1    17     7    31    18     0     0   -17.0   46.059 -119.499    658.1    937.4
     1     1    17     7    31    17     0     0   -18.0   45.980 -119.421    695.2    932.0
     1     1    17     7    31    16     0     0   -19.0   45.896 -119.374    708.3    929.9
     1     1    17     7    31    15     0     0   -20.0   45.806 -119.336    713.0    929.5
     1     1    17     7    31    14     0     0   -21.0   45.699 -119.281    696.0    933.0
     1     1    17     7    31    13     0     0   -22.0   45.584 -119.248    688.5    931.8
     1     1    17     7    31    12     0     0   -23.0   45.484 -119.235    675.0    934.8
     1     1    17     7    31    11     0     0   -24.0   45.398 -119.204    665.7    934.5
