     1     1
    SITE    10     3     1     0     0
     1 BACKWARD OMEGA   
    17     8     7     3   46.392 -119.412   700.0
     1 PRESSURE
     1     1    17     8     7     3     0     0     0.0   46.392 -119.412    700.0    931.4
     1     1    17     8     7     2     0     0    -1.0   46.397 -119.445    687.9    932.8
     1     1    17     8     7     1     0     0    -2.0   46.376 -119.457    684.5    934.0
     1     1    17     8     7     0     0     0    -3.0   46.335 -119.468    689.3    933.0
     1     1    17     8     6    23     0     0    -4.0   46.297 -119.491    685.5    932.7
     1     1    17     8     6    22     0     0    -5.0   46.272 -119.506    679.6    933.9
     1     1    17     8     6    21     0     0    -6.0   46.271 -119.529    677.2    934.7
     1     1    17     8     6    20     0     0    -7.0   46.275 -119.553    680.9    933.7
     1     1    17     8     6    19     0     0    -8.0   46.285 -119.589    680.7    933.4
     1     1    17     8     6    18     0     0    -9.0   46.331 -119.628    693.0    933.1
     1     1    17     8     6    17     0     0   -10.0   46.348 -119.678    699.1    930.1
     1     1    17     8     6    16     0     0   -11.0   46.329 -119.669    693.3    931.3
     1     1    17     8     6    15     0     0   -12.0   46.353 -119.591    701.2    932.6
     1     1    17     8     6    14     0     0   -13.0   46.417 -119.533    710.3    929.6
     1     1    17     8     6    13     0     0   -14.0   46.475 -119.486    725.7    929.4
     1     1    17     8     6    12     0     0   -15.0   46.493 -119.416    734.8    925.6
     1     1    17     8     6    11     0     0   -16.0   46.515 -119.353    737.5    929.0
     1     1    17     8     6    10     0     0   -17.0   46.567 -119.313    749.6    925.5
     1     1    17     8     6     9     0     0   -18.0   46.569 -119.281    750.0    924.3
     1     1    17     8     6     8     0     0   -19.0   46.527 -119.271    738.8    927.6
     1     1    17     8     6     7     0     0   -20.0   46.492 -119.277    735.6    927.7
     1     1    17     8     6     6     0     0   -21.0   46.461 -119.288    740.5    927.3
     1     1    17     8     6     5     0     0   -22.0   46.423 -119.275    744.3    925.8
     1     1    17     8     6     4     0     0   -23.0   46.389 -119.254    741.0    926.3
     1     1    17     8     6     3     0     0   -24.0   46.362 -119.265    740.7    927.5
     1     1    17     8     6     2     0     0   -25.0   46.331 -119.263    743.5    926.1
     1     1    17     8     6     1     0     0   -26.0   46.292 -119.263    743.6    926.5
     1     1    17     8     6     0     0     0   -27.0   46.262 -119.299    740.9    926.5
     1     1    17     8     5    23     0     0   -28.0   46.275 -119.341    748.8    926.7
     1     1    17     8     5    22     0     0   -29.0   46.283 -119.378    761.7    923.5
     1     1    17     8     5    21     0     0   -30.0   46.253 -119.409    759.3    924.1
     1     1    17     8     5    20     0     0   -31.0   46.207 -119.449    773.8    925.3
     1     1    17     8     5    19     0     0   -32.0   46.151 -119.491    796.3    918.6
     1     1    17     8     5    18     0     0   -33.0   46.091 -119.510    798.0    919.9
     1     1    17     8     5    17     0     0   -34.0   46.008 -119.498    821.2    920.3
     1     1    17     8     5    16     0     0   -35.0   45.925 -119.432    846.9    914.8
     1     1    17     8     5    15     0     0   -36.0   45.888 -119.327    853.9    914.2
     1     1    17     8     5    14     0     0   -37.0   45.901 -119.312    842.1    915.2
     1     1    17     8     5    13     0     0   -38.0   45.905 -119.299    854.1    916.6
     1     1    17     8     5    12     0     0   -39.0   45.887 -119.182    871.8    912.1
     1     1    17     8     5    11     0     0   -40.0   45.824 -119.118    868.8    912.6
     1     1    17     8     5    10     0     0   -41.0   45.723 -119.120    872.3    912.1
     1     1    17     8     5     9     0     0   -42.0   45.648 -119.122    872.3    912.7
     1     1    17     8     5     8     0     0   -43.0   45.613 -119.137    871.9    912.3
     1     1    17     8     5     7     0     0   -44.0   45.587 -119.149    877.0    913.2
     1     1    17     8     5     6     0     0   -45.0   45.558 -119.119    890.6    910.1
     1     1    17     8     5     5     0     0   -46.0   45.551 -119.113    897.6    909.4
     1     1    17     8     5     4     0     0   -47.0   45.525 -119.121    911.4    909.6
     1     1    17     8     5     3     0     0   -48.0   45.465 -119.093    922.2    906.3
     1     1    17     8     5     2     0     0   -49.0   45.389 -119.067    931.6    906.0
