     1     1
    SITE    10     3     1     0     0
     1 BACKWARD OMEGA   
    17     8    10    22   46.392 -119.412   700.0
     1 PRESSURE
     1     1    17     8    10    22     0     0     0.0   46.392 -119.412    700.0    931.4
     1     1    17     8    10    21     0     0    -1.0   46.418 -119.456    706.1    930.7
     1     1    17     8    10    20     0     0    -2.0   46.389 -119.499    704.1    930.7
     1     1    17     8    10    19     0     0    -3.0   46.364 -119.543    694.7    932.0
     1     1    17     8    10    18     0     0    -4.0   46.317 -119.564    689.7    933.2
     1     1    17     8    10    17     0     0    -5.0   46.279 -119.512    706.9    930.1
     1     1    17     8    10    16     0     0    -6.0   46.274 -119.412    722.4    929.4
     1     1    17     8    10    15     0     0    -7.0   46.279 -119.309    740.3    926.8
     1     1    17     8    10    14     0     0    -8.0   46.294 -119.207    749.1    925.5
     1     1    17     8    10    13     0     0    -9.0   46.292 -119.102    731.1    927.5
     1     1    17     8    10    12     0     0   -10.0   46.263 -119.024    716.2    929.4
     1     1    17     8    10    11     0     0   -11.0   46.217 -118.993    709.5    930.9
     1     1    17     8    10    10     0     0   -12.0   46.166 -118.977    703.7    930.2
     1     1    17     8    10     9     0     0   -13.0   46.116 -118.945    690.2    932.4
     1     1    17     8    10     8     0     0   -14.0   46.054 -118.900    678.7    934.1
     1     1    17     8    10     7     0     0   -15.0   45.990 -118.872    662.5    936.6
     1     1    17     8    10     6     0     0   -16.0   45.948 -118.846    664.1    935.9
     1     1    17     8    10     5     0     0   -17.0   45.927 -118.845    662.2    935.5
     1     1    17     8    10     4     0     0   -18.0   45.903 -118.863    666.7    936.3
     1     1    17     8    10     3     0     0   -19.0   45.859 -118.854    659.5    934.4
     1     1    17     8    10     2     0     0   -20.0   45.830 -118.878    649.2    938.7
     1     1    17     8    10     1     0     0   -21.0   45.824 -118.931    648.6    938.3
     1     1    17     8    10     0     0     0   -22.0   45.791 -118.959    644.6    936.8
     1     1    17     8     9    23     0     0   -23.0   45.760 -119.010    641.0    939.0
     1     1    17     8     9    22     0     0   -24.0   45.720 -119.047    650.4    939.5
     1     1    17     8     9    21     0     0   -25.0   45.676 -119.058    660.8    935.7
     1     1    17     8     9    20     0     0   -26.0   45.665 -119.110    666.4    936.3
     1     1    17     8     9    19     0     0   -27.0   45.625 -119.144    674.1    933.8
     1     1    17     8     9    18     0     0   -28.0   45.615 -119.096    680.7    934.1
     1     1    17     8     9    17     0     0   -29.0   45.667 -118.984    702.3    930.2
     1     1    17     8     9    16     0     0   -30.0   45.713 -118.860    694.9    932.7
     1     1    17     8     9    15     0     0   -31.0   45.724 -118.745    708.4    930.6
     1     1    17     8     9    14     0     0   -32.0   45.678 -118.682    718.8    929.3
     1     1    17     8     9    13     0     0   -33.0   45.600 -118.673    724.6    928.2
     1     1    17     8     9    12     0     0   -34.0   45.528 -118.631    725.8    928.8
     1     1    17     8     9    11     0     0   -35.0   45.470 -118.588    728.2    928.1
     1     1    17     8     9    10     0     0   -36.0   45.422 -118.566    720.5    928.1
     1     1    17     8     9     9     0     0   -37.0   45.375 -118.544    704.7    930.9
