     1     1
    SITE    10     3     1     0     0
     1 BACKWARD OMEGA   
    17     8    10     1   46.392 -119.412   700.0
     1 PRESSURE
     1     1    17     8    10     1     0     0     0.0   46.392 -119.412    700.0    931.4
     1     1    17     8    10     0     0     0    -1.0   46.359 -119.440    695.7    931.9
     1     1    17     8     9    23     0     0    -2.0   46.328 -119.493    700.5    931.6
     1     1    17     8     9    22     0     0    -3.0   46.287 -119.528    701.2    930.8
     1     1    17     8     9    21     0     0    -4.0   46.243 -119.538    703.2    931.0
     1     1    17     8     9    20     0     0    -5.0   46.234 -119.594    697.7    930.5
     1     1    17     8     9    19     0     0    -6.0   46.196 -119.630    690.8    933.2
     1     1    17     8     9    18     0     0    -7.0   46.185 -119.581    690.3    932.6
     1     1    17     8     9    17     0     0    -8.0   46.234 -119.466    685.3    933.2
     1     1    17     8     9    16     0     0    -9.0   46.279 -119.341    693.7    932.2
     1     1    17     8     9    15     0     0   -10.0   46.290 -119.221    689.3    932.4
     1     1    17     8     9    14     0     0   -11.0   46.244 -119.154    678.9    934.0
     1     1    17     8     9    13     0     0   -12.0   46.168 -119.143    686.7    932.4
     1     1    17     8     9    12     0     0   -13.0   46.096 -119.099    689.1    933.0
     1     1    17     8     9    11     0     0   -14.0   46.039 -119.052    684.1    932.4
     1     1    17     8     9    10     0     0   -15.0   45.992 -119.027    681.6    936.8
     1     1    17     8     9     9     0     0   -16.0   45.945 -119.005    692.0    930.5
     1     1    17     8     9     8     0     0   -17.0   45.889 -118.993    679.9    932.5
     1     1    17     8     9     7     0     0   -18.0   45.825 -118.970    668.7    936.2
     1     1    17     8     9     6     0     0   -19.0   45.781 -118.946    675.6    935.4
     1     1    17     8     9     5     0     0   -20.0   45.762 -118.959    684.5    933.1
     1     1    17     8     9     4     0     0   -21.0   45.738 -118.988    677.3    933.7
     1     1    17     8     9     3     0     0   -22.0   45.710 -119.018    675.8    935.0
     1     1    17     8     9     2     0     0   -23.0   45.703 -119.065    675.9    933.9
     1     1    17     8     9     1     0     0   -24.0   45.684 -119.091    661.9    934.8
     1     1    17     8     9     0     0     0   -25.0   45.661 -119.134    651.5    937.8
     1     1    17     8     8    23     0     0   -26.0   45.650 -119.191    653.0    937.2
     1     1    17     8     8    22     0     0   -27.0   45.624 -119.243    661.3    937.0
     1     1    17     8     8    21     0     0   -28.0   45.600 -119.285    672.2    934.1
     1     1    17     8     8    20     0     0   -29.0   45.585 -119.315    678.6    934.0
     1     1    17     8     8    19     0     0   -30.0   45.559 -119.353    670.8    933.2
     1     1    17     8     8    18     0     0   -31.0   45.527 -119.338    655.6    937.2
     1     1    17     8     8    17     0     0   -32.0   45.522 -119.259    646.3    937.2
     1     1    17     8     8    16     0     0   -33.0   45.517 -119.169    632.3    940.0
     1     1    17     8     8    15     0     0   -34.0   45.503 -119.056    636.8    939.1
     1     1    17     8     8    14     0     0   -35.0   45.478 -118.939    641.3    938.4
     1     1    17     8     8    13     0     0   -36.0   45.415 -118.846    628.7    939.5
