     1     1
    SITE    10     3     1     0     0
     1 BACKWARD OMEGA   
    17     8     6    15   46.392 -119.412   700.0
     1 PRESSURE
     1     1    17     8     6    15     0     0     0.0   46.392 -119.412    700.0    931.4
     1     1    17     8     6    14     0     0    -1.0   46.455 -119.353    682.6    933.5
     1     1    17     8     6    13     0     0    -2.0   46.512 -119.307    674.0    935.0
     1     1    17     8     6    12     0     0    -3.0   46.530 -119.235    672.1    935.2
     1     1    17     8     6    11     0     0    -4.0   46.553 -119.169    693.0    934.1
     1     1    17     8     6    10     0     0    -5.0   46.604 -119.130    712.2    927.0
     1     1    17     8     6     9     0     0    -6.0   46.606 -119.096    707.7    931.1
     1     1    17     8     6     8     0     0    -7.0   46.564 -119.086    698.9    930.7
     1     1    17     8     6     7     0     0    -8.0   46.529 -119.093    692.7    933.1
     1     1    17     8     6     6     0     0    -9.0   46.497 -119.104    695.8    932.1
     1     1    17     8     6     5     0     0   -10.0   46.460 -119.091    702.8    931.2
     1     1    17     8     6     4     0     0   -11.0   46.426 -119.070    703.3    930.5
     1     1    17     8     6     3     0     0   -12.0   46.398 -119.081    704.4    931.6
     1     1    17     8     6     2     0     0   -13.0   46.367 -119.082    708.3    929.8
     1     1    17     8     6     1     0     0   -14.0   46.327 -119.082    709.7    930.3
     1     1    17     8     6     0     0     0   -15.0   46.296 -119.117    706.7    930.4
     1     1    17     8     5    23     0     0   -16.0   46.308 -119.158    697.5    931.7
     1     1    17     8     5    22     0     0   -17.0   46.315 -119.197    687.6    933.4
     1     1    17     8     5    21     0     0   -18.0   46.284 -119.226    684.0    933.3
     1     1    17     8     5    20     0     0   -19.0   46.239 -119.265    676.8    933.6
     1     1    17     8     5    19     0     0   -20.0   46.183 -119.307    669.4    936.6
     1     1    17     8     5    18     0     0   -21.0   46.124 -119.325    666.0    934.5
     1     1    17     8     5    17     0     0   -22.0   46.040 -119.314    650.8    937.0
     1     1    17     8     5    16     0     0   -23.0   45.958 -119.249    656.3    937.0
     1     1    17     8     5    15     0     0   -24.0   45.922 -119.145    663.4    935.2
     1     1    17     8     5    14     0     0   -25.0   45.936 -119.132    659.8    936.5
     1     1    17     8     5    13     0     0   -26.0   45.940 -119.119    654.0    936.2
     1     1    17     8     5    12     0     0   -27.0   45.922 -119.002    639.5    939.5
     1     1    17     8     5    11     0     0   -28.0   45.860 -118.939    623.2    940.3
     1     1    17     8     5    10     0     0   -29.0   45.759 -118.943    615.5    941.9
     1     1    17     8     5     9     0     0   -30.0   45.684 -118.943    627.7    940.1
     1     1    17     8     5     8     0     0   -31.0   45.649 -118.959    636.3    939.0
     1     1    17     8     5     7     0     0   -32.0   45.623 -118.971    632.0    938.2
     1     1    17     8     5     6     0     0   -33.0   45.594 -118.941    625.6    941.3
     1     1    17     8     5     5     0     0   -34.0   45.588 -118.935    631.1    939.8
     1     1    17     8     5     4     0     0   -35.0   45.562 -118.944    639.2    938.8
     1     1    17     8     5     3     0     0   -36.0   45.500 -118.917    649.4    937.3
     1     1    17     8     5     2     0     0   -37.0   45.424 -118.893    655.3    937.0
