     1     1
    SITE    10     3     1     0     0
     1 BACKWARD OMEGA   
    17     8    29    21   46.392 -119.412   700.0
     1 PRESSURE
     1     1    17     8    29    21     0     0     0.0   46.392 -119.412    700.0    931.4
     1     1    17     8    29    20     0     0    -1.0   46.342 -119.438    706.8    930.6
     1     1    17     8    29    19     0     0    -2.0   46.269 -119.441    720.3    928.6
     1     1    17     8    29    18     0     0    -3.0   46.197 -119.443    735.9    927.4
     1     1    17     8    29    17     0     0    -4.0   46.130 -119.396    748.6    926.1
     1     1    17     8    29    16     0     0    -5.0   46.053 -119.346    751.8    924.8
     1     1    17     8    29    15     0     0    -6.0   45.962 -119.311    743.6    926.3
     1     1    17     8    29    14     0     0    -7.0   45.876 -119.277    749.0    925.7
     1     1    17     8    29    13     0     0    -8.0   45.801 -119.290    741.3    927.1
     1     1    17     8    29    12     0     0    -9.0   45.765 -119.357    743.5    926.5
     1     1    17     8    29    11     0     0   -10.0   45.735 -119.392    747.9    925.7
     1     1    17     8    29    10     0     0   -11.0   45.698 -119.357    755.9    925.5
     1     1    17     8    29     9     0     0   -12.0   45.708 -119.308    753.2    924.2
     1     1    17     8    29     8     0     0   -13.0   45.743 -119.280    744.4    926.1
     1     1    17     8    29     7     0     0   -14.0   45.748 -119.255    740.6    927.5
     1     1    17     8    29     6     0     0   -15.0   45.722 -119.233    737.8    926.2
     1     1    17     8    29     5     0     0   -16.0   45.696 -119.233    731.0    928.2
     1     1    17     8    29     4     0     0   -17.0   45.686 -119.265    728.7    928.5
     1     1    17     8    29     3     0     0   -18.0   45.714 -119.298    724.9    927.9
     1     1    17     8    29     2     0     0   -19.0   45.763 -119.330    726.1    929.8
     1     1    17     8    29     1     0     0   -20.0   45.777 -119.400    733.3    927.0
     1     1    17     8    29     0     0     0   -21.0   45.726 -119.453    727.2    927.7
     1     1    17     8    28    23     0     0   -22.0   45.659 -119.481    714.1    930.3
     1     1    17     8    28    22     0     0   -23.0   45.618 -119.523    712.5    929.7
     1     1    17     8    28    21     0     0   -24.0   45.614 -119.560    706.2    930.7
     1     1    17     8    28    20     0     0   -25.0   45.610 -119.635    694.7    931.1
     1     1    17     8    28    19     0     0   -26.0   45.581 -119.708    677.6    934.2
     1     1    17     8    28    18     0     0   -27.0   45.592 -119.763    666.0    935.9
     1     1    17     8    28    17     0     0   -28.0   45.660 -119.837    668.2    938.6
     1     1    17     8    28    16     0     0   -29.0   45.687 -119.929    678.9    933.6
     1     1    17     8    28    15     0     0   -30.0   45.723 -120.008    667.4    935.4
     1     1    17     8    28    14     0     0   -31.0   45.757 -119.973    679.9    933.7
     1     1    17     8    28    13     0     0   -32.0   45.785 -119.884    679.0    933.7
     1     1    17     8    28    12     0     0   -33.0   45.880 -119.841    693.9    932.0
     1     1    17     8    28    11     0     0   -34.0   45.990 -119.835    690.0    932.6
     1     1    17     8    28    10     0     0   -35.0   46.115 -119.861    707.7    930.9
     1     1    17     8    28     9     0     0   -36.0   46.260 -119.921    704.2    931.4
     1     1    17     8    28     8     0     0   -37.0   46.280 -119.964    741.9    926.6
     1     1    17     8    28     7     0     0   -38.0   46.215 -120.004    744.6    926.5
     1     1    17     8    28     6     0     0   -39.0   46.232 -120.074    754.2    925.2
     1     1    17     8    28     5     0     0   -40.0   46.285 -120.060    756.4    923.7
     1     1    17     8    28     4     0     0   -41.0   46.300 -119.988    759.3    924.5
     1     1    17     8    28     3     0     0   -42.0   46.260 -119.961    753.9    925.9
     1     1    17     8    28     2     0     0   -43.0   46.217 -119.940    748.2    925.3
     1     1    17     8    28     1     0     0   -44.0   46.166 -119.899    743.8    927.0
     1     1    17     8    28     0     0     0   -45.0   46.117 -119.853    748.6    926.0
     1     1    17     8    27    23     0     0   -46.0   46.081 -119.828    763.7    925.1
     1     1    17     8    27    22     0     0   -47.0   46.053 -119.844    774.7    922.1
     1     1    17     8    27    21     0     0   -48.0   46.043 -119.874    774.8    922.5
     1     1    17     8    27    20     0     0   -49.0   46.047 -119.923    772.4    923.3
     1     1    17     8    27    19     0     0   -50.0   46.046 -119.973    771.9    922.8
     1     1    17     8    27    18     0     0   -51.0   46.029 -120.009    760.0    924.1
     1     1    17     8    27    17     0     0   -52.0   45.989 -120.032    750.8    926.4
     1     1    17     8    27    16     0     0   -53.0   45.928 -120.048    747.0    925.6
     1     1    17     8    27    15     0     0   -54.0   45.921 -120.049    745.7    927.3
     1     1    17     8    27    14     0     0   -55.0   45.960 -119.995    754.0    923.9
     1     1    17     8    27    13     0     0   -56.0   45.977 -119.915    753.4    926.3
     1     1    17     8    27    12     0     0   -57.0   45.962 -119.837    757.5    924.0
     1     1    17     8    27    11     0     0   -58.0   45.920 -119.790    750.9    925.5
     1     1    17     8    27    10     0     0   -59.0   45.874 -119.773    765.7    926.0
     1     1    17     8    27     9     0     0   -60.0   45.829 -119.763    789.7    920.1
     1     1    17     8    27     8     0     0   -61.0   45.790 -119.745    794.7    919.7
     1     1    17     8    27     7     0     0   -62.0   45.763 -119.742    794.0    921.1
     1     1    17     8    27     6     0     0   -63.0   45.768 -119.768    802.5    920.0
     1     1    17     8    27     5     0     0   -64.0   45.798 -119.801    817.6    918.3
     1     1    17     8    27     4     0     0   -65.0   45.816 -119.842    821.2    916.5
     1     1    17     8    27     3     0     0   -66.0   45.816 -119.883    820.1    918.8
     1     1    17     8    27     2     0     0   -67.0   45.798 -119.924    827.2    917.3
     1     1    17     8    27     1     0     0   -68.0   45.760 -119.953    833.9    916.1
     1     1    17     8    27     0     0     0   -69.0   45.712 -119.986    826.1    916.2
     1     1    17     8    26    23     0     0   -70.0   45.678 -120.054    837.4    918.4
     1     1    17     8    26    22     0     0   -71.0   45.651 -120.091    861.3    911.6
     1     1    17     8    26    21     0     0   -72.0   45.644 -120.107    861.1    913.3
