     1     1
    SITE    10     3     1     0     0
     1 BACKWARD OMEGA   
    17     8    29     3   46.392 -119.412   700.0
     1 PRESSURE
     1     1    17     8    29     3     0     0     0.0   46.392 -119.412    700.0    931.4
     1     1    17     8    29     2     0     0    -1.0   46.440 -119.442    715.0    929.7
     1     1    17     8    29     1     0     0    -2.0   46.455 -119.512    710.9    929.2
     1     1    17     8    29     0     0     0    -3.0   46.404 -119.566    696.2    931.8
     1     1    17     8    28    23     0     0    -4.0   46.334 -119.594    688.1    933.1
     1     1    17     8    28    22     0     0    -5.0   46.293 -119.636    682.2    933.3
     1     1    17     8    28    21     0     0    -6.0   46.290 -119.673    677.6    935.1
     1     1    17     8    28    20     0     0    -7.0   46.287 -119.746    681.2    933.2
     1     1    17     8    28    19     0     0    -8.0   46.257 -119.819    677.5    934.3
     1     1    17     8    28    18     0     0    -9.0   46.269 -119.874    672.7    933.5
     1     1    17     8    28    17     0     0   -10.0   46.339 -119.945    674.1    935.0
     1     1    17     8    28    16     0     0   -11.0   46.367 -120.037    683.8    932.9
     1     1    17     8    28    15     0     0   -12.0   46.407 -120.114    670.8    934.6
     1     1    17     8    28    14     0     0   -13.0   46.441 -120.077    677.2    934.1
     1     1    17     8    28    13     0     0   -14.0   46.469 -119.984    687.0    932.9
     1     1    17     8    28    12     0     0   -15.0   46.563 -119.942    690.2    933.5
     1     1    17     8    28    11     0     0   -16.0   46.673 -119.934    677.1    934.4
     1     1    17     8    28    10     0     0   -17.0   46.800 -119.961    665.5    934.8
     1     1    17     8    28     9     0     0   -18.0   46.945 -120.030    670.2    935.1
     1     1    17     8    28     8     0     0   -19.0   46.964 -120.076    661.1    935.4
     1     1    17     8    28     7     0     0   -20.0   46.899 -120.117    640.8    938.5
     1     1    17     8    28     6     0     0   -21.0   46.912 -120.188    629.7    939.6
     1     1    17     8    28     5     0     0   -22.0   46.968 -120.170    634.2    941.3
     1     1    17     8    28     4     0     0   -23.0   46.985 -120.097    633.5    937.0
     1     1    17     8    28     3     0     0   -24.0   46.944 -120.068    617.6    940.8
     1     1    17     8    28     2     0     0   -25.0   46.900 -120.046    602.2    943.6
     1     1    17     8    28     1     0     0   -26.0   46.850 -120.005    587.6    943.6
     1     1    17     8    28     0     0     0   -27.0   46.802 -119.959    580.7    946.1
     1     1    17     8    27    23     0     0   -28.0   46.766 -119.935    576.3    944.8
     1     1    17     8    27    22     0     0   -29.0   46.738 -119.951    572.9    946.6
     1     1    17     8    27    21     0     0   -30.0   46.727 -119.981    574.8    945.6
     1     1    17     8    27    20     0     0   -31.0   46.731 -120.031    573.1    945.3
     1     1    17     8    27    19     0     0   -32.0   46.730 -120.081    571.2    946.4
     1     1    17     8    27    18     0     0   -33.0   46.713 -120.117    575.5    945.8
     1     1    17     8    27    17     0     0   -34.0   46.672 -120.142    577.0    944.8
     1     1    17     8    27    16     0     0   -35.0   46.612 -120.159    576.7    945.2
     1     1    17     8    27    15     0     0   -36.0   46.606 -120.161    566.1    945.6
     1     1    17     8    27    14     0     0   -37.0   46.644 -120.110    568.8    947.9
     1     1    17     8    27    13     0     0   -38.0   46.665 -120.029    583.9    944.8
     1     1    17     8    27    12     0     0   -39.0   46.650 -119.949    586.7    942.5
     1     1    17     8    27    11     0     0   -40.0   46.607 -119.901    582.3    945.8
     1     1    17     8    27    10     0     0   -41.0   46.563 -119.883    574.5    944.1
     1     1    17     8    27     9     0     0   -42.0   46.518 -119.873    564.2    947.9
     1     1    17     8    27     8     0     0   -43.0   46.480 -119.855    564.7    946.7
     1     1    17     8    27     7     0     0   -44.0   46.454 -119.852    568.7    946.3
     1     1    17     8    27     6     0     0   -45.0   46.459 -119.878    575.3    945.9
     1     1    17     8    27     5     0     0   -46.0   46.489 -119.912    579.3    944.5
     1     1    17     8    27     4     0     0   -47.0   46.507 -119.954    577.3    945.3
     1     1    17     8    27     3     0     0   -48.0   46.508 -119.994    573.7    945.7
     1     1    17     8    27     2     0     0   -49.0   46.489 -120.036    570.0    946.0
     1     1    17     8    27     1     0     0   -50.0   46.451 -120.066    563.4    946.6
     1     1    17     8    27     0     0     0   -51.0   46.403 -120.100    553.5    947.7
     1     1    17     8    26    23     0     0   -52.0   46.368 -120.166    545.4    949.2
     1     1    17     8    26    22     0     0   -53.0   46.338 -120.202    542.9    949.4
     1     1    17     8    26    21     0     0   -54.0   46.331 -120.218    538.9    949.3
     1     1    17     8    26    20     0     0   -55.0   46.338 -120.253    537.3    949.7
     1     1    17     8    26    19     0     0   -56.0   46.321 -120.285    534.8    949.9
     1     1    17     8    26    18     0     0   -57.0   46.278 -120.302    547.7    950.2
     1     1    17     8    26    17     0     0   -58.0   46.284 -120.275    568.8    946.2
     1     1    17     8    26    16     0     0   -59.0   46.346 -120.201    580.3    945.2
     1     1    17     8    26    15     0     0   -60.0   46.350 -120.114    581.7    943.5
     1     1    17     8    26    14     0     0   -61.0   46.353 -120.034    575.5    947.1
     1     1    17     8    26    13     0     0   -62.0   46.388 -119.940    569.8    946.5
     1     1    17     8    26    12     0     0   -63.0   46.420 -119.850    569.7    945.9
     1     1    17     8    26    11     0     0   -64.0   46.452 -119.765    556.6    946.6
     1     1    17     8    26    10     0     0   -65.0   46.483 -119.687    548.4    949.0
     1     1    17     8    26     9     0     0   -66.0   46.498 -119.694    548.4    947.7
     1     1    17     8    26     8     0     0   -67.0   46.475 -119.723    543.8    949.1
     1     1    17     8    26     7     0     0   -68.0   46.443 -119.715    542.3    949.1
     1     1    17     8    26     6     0     0   -69.0   46.430 -119.733    545.6    949.3
     1     1    17     8    26     5     0     0   -70.0   46.424 -119.737    547.5    948.1
     1     1    17     8    26     4     0     0   -71.0   46.422 -119.739    547.6    948.5
     1     1    17     8    26     3     0     0   -72.0   46.421 -119.765    546.5    948.4
