     1     1
    SITE    10     3     1     0     0
     1 BACKWARD OMEGA   
    17     8    15     3   46.392 -119.412   700.0
     1 PRESSURE
     1     1    17     8    15     3     0     0     0.0   46.392 -119.412    700.0    931.4
     1     1    17     8    15     2     0     0    -1.0   46.384 -119.410    702.6    931.1
     1     1    17     8    15     1     0     0    -2.0   46.380 -119.411    703.3    930.1
     1     1    17     8    15     0     0     0    -3.0   46.390 -119.465    712.6    930.9
     1     1    17     8    14    23     0     0    -4.0   46.395 -119.521    728.9    927.7
     1     1    17     8    14    22     0     0    -5.0   46.384 -119.582    735.0    926.5
     1     1    17     8    14    21     0     0    -6.0   46.342 -119.627    729.6    928.0
     1     1    17     8    14    20     0     0    -7.0   46.283 -119.629    738.4    928.5
     1     1    17     8    14    19     0     0    -8.0   46.216 -119.590    756.3    925.3
     1     1    17     8    14    18     0     0    -9.0   46.158 -119.495    764.1    923.7
     1     1    17     8    14    17     0     0   -10.0   46.104 -119.384    772.5    923.9
     1     1    17     8    14    16     0     0   -11.0   46.037 -119.308    786.2    921.6
     1     1    17     8    14    15     0     0   -12.0   45.949 -119.257    788.8    921.8
     1     1    17     8    14    14     0     0   -13.0   45.851 -119.199    778.5    922.0
     1     1    17     8    14    13     0     0   -14.0   45.753 -119.157    763.0    924.2
     1     1    17     8    14    12     0     0   -15.0   45.648 -119.116    756.1    925.0
     1     1    17     8    14    11     0     0   -16.0   45.544 -119.052    738.7    926.4
     1     1    17     8    14    10     0     0   -17.0   45.440 -118.991    730.4    927.3
