     1     1
    SITE    10     3     1     0     0
     1 BACKWARD OMEGA   
    17     8    16    13   46.392 -119.412   700.0
     1 PRESSURE
     1     1    17     8    16    13     0     0     0.0   46.392 -119.412    700.0    931.4
     1     1    17     8    16    12     0     0    -1.0   46.259 -119.427    706.9    930.6
     1     1    17     8    16    11     0     0    -2.0   46.108 -119.458    674.3    934.5
     1     1    17     8    16    10     0     0    -3.0   45.965 -119.511    668.2    935.5
     1     1    17     8    16     9     0     0    -4.0   45.838 -119.537    667.8    935.5
     1     1    17     8    16     8     0     0    -5.0   45.744 -119.527    699.0    931.4
     1     1    17     8    16     7     0     0    -6.0   45.699 -119.520    715.5    929.3
     1     1    17     8    16     6     0     0    -7.0   45.684 -119.547    713.8    929.4
     1     1    17     8    16     5     0     0    -8.0   45.654 -119.574    705.0    930.1
     1     1    17     8    16     4     0     0    -9.0   45.589 -119.566    699.0    932.9
     1     1    17     8    16     3     0     0   -10.0   45.531 -119.550    700.6    931.2
     1     1    17     8    16     2     0     0   -11.0   45.492 -119.524    697.1    932.0
     1     1    17     8    16     1     0     0   -12.0   45.450 -119.468    694.8    931.6
     1     1    17     8    16     0     0     0   -13.0   45.392 -119.416    691.9    932.5
