     1     1
    SITE    10     3     1     0     0
     1 BACKWARD OMEGA   
    17     8     8    11   46.392 -119.412   700.0
     1 PRESSURE
     1     1    17     8     8    11     0     0     0.0   46.392 -119.412    700.0    931.4
     1     1    17     8     8    10     0     0    -1.0   46.342 -119.398    697.3    931.7
     1     1    17     8     8     9     0     0    -2.0   46.306 -119.427    695.8    932.9
     1     1    17     8     8     8     0     0    -3.0   46.276 -119.427    702.2    931.7
     1     1    17     8     8     7     0     0    -4.0   46.235 -119.381    711.1    930.0
     1     1    17     8     8     6     0     0    -5.0   46.197 -119.360    707.1    929.3
     1     1    17     8     8     5     0     0    -6.0   46.185 -119.383    701.4    932.1
     1     1    17     8     8     4     0     0    -7.0   46.176 -119.376    702.9    930.9
     1     1    17     8     8     3     0     0    -8.0   46.139 -119.336    699.4    931.1
     1     1    17     8     8     2     0     0    -9.0   46.101 -119.316    694.2    932.1
     1     1    17     8     8     1     0     0   -10.0   46.083 -119.288    689.9    932.6
     1     1    17     8     8     0     0     0   -11.0   46.053 -119.280    692.8    932.6
     1     1    17     8     7    23     0     0   -12.0   46.007 -119.306    689.0    932.1
     1     1    17     8     7    22     0     0   -13.0   46.023 -119.324    678.8    933.8
     1     1    17     8     7    21     0     0   -14.0   46.043 -119.365    675.4    934.0
     1     1    17     8     7    20     0     0   -15.0   45.999 -119.409    663.7    935.7
     1     1    17     8     7    19     0     0   -16.0   45.946 -119.436    658.7    937.4
     1     1    17     8     7    18     0     0   -17.0   45.892 -119.438    651.6    935.8
     1     1    17     8     7    17     0     0   -18.0   45.827 -119.416    636.3    939.8
     1     1    17     8     7    16     0     0   -19.0   45.746 -119.392    617.8    940.5
     1     1    17     8     7    15     0     0   -20.0   45.651 -119.347    604.0    942.6
     1     1    17     8     7    14     0     0   -21.0   45.540 -119.298    635.1    940.7
     1     1    17     8     7    13     0     0   -22.0   45.414 -119.267    689.8    932.2
