     1     1
    SITE    10     3     1     0     0
     1 BACKWARD OMEGA   
    17     8     4    16   46.392 -119.412   700.0
     1 PRESSURE
     1     1    17     8     4    16     0     0     0.0   46.392 -119.412    700.0    931.4
     1     1    17     8     4    15     0     0    -1.0   46.422 -119.476    702.8    931.1
     1     1    17     8     4    14     0     0    -2.0   46.435 -119.563    701.9    931.0
     1     1    17     8     4    13     0     0    -3.0   46.385 -119.649    692.3    930.9
     1     1    17     8     4    12     0     0    -4.0   46.367 -119.728    672.2    937.5
     1     1    17     8     4    11     0     0    -5.0   46.362 -119.827    681.1    934.0
     1     1    17     8     4    10     0     0    -6.0   46.330 -119.983    686.1    932.7
     1     1    17     8     4     9     0     0    -7.0   46.338 -120.145    681.6    934.0
     1     1    17     8     4     8     0     0    -8.0   46.364 -120.231    680.5    933.7
     1     1    17     8     4     7     0     0    -9.0   46.365 -120.279    679.9    933.6
     1     1    17     8     4     6     0     0   -10.0   46.372 -120.317    680.6    934.3
     1     1    17     8     4     5     0     0   -11.0   46.354 -120.372    682.3    933.1
     1     1    17     8     4     4     0     0   -12.0   46.292 -120.369    684.6    932.9
     1     1    17     8     4     3     0     0   -13.0   46.244 -120.298    685.4    932.8
     1     1    17     8     4     2     0     0   -14.0   46.210 -120.283    686.6    933.9
     1     1    17     8     4     1     0     0   -15.0   46.158 -120.280    691.4    932.9
     1     1    17     8     4     0     0     0   -16.0   46.106 -120.250    697.7    930.9
     1     1    17     8     3    23     0     0   -17.0   46.078 -120.218    696.2    931.7
     1     1    17     8     3    22     0     0   -18.0   46.069 -120.157    698.1    932.4
     1     1    17     8     3    21     0     0   -19.0   46.028 -120.112    684.4    931.3
     1     1    17     8     3    20     0     0   -20.0   45.952 -120.117    675.5    934.5
     1     1    17     8     3    19     0     0   -21.0   45.883 -120.143    676.7    933.8
     1     1    17     8     3    18     0     0   -22.0   45.817 -120.154    678.9    934.4
     1     1    17     8     3    17     0     0   -23.0   45.731 -120.097    695.8    932.6
     1     1    17     8     3    16     0     0   -24.0   45.651 -119.977    711.9    929.3
     1     1    17     8     3    15     0     0   -25.0   45.604 -119.834    711.0    930.1
     1     1    17     8     3    14     0     0   -26.0   45.560 -119.716    718.1    929.5
     1     1    17     8     3    13     0     0   -27.0   45.499 -119.691    734.0    928.1
     1     1    17     8     3    12     0     0   -28.0   45.455 -119.779    729.8    924.1
     1     1    17     8     3    11     0     0   -29.0   45.498 -119.852    709.6    929.6
     1     1    17     8     3    10     0     0   -30.0   45.594 -119.888    710.1    930.1
     1     1    17     8     3     9     0     0   -31.0   45.634 -119.967    714.3    929.9
     1     1    17     8     3     8     0     0   -32.0   45.615 -120.012    716.3    929.4
     1     1    17     8     3     7     0     0   -33.0   45.582 -120.009    720.6    929.7
     1     1    17     8     3     6     0     0   -34.0   45.548 -120.015    728.3    927.8
     1     1    17     8     3     5     0     0   -35.0   45.515 -120.041    734.9    927.6
     1     1    17     8     3     4     0     0   -36.0   45.501 -120.086    738.6    926.8
     1     1    17     8     3     3     0     0   -37.0   45.505 -120.146    732.0    927.0
     1     1    17     8     3     2     0     0   -38.0   45.513 -120.217    734.9    929.0
     1     1    17     8     3     1     0     0   -39.0   45.520 -120.280    734.9    925.5
     1     1    17     8     3     0     0     0   -40.0   45.510 -120.332    732.4    929.2
     1     1    17     8     2    23     0     0   -41.0   45.500 -120.385    737.6    926.3
     1     1    17     8     2    22     0     0   -42.0   45.516 -120.443    743.4    927.3
     1     1    17     8     2    21     0     0   -43.0   45.532 -120.514    759.2    925.3
     1     1    17     8     2    20     0     0   -44.0   45.561 -120.592    768.2    922.5
     1     1    17     8     2    19     0     0   -45.0   45.625 -120.651    759.3    923.3
     1     1    17     8     2    18     0     0   -46.0   45.658 -120.762    766.8    924.7
