     1     1
    SITE    10     3     1     0     0
     1 BACKWARD OMEGA   
    17     8    17    14   46.392 -119.412   700.0
     1 PRESSURE
     1     1    17     8    17    14     0     0     0.0   46.392 -119.412    700.0    931.4
     1     1    17     8    17    13     0     0    -1.0   46.287 -119.393    691.3    932.5
     1     1    17     8    17    12     0     0    -2.0   46.189 -119.330    671.8    934.6
     1     1    17     8    17    11     0     0    -3.0   46.105 -119.251    671.2    935.4
     1     1    17     8    17    10     0     0    -4.0   46.019 -119.184    686.8    932.9
     1     1    17     8    17     9     0     0    -5.0   45.915 -119.141    691.2    931.9
     1     1    17     8    17     8     0     0    -6.0   45.792 -119.135    689.4    934.4
     1     1    17     8    17     7     0     0    -7.0   45.673 -119.148    713.7    928.5
     1     1    17     8    17     6     0     0    -8.0   45.589 -119.129    694.6    932.1
     1     1    17     8    17     5     0     0    -9.0   45.539 -119.107    690.2    932.7
     1     1    17     8    17     4     0     0   -10.0   45.492 -119.124    685.8    932.0
     1     1    17     8    17     3     0     0   -11.0   45.450 -119.168    694.6    935.1
     1     1    17     8    17     2     0     0   -12.0   45.419 -119.200    716.0    928.4
     1     1    17     8    17     1     0     0   -13.0   45.370 -119.225    725.1    927.7
