     1     1
    SITE    10     3     1     0     0
     1 BACKWARD OMEGA   
    17     8    16     3   46.392 -119.412   700.0
     1 PRESSURE
     1     1    17     8    16     3     0     0     0.0   46.392 -119.412    700.0    931.4
     1     1    17     8    16     2     0     0    -1.0   46.354 -119.386    697.1    931.8
     1     1    17     8    16     1     0     0    -2.0   46.313 -119.327    692.4    932.0
     1     1    17     8    16     0     0     0    -3.0   46.253 -119.272    702.4    932.2
     1     1    17     8    15    23     0     0    -4.0   46.195 -119.272    719.6    929.1
     1     1    17     8    15    22     0     0    -5.0   46.159 -119.284    727.6    927.2
     1     1    17     8    15    21     0     0    -6.0   46.122 -119.303    723.7    928.2
     1     1    17     8    15    20     0     0    -7.0   46.063 -119.327    724.2    929.7
     1     1    17     8    15    19     0     0    -8.0   45.987 -119.322    719.5    929.0
     1     1    17     8    15    18     0     0    -9.0   45.905 -119.283    714.8    929.2
     1     1    17     8    15    17     0     0   -10.0   45.815 -119.233    681.9    934.1
     1     1    17     8    15    16     0     0   -11.0   45.750 -119.167    662.1    935.8
     1     1    17     8    15    15     0     0   -12.0   45.688 -119.120    641.1    938.4
     1     1    17     8    15    14     0     0   -13.0   45.609 -119.101    625.1    940.3
     1     1    17     8    15    13     0     0   -14.0   45.527 -119.105    612.9    941.3
     1     1    17     8    15    12     0     0   -15.0   45.447 -119.135    593.2    943.3
     1     1    17     8    15    11     0     0   -16.0   45.383 -119.122    586.1    945.2
