     1     1
    SITE    10     3     1     0     0
     1 BACKWARD OMEGA   
    17     8     6     5   46.392 -119.412   700.0
     1 PRESSURE
     1     1    17     8     6     5     0     0     0.0   46.392 -119.412    700.0    931.4
     1     1    17     8     6     4     0     0    -1.0   46.358 -119.390    701.3    931.3
     1     1    17     8     6     3     0     0    -2.0   46.331 -119.401    702.1    930.9
     1     1    17     8     6     2     0     0    -3.0   46.301 -119.401    697.9    931.3
     1     1    17     8     6     1     0     0    -4.0   46.261 -119.402    689.7    932.5
     1     1    17     8     6     0     0     0    -5.0   46.229 -119.437    688.8    933.5
     1     1    17     8     5    23     0     0    -6.0   46.241 -119.476    695.3    932.2
     1     1    17     8     5    22     0     0    -7.0   46.248 -119.513    693.9    931.1
     1     1    17     8     5    21     0     0    -8.0   46.219 -119.542    696.4    932.8
     1     1    17     8     5    20     0     0    -9.0   46.173 -119.579    704.4    930.5
     1     1    17     8     5    19     0     0   -10.0   46.115 -119.620    699.3    931.6
     1     1    17     8     5    18     0     0   -11.0   46.055 -119.640    697.4    932.0
     1     1    17     8     5    17     0     0   -12.0   45.974 -119.625    691.3    931.6
     1     1    17     8     5    16     0     0   -13.0   45.891 -119.557    685.7    933.3
     1     1    17     8     5    15     0     0   -14.0   45.854 -119.451    689.2    933.4
     1     1    17     8     5    14     0     0   -15.0   45.867 -119.437    728.9    928.5
     1     1    17     8     5    13     0     0   -16.0   45.871 -119.425    748.7    923.0
     1     1    17     8     5    12     0     0   -17.0   45.852 -119.308    743.3    926.7
     1     1    17     8     5    11     0     0   -18.0   45.790 -119.244    755.2    925.0
     1     1    17     8     5    10     0     0   -19.0   45.689 -119.248    744.4    926.2
     1     1    17     8     5     9     0     0   -20.0   45.613 -119.252    739.3    926.7
     1     1    17     8     5     8     0     0   -21.0   45.579 -119.269    729.2    928.0
     1     1    17     8     5     7     0     0   -22.0   45.554 -119.279    723.5    929.6
     1     1    17     8     5     6     0     0   -23.0   45.525 -119.248    723.9    929.2
     1     1    17     8     5     5     0     0   -24.0   45.518 -119.241    720.2    928.2
     1     1    17     8     5     4     0     0   -25.0   45.491 -119.249    717.7    930.1
     1     1    17     8     5     3     0     0   -26.0   45.429 -119.221    725.2    928.1
     1     1    17     8     5     2     0     0   -27.0   45.351 -119.192    722.9    928.4
