     1     1
    SITE    10     3     1     0     0
     1 BACKWARD OMEGA   
    17     8    23    22   46.392 -119.412   700.0
     1 PRESSURE
     1     1    17     8    23    22     0     0     0.0   46.392 -119.412    700.0    931.4
     1     1    17     8    23    21     0     0    -1.0   46.404 -119.458    663.2    935.8
     1     1    17     8    23    20     0     0    -2.0   46.400 -119.496    647.6    940.7
     1     1    17     8    23    19     0     0    -3.0   46.333 -119.455    649.2    937.2
     1     1    17     8    23    18     0     0    -4.0   46.263 -119.369    625.7    940.1
     1     1    17     8    23    17     0     0    -5.0   46.182 -119.297    600.1    942.9
     1     1    17     8    23    16     0     0    -6.0   46.084 -119.252    583.0    945.3
     1     1    17     8    23    15     0     0    -7.0   45.966 -119.196    583.2    944.9
     1     1    17     8    23    14     0     0    -8.0   45.836 -119.096    603.2    943.5
     1     1    17     8    23    13     0     0    -9.0   45.703 -118.987    622.6    939.4
     1     1    17     8    23    12     0     0   -10.0   45.554 -118.922    605.0    942.6
     1     1    17     8    23    11     0     0   -11.0   45.411 -118.874    615.5    941.3
