     1     1
    SITE    10     3     1     0     0
     1 BACKWARD OMEGA   
    17     8     4    20   46.392 -119.412   700.0
     1 PRESSURE
     1     1    17     8     4    20     0     0     0.0   46.392 -119.412    700.0    931.4
     1     1    17     8     4    19     0     0    -1.0   46.408 -119.470    704.4    930.9
     1     1    17     8     4    18     0     0    -2.0   46.433 -119.484    697.8    930.6
     1     1    17     8     4    17     0     0    -3.0   46.505 -119.399    700.3    931.6
     1     1    17     8     4    16     0     0    -4.0   46.537 -119.380    708.5    930.1
     1     1    17     8     4    15     0     0    -5.0   46.566 -119.443    709.1    930.6
     1     1    17     8     4    14     0     0    -6.0   46.578 -119.528    707.3    929.2
     1     1    17     8     4    13     0     0    -7.0   46.528 -119.615    699.6    931.6
     1     1    17     8     4    12     0     0    -8.0   46.508 -119.693    699.9    931.2
     1     1    17     8     4    11     0     0    -9.0   46.504 -119.789    688.7    931.4
     1     1    17     8     4    10     0     0   -10.0   46.470 -119.942    719.7    929.7
     1     1    17     8     4     9     0     0   -11.0   46.478 -120.100    740.4    926.1
     1     1    17     8     4     8     0     0   -12.0   46.505 -120.183    739.6    927.2
     1     1    17     8     4     7     0     0   -13.0   46.505 -120.230    739.7    926.5
     1     1    17     8     4     6     0     0   -14.0   46.512 -120.269    743.0    927.2
     1     1    17     8     4     5     0     0   -15.0   46.495 -120.324    747.3    925.5
     1     1    17     8     4     4     0     0   -16.0   46.433 -120.319    733.8    927.5
     1     1    17     8     4     3     0     0   -17.0   46.387 -120.248    720.8    929.3
     1     1    17     8     4     2     0     0   -18.0   46.354 -120.234    716.0    929.3
     1     1    17     8     4     1     0     0   -19.0   46.304 -120.231    714.0    930.1
     1     1    17     8     4     0     0     0   -20.0   46.252 -120.202    728.0    929.9
     1     1    17     8     3    23     0     0   -21.0   46.222 -120.170    738.7    924.8
     1     1    17     8     3    22     0     0   -22.0   46.213 -120.110    733.2    927.5
     1     1    17     8     3    21     0     0   -23.0   46.173 -120.065    715.7    927.9
     1     1    17     8     3    20     0     0   -24.0   46.096 -120.070    710.5    930.4
     1     1    17     8     3    19     0     0   -25.0   46.026 -120.099    723.2    928.9
     1     1    17     8     3    18     0     0   -26.0   45.958 -120.108    734.7    927.4
     1     1    17     8     3    17     0     0   -27.0   45.871 -120.051    716.4    929.0
     1     1    17     8     3    16     0     0   -28.0   45.793 -119.936    695.3    932.2
     1     1    17     8     3    15     0     0   -29.0   45.748 -119.795    662.8    935.2
     1     1    17     8     3    14     0     0   -30.0   45.700 -119.674    646.8    938.1
     1     1    17     8     3    13     0     0   -31.0   45.638 -119.651    654.5    936.6
     1     1    17     8     3    12     0     0   -32.0   45.595 -119.740    644.5    937.4
     1     1    17     8     3    11     0     0   -33.0   45.635 -119.813    672.6    934.8
     1     1    17     8     3    10     0     0   -34.0   45.731 -119.852    669.7    934.7
     1     1    17     8     3     9     0     0   -35.0   45.769 -119.932    667.2    935.3
     1     1    17     8     3     8     0     0   -36.0   45.747 -119.975    675.3    934.1
     1     1    17     8     3     7     0     0   -37.0   45.712 -119.973    680.1    933.8
     1     1    17     8     3     6     0     0   -38.0   45.677 -119.982    678.5    933.4
     1     1    17     8     3     5     0     0   -39.0   45.644 -120.009    676.1    934.7
     1     1    17     8     3     4     0     0   -40.0   45.631 -120.055    667.5    934.3
     1     1    17     8     3     3     0     0   -41.0   45.636 -120.114    659.9    937.4
     1     1    17     8     3     2     0     0   -42.0   45.644 -120.183    663.9    936.0
     1     1    17     8     3     1     0     0   -43.0   45.652 -120.244    675.3    934.9
     1     1    17     8     3     0     0     0   -44.0   45.643 -120.294    688.1    932.6
     1     1    17     8     2    23     0     0   -45.0   45.633 -120.345    691.9    931.8
     1     1    17     8     2    22     0     0   -46.0   45.650 -120.402    689.6    932.1
     1     1    17     8     2    21     0     0   -47.0   45.668 -120.474    689.8    933.5
     1     1    17     8     2    20     0     0   -48.0   45.698 -120.553    712.3    931.7
     1     1    17     8     2    19     0     0   -49.0   45.762 -120.612    719.6    927.1
     1     1    17     8     2    18     0     0   -50.0   45.795 -120.726    715.2    930.1
     1     1    17     8     2    17     0     0   -51.0   45.722 -120.806    716.7    928.0
     1     1    17     8     2    16     0     0   -52.0   45.714 -120.774    716.0    929.5
     1     1    17     8     2    15     0     0   -53.0   45.715 -120.755    734.5    927.7
     1     1    17     8     2    14     0     0   -54.0   45.583 -120.757    738.3    926.5
     1     1    17     8     2    13     0     0   -55.0   45.430 -120.756    697.4    932.4
