     1     1
    SITE    10     3     1     0     0
     1 BACKWARD OMEGA   
    17     8    11     3   46.392 -119.412   700.0
     1 PRESSURE
     1     1    17     8    11     3     0     0     0.0   46.392 -119.412    700.0    931.4
     1     1    17     8    11     2     0     0    -1.0   46.375 -119.389    713.1    929.9
     1     1    17     8    11     1     0     0    -2.0   46.327 -119.375    715.2    928.3
     1     1    17     8    11     0     0     0    -3.0   46.272 -119.373    714.6    930.1
     1     1    17     8    10    23     0     0    -4.0   46.234 -119.431    713.2    929.7
     1     1    17     8    10    22     0     0    -5.0   46.259 -119.495    708.6    929.9
     1     1    17     8    10    21     0     0    -6.0   46.284 -119.541    694.2    932.5
     1     1    17     8    10    20     0     0    -7.0   46.255 -119.585    693.8    931.9
     1     1    17     8    10    19     0     0    -8.0   46.230 -119.627    694.5    932.4
     1     1    17     8    10    18     0     0    -9.0   46.184 -119.646    713.1    931.8
     1     1    17     8    10    17     0     0   -10.0   46.146 -119.598    709.0    930.0
     1     1    17     8    10    16     0     0   -11.0   46.140 -119.499    701.3    933.2
     1     1    17     8    10    15     0     0   -12.0   46.144 -119.396    704.8    930.8
     1     1    17     8    10    14     0     0   -13.0   46.158 -119.296    700.5    931.1
     1     1    17     8    10    13     0     0   -14.0   46.155 -119.193    686.7    933.0
     1     1    17     8    10    12     0     0   -15.0   46.127 -119.119    683.6    933.6
     1     1    17     8    10    11     0     0   -16.0   46.083 -119.089    675.8    932.7
     1     1    17     8    10    10     0     0   -17.0   46.031 -119.073    671.0    936.6
     1     1    17     8    10     9     0     0   -18.0   45.980 -119.043    681.3    933.6
     1     1    17     8    10     8     0     0   -19.0   45.917 -119.000    683.4    932.0
     1     1    17     8    10     7     0     0   -20.0   45.850 -118.976    682.3    933.6
     1     1    17     8    10     6     0     0   -21.0   45.808 -118.953    683.3    933.1
     1     1    17     8    10     5     0     0   -22.0   45.786 -118.954    681.2    933.2
     1     1    17     8    10     4     0     0   -23.0   45.763 -118.974    679.2    934.1
     1     1    17     8    10     3     0     0   -24.0   45.719 -118.967    683.8    933.8
     1     1    17     8    10     2     0     0   -25.0   45.692 -118.992    692.6    932.4
     1     1    17     8    10     1     0     0   -26.0   45.687 -119.044    698.4    931.2
     1     1    17     8    10     0     0     0   -27.0   45.654 -119.072    698.8    931.3
     1     1    17     8     9    23     0     0   -28.0   45.623 -119.124    692.9    931.8
     1     1    17     8     9    22     0     0   -29.0   45.582 -119.158    682.1    933.4
     1     1    17     8     9    21     0     0   -30.0   45.537 -119.167    674.1    934.7
     1     1    17     8     9    20     0     0   -31.0   45.526 -119.221    672.1    934.9
     1     1    17     8     9    19     0     0   -32.0   45.488 -119.254    671.5    935.0
     1     1    17     8     9    18     0     0   -33.0   45.475 -119.206    671.3    935.1
     1     1    17     8     9    17     0     0   -34.0   45.525 -119.089    707.4    930.6
     1     1    17     8     9    16     0     0   -35.0   45.571 -118.962    749.4    924.8
     1     1    17     8     9    15     0     0   -36.0   45.581 -118.845    759.7    924.0
     1     1    17     8     9    14     0     0   -37.0   45.536 -118.781    735.7    927.5
     1     1    17     8     9    13     0     0   -38.0   45.460 -118.771    717.5    929.3
     1     1    17     8     9    12     0     0   -39.0   45.389 -118.729    745.5    927.1
