     1     1
    SITE    10     3     1     0     0
     1 BACKWARD OMEGA   
    17     8     4     1   46.392 -119.412   700.0
     1 PRESSURE
     1     1    17     8     4     1     0     0     0.0   46.392 -119.412    700.0    931.4
     1     1    17     8     4     0     0     0    -1.0   46.339 -119.382    715.8    929.6
     1     1    17     8     3    23     0     0    -2.0   46.309 -119.349    720.6    929.5
     1     1    17     8     3    22     0     0    -3.0   46.301 -119.287    725.9    928.2
     1     1    17     8     3    21     0     0    -4.0   46.262 -119.242    741.3    927.8
     1     1    17     8     3    20     0     0    -5.0   46.187 -119.248    761.5    924.0
     1     1    17     8     3    19     0     0    -6.0   46.118 -119.275    766.0    923.8
     1     1    17     8     3    18     0     0    -7.0   46.051 -119.285    754.5    924.5
     1     1    17     8     3    17     0     0    -8.0   45.963 -119.225    729.0    928.2
     1     1    17     8     3    16     0     0    -9.0   45.884 -119.105    720.8    929.1
     1     1    17     8     3    15     0     0   -10.0   45.835 -118.965    727.7    928.7
     1     1    17     8     3    14     0     0   -11.0   45.788 -118.845    718.7    928.9
     1     1    17     8     3    13     0     0   -12.0   45.724 -118.822    703.1    930.9
     1     1    17     8     3    12     0     0   -13.0   45.679 -118.910    711.9    930.9
     1     1    17     8     3    11     0     0   -14.0   45.722 -118.983    711.2    930.4
     1     1    17     8     3    10     0     0   -15.0   45.820 -119.019    712.0    929.4
     1     1    17     8     3     9     0     0   -16.0   45.859 -119.098    694.0    932.6
     1     1    17     8     3     8     0     0   -17.0   45.838 -119.143    694.1    932.0
     1     1    17     8     3     7     0     0   -18.0   45.804 -119.140    696.8    931.9
     1     1    17     8     3     6     0     0   -19.0   45.769 -119.146    696.3    931.4
     1     1    17     8     3     5     0     0   -20.0   45.736 -119.174    703.3    932.3
     1     1    17     8     3     4     0     0   -21.0   45.722 -119.221    714.2    929.5
     1     1    17     8     3     3     0     0   -22.0   45.726 -119.281    717.9    929.1
     1     1    17     8     3     2     0     0   -23.0   45.734 -119.353    719.2    929.3
     1     1    17     8     3     1     0     0   -24.0   45.742 -119.417    721.8    929.1
     1     1    17     8     3     0     0     0   -25.0   45.733 -119.469    729.7    928.4
     1     1    17     8     2    23     0     0   -26.0   45.723 -119.521    740.1    926.8
     1     1    17     8     2    22     0     0   -27.0   45.740 -119.580    747.8    925.7
     1     1    17     8     2    21     0     0   -28.0   45.755 -119.653    756.7    925.1
     1     1    17     8     2    20     0     0   -29.0   45.783 -119.734    767.0    922.9
     1     1    17     8     2    19     0     0   -30.0   45.846 -119.796    783.2    924.3
     1     1    17     8     2    18     0     0   -31.0   45.877 -119.911    814.6    917.6
     1     1    17     8     2    17     0     0   -32.0   45.806 -119.994    807.3    919.9
     1     1    17     8     2    16     0     0   -33.0   45.796 -119.965    812.5    917.6
     1     1    17     8     2    15     0     0   -34.0   45.795 -119.943    771.2    923.0
     1     1    17     8     2    14     0     0   -35.0   45.659 -119.948    777.8    923.2
     1     1    17     8     2    13     0     0   -36.0   45.506 -119.948    824.0    917.2
     1     1    17     8     2    12     0     0   -37.0   45.344 -119.948    805.9    919.4
