     1     1
    SITE    10     3     1     0     0
     1 BACKWARD OMEGA   
    17     8    25    22   46.392 -119.412   700.0
     1 PRESSURE
     1     1    17     8    25    22     0     0     0.0   46.392 -119.412    700.0    931.4
     1     1    17     8    25    21     0     0    -1.0   46.354 -119.461    693.5    932.2
     1     1    17     8    25    20     0     0    -2.0   46.292 -119.502    696.0    931.9
     1     1    17     8    25    19     0     0    -3.0   46.208 -119.506    708.6    931.6
     1     1    17     8    25    18     0     0    -4.0   46.105 -119.475    722.0    928.4
     1     1    17     8    25    17     0     0    -5.0   46.002 -119.446    733.2    927.8
     1     1    17     8    25    16     0     0    -6.0   45.913 -119.407    746.7    925.7
     1     1    17     8    25    15     0     0    -7.0   45.839 -119.357    736.2    927.2
     1     1    17     8    25    14     0     0    -8.0   45.759 -119.305    739.2    926.9
     1     1    17     8    25    13     0     0    -9.0   45.679 -119.295    752.4    925.3
     1     1    17     8    25    12     0     0   -10.0   45.617 -119.292    750.6    925.4
     1     1    17     8    25    11     0     0   -11.0   45.556 -119.274    729.4    927.8
     1     1    17     8    25    10     0     0   -12.0   45.500 -119.255    714.2    929.6
     1     1    17     8    25     9     0     0   -13.0   45.495 -119.206    709.1    931.3
     1     1    17     8    25     8     0     0   -14.0   45.502 -119.153    714.4    930.2
     1     1    17     8    25     7     0     0   -15.0   45.473 -119.121    716.6    928.9
     1     1    17     8    25     6     0     0   -16.0   45.447 -119.091    714.2    929.6
     1     1    17     8    25     5     0     0   -17.0   45.448 -119.047    713.2    930.1
     1     1    17     8    25     4     0     0   -18.0   45.443 -119.013    713.1    929.7
     1     1    17     8    25     3     0     0   -19.0   45.443 -119.014    714.6    929.8
     1     1    17     8    25     2     0     0   -20.0   45.437 -119.039    717.7    929.3
     1     1    17     8    25     1     0     0   -21.0   45.406 -119.062    719.5    929.0
     1     1    17     8    25     0     0     0   -22.0   45.355 -119.064    726.4    929.2
