     1     1
    SITE    10     3     1     0     0
     1 BACKWARD OMEGA   
    17     8    11    11   46.392 -119.412   700.0
     1 PRESSURE
     1     1    17     8    11    11     0     0     0.0   46.392 -119.412    700.0    931.4
     1     1    17     8    11    10     0     0    -1.0   46.349 -119.372    724.4    928.6
     1     1    17     8    11     9     0     0    -2.0   46.367 -119.307    727.0    926.1
     1     1    17     8    11     8     0     0    -3.0   46.374 -119.291    731.1    928.2
     1     1    17     8    11     7     0     0    -4.0   46.346 -119.330    719.8    928.6
     1     1    17     8    11     6     0     0    -5.0   46.324 -119.357    714.7    931.0
     1     1    17     8    11     5     0     0    -6.0   46.283 -119.359    705.5    930.3
     1     1    17     8    11     4     0     0    -7.0   46.240 -119.395    698.8    931.9
     1     1    17     8    11     3     0     0    -8.0   46.224 -119.395    690.3    932.2
     1     1    17     8    11     2     0     0    -9.0   46.207 -119.374    683.3    934.2
     1     1    17     8    11     1     0     0   -10.0   46.159 -119.361    691.1    933.5
     1     1    17     8    11     0     0     0   -11.0   46.106 -119.360    701.2    930.9
     1     1    17     8    10    23     0     0   -12.0   46.068 -119.420    706.4    931.2
     1     1    17     8    10    22     0     0   -13.0   46.093 -119.486    705.7    929.9
     1     1    17     8    10    21     0     0   -14.0   46.120 -119.529    706.9    930.4
     1     1    17     8    10    20     0     0   -15.0   46.092 -119.571    706.6    931.2
     1     1    17     8    10    19     0     0   -16.0   46.067 -119.614    711.2    930.1
     1     1    17     8    10    18     0     0   -17.0   46.020 -119.633    694.7    929.6
     1     1    17     8    10    17     0     0   -18.0   45.981 -119.581    693.6    932.6
     1     1    17     8    10    16     0     0   -19.0   45.976 -119.483    690.6    930.9
     1     1    17     8    10    15     0     0   -20.0   45.981 -119.381    673.2    934.7
     1     1    17     8    10    14     0     0   -21.0   45.995 -119.280    670.6    935.2
     1     1    17     8    10    13     0     0   -22.0   45.993 -119.178    683.8    933.5
     1     1    17     8    10    12     0     0   -23.0   45.962 -119.103    695.1    932.2
     1     1    17     8    10    11     0     0   -24.0   45.916 -119.072    705.0    930.4
     1     1    17     8    10    10     0     0   -25.0   45.866 -119.057    712.9    929.9
     1     1    17     8    10     9     0     0   -26.0   45.816 -119.028    715.1    929.0
     1     1    17     8    10     8     0     0   -27.0   45.754 -118.987    722.7    930.4
     1     1    17     8    10     7     0     0   -28.0   45.688 -118.963    734.1    927.5
     1     1    17     8    10     6     0     0   -29.0   45.646 -118.938    733.9    926.7
     1     1    17     8    10     5     0     0   -30.0   45.624 -118.939    729.4    928.8
     1     1    17     8    10     4     0     0   -31.0   45.600 -118.957    730.5    928.3
     1     1    17     8    10     3     0     0   -32.0   45.557 -118.950    731.1    927.6
     1     1    17     8    10     2     0     0   -33.0   45.529 -118.975    727.2    927.7
     1     1    17     8    10     1     0     0   -34.0   45.523 -119.027    729.1    929.1
     1     1    17     8    10     0     0     0   -35.0   45.490 -119.056    730.5    926.6
     1     1    17     8     9    23     0     0   -36.0   45.458 -119.111    727.8    929.6
     1     1    17     8     9    22     0     0   -37.0   45.417 -119.146    723.8    927.4
     1     1    17     8     9    21     0     0   -38.0   45.373 -119.156    720.0    929.4
