     1     1
    SITE    10     3     1     0     0
     1 BACKWARD OMEGA   
    17     8    10     4   46.392 -119.412   700.0
     1 PRESSURE
     1     1    17     8    10     4     0     0     0.0   46.392 -119.412    700.0    931.4
     1     1    17     8    10     3     0     0    -1.0   46.348 -119.403    690.9    932.5
     1     1    17     8    10     2     0     0    -2.0   46.320 -119.426    678.7    934.2
     1     1    17     8    10     1     0     0    -3.0   46.314 -119.477    670.6    934.9
     1     1    17     8    10     0     0     0    -4.0   46.281 -119.505    659.4    935.9
     1     1    17     8     9    23     0     0    -5.0   46.251 -119.558    655.5    938.0
     1     1    17     8     9    22     0     0    -6.0   46.211 -119.595    660.4    936.7
     1     1    17     8     9    21     0     0    -7.0   46.166 -119.605    665.1    935.3
     1     1    17     8     9    20     0     0    -8.0   46.155 -119.658    655.2    935.7
     1     1    17     8     9    19     0     0    -9.0   46.116 -119.691    647.3    939.0
     1     1    17     8     9    18     0     0   -10.0   46.103 -119.643    653.4    936.8
     1     1    17     8     9    17     0     0   -11.0   46.151 -119.528    631.4    937.1
     1     1    17     8     9    16     0     0   -12.0   46.196 -119.400    616.5    941.2
     1     1    17     8     9    15     0     0   -13.0   46.206 -119.283    599.4    942.5
     1     1    17     8     9    14     0     0   -14.0   46.162 -119.219    588.8    944.2
     1     1    17     8     9    13     0     0   -15.0   46.085 -119.209    573.3    945.6
     1     1    17     8     9    12     0     0   -16.0   46.011 -119.163    553.5    948.3
     1     1    17     8     9    11     0     0   -17.0   45.951 -119.117    542.4    949.2
     1     1    17     8     9    10     0     0   -18.0   45.903 -119.092    536.0    950.0
     1     1    17     8     9     9     0     0   -19.0   45.856 -119.068    542.2    949.8
     1     1    17     8     9     8     0     0   -20.0   45.800 -119.054    549.6    947.9
     1     1    17     8     9     7     0     0   -21.0   45.737 -119.033    544.6    948.0
     1     1    17     8     9     6     0     0   -22.0   45.696 -119.011    533.3    950.2
     1     1    17     8     9     5     0     0   -23.0   45.677 -119.024    536.1    950.5
     1     1    17     8     9     4     0     0   -24.0   45.653 -119.052    541.7    949.2
     1     1    17     8     9     3     0     0   -25.0   45.626 -119.081    546.0    948.4
     1     1    17     8     9     2     0     0   -26.0   45.618 -119.128    546.2    948.9
     1     1    17     8     9     1     0     0   -27.0   45.599 -119.154    547.4    948.5
     1     1    17     8     9     0     0     0   -28.0   45.575 -119.195    546.3    947.5
     1     1    17     8     8    23     0     0   -29.0   45.563 -119.252    545.4    950.1
     1     1    17     8     8    22     0     0   -30.0   45.536 -119.302    558.9    948.0
     1     1    17     8     8    21     0     0   -31.0   45.513 -119.342    567.1    945.3
     1     1    17     8     8    20     0     0   -32.0   45.498 -119.370    563.0    946.5
     1     1    17     8     8    19     0     0   -33.0   45.472 -119.408    553.4    947.6
     1     1    17     8     8    18     0     0   -34.0   45.442 -119.391    542.1    948.9
     1     1    17     8     8    17     0     0   -35.0   45.435 -119.313    531.0    951.0
     1     1    17     8     8    16     0     0   -36.0   45.429 -119.224    537.9    951.1
     1     1    17     8     8    15     0     0   -37.0   45.416 -119.115    542.4    947.0
     1     1    17     8     8    14     0     0   -38.0   45.386 -118.998    541.4    949.9
