     1     1
    SITE    10     3     1     0     0
     1 BACKWARD OMEGA   
    17     8    17    15   46.392 -119.412   700.0
     1 PRESSURE
     1     1    17     8    17    15     0     0     0.0   46.392 -119.412    700.0    931.4
     1     1    17     8    17    14     0     0    -1.0   46.282 -119.410    676.6    934.2
     1     1    17     8    17    13     0     0    -2.0   46.177 -119.396    696.8    932.4
     1     1    17     8    17    12     0     0    -3.0   46.079 -119.340    709.6    930.0
     1     1    17     8    17    11     0     0    -4.0   45.992 -119.263    706.0    931.2
     1     1    17     8    17    10     0     0    -5.0   45.905 -119.197    713.8    929.6
     1     1    17     8    17     9     0     0    -6.0   45.801 -119.158    698.0    931.5
     1     1    17     8    17     8     0     0    -7.0   45.680 -119.151    702.4    930.0
     1     1    17     8    17     7     0     0    -8.0   45.563 -119.162    689.1    932.2
     1     1    17     8    17     6     0     0    -9.0   45.478 -119.143    681.9    934.1
     1     1    17     8    17     5     0     0   -10.0   45.429 -119.120    692.6    932.2
     1     1    17     8    17     4     0     0   -11.0   45.383 -119.135    707.9    931.1
