     1     1
    SITE    10     3     1     0     0
     1 BACKWARD OMEGA   
    17     8     9    19   46.392 -119.412   700.0
     1 PRESSURE
     1     1    17     8     9    19     0     0     0.0   46.392 -119.412    700.0    931.4
     1     1    17     8     9    18     0     0    -1.0   46.380 -119.363    699.1    931.5
     1     1    17     8     9    17     0     0    -2.0   46.429 -119.244    698.2    932.2
     1     1    17     8     9    16     0     0    -3.0   46.473 -119.112    700.1    931.5
     1     1    17     8     9    15     0     0    -4.0   46.480 -118.992    692.3    931.1
     1     1    17     8     9    14     0     0    -5.0   46.432 -118.923    675.3    934.8
     1     1    17     8     9    13     0     0    -6.0   46.354 -118.912    655.6    936.4
     1     1    17     8     9    12     0     0    -7.0   46.280 -118.870    642.4    938.9
     1     1    17     8     9    11     0     0    -8.0   46.222 -118.822    646.6    937.1
     1     1    17     8     9    10     0     0    -9.0   46.173 -118.796    638.0    939.3
     1     1    17     8     9     9     0     0   -10.0   46.127 -118.772    637.2    939.4
     1     1    17     8     9     8     0     0   -11.0   46.072 -118.756    640.9    938.7
     1     1    17     8     9     7     0     0   -12.0   46.007 -118.734    647.3    938.3
     1     1    17     8     9     6     0     0   -13.0   45.962 -118.711    651.8    936.3
     1     1    17     8     9     5     0     0   -14.0   45.943 -118.724    655.5    937.3
     1     1    17     8     9     4     0     0   -15.0   45.920 -118.750    658.0    935.4
     1     1    17     8     9     3     0     0   -16.0   45.891 -118.781    657.7    936.9
     1     1    17     8     9     2     0     0   -17.0   45.883 -118.828    663.8    936.2
     1     1    17     8     9     1     0     0   -18.0   45.864 -118.853    664.3    934.4
     1     1    17     8     9     0     0     0   -19.0   45.840 -118.894    657.6    937.2
     1     1    17     8     8    23     0     0   -20.0   45.829 -118.952    658.9    936.5
     1     1    17     8     8    22     0     0   -21.0   45.803 -119.002    656.7    936.3
     1     1    17     8     8    21     0     0   -22.0   45.780 -119.043    654.8    937.1
     1     1    17     8     8    20     0     0   -23.0   45.764 -119.072    654.9    937.0
     1     1    17     8     8    19     0     0   -24.0   45.737 -119.113    652.1    936.5
     1     1    17     8     8    18     0     0   -25.0   45.704 -119.097    654.5    937.9
     1     1    17     8     8    17     0     0   -26.0   45.698 -119.015    647.2    936.1
     1     1    17     8     8    16     0     0   -27.0   45.695 -118.924    641.1    938.8
     1     1    17     8     8    15     0     0   -28.0   45.683 -118.811    648.7    939.6
     1     1    17     8     8    14     0     0   -29.0   45.657 -118.692    658.9    936.1
     1     1    17     8     8    13     0     0   -30.0   45.593 -118.597    648.2    937.3
     1     1    17     8     8    12     0     0   -31.0   45.514 -118.529    638.3    938.9
     1     1    17     8     8    11     0     0   -32.0   45.447 -118.483    645.7    937.9
     1     1    17     8     8    10     0     0   -33.0   45.396 -118.468    652.5    937.1
