     1     1
    SITE    10     3     1     0     0
     1 BACKWARD OMEGA   
    17     8    15    19   46.392 -119.412   700.0
     1 PRESSURE
     1     1    17     8    15    19     0     0     0.0   46.392 -119.412    700.0    931.4
     1     1    17     8    15    18     0     0    -1.0   46.311 -119.374    712.9    929.9
     1     1    17     8    15    17     0     0    -2.0   46.224 -119.324    720.8    929.5
     1     1    17     8    15    16     0     0    -3.0   46.160 -119.259    737.7    927.1
     1     1    17     8    15    15     0     0    -4.0   46.097 -119.212    739.0    926.9
     1     1    17     8    15    14     0     0    -5.0   46.016 -119.192    738.9    926.3
     1     1    17     8    15    13     0     0    -6.0   45.935 -119.200    729.0    928.6
     1     1    17     8    15    12     0     0    -7.0   45.855 -119.235    729.5    927.6
     1     1    17     8    15    11     0     0    -8.0   45.789 -119.224    727.5    928.5
     1     1    17     8    15    10     0     0    -9.0   45.757 -119.254    727.9    927.7
     1     1    17     8    15     9     0     0   -10.0   45.733 -119.294    703.6    931.3
     1     1    17     8    15     8     0     0   -11.0   45.699 -119.305    694.0    933.5
     1     1    17     8    15     7     0     0   -12.0   45.670 -119.328    695.0    931.8
     1     1    17     8    15     6     0     0   -13.0   45.663 -119.338    693.0    932.0
     1     1    17     8    15     5     0     0   -14.0   45.657 -119.347    685.2    932.8
     1     1    17     8    15     4     0     0   -15.0   45.628 -119.351    681.2    934.2
     1     1    17     8    15     3     0     0   -16.0   45.619 -119.379    675.6    933.6
     1     1    17     8    15     2     0     0   -17.0   45.611 -119.376    669.5    936.0
     1     1    17     8    15     1     0     0   -18.0   45.606 -119.377    673.1    934.7
     1     1    17     8    15     0     0     0   -19.0   45.616 -119.430    675.1    934.1
     1     1    17     8    14    23     0     0   -20.0   45.622 -119.488    678.1    934.4
     1     1    17     8    14    22     0     0   -21.0   45.610 -119.549    681.2    933.3
     1     1    17     8    14    21     0     0   -22.0   45.567 -119.596    680.2    934.1
     1     1    17     8    14    20     0     0   -23.0   45.509 -119.598    671.3    933.7
     1     1    17     8    14    19     0     0   -24.0   45.445 -119.559    661.6    936.3
     1     1    17     8    14    18     0     0   -25.0   45.387 -119.462    674.7    936.8
