     1     1
    SITE    10     3     1     0     0
     1 BACKWARD OMEGA   
    17     8    14    14   46.392 -119.412   700.0
     1 PRESSURE
     1     1    17     8    14    14     0     0     0.0   46.392 -119.412    700.0    931.4
     1     1    17     8    14    13     0     0    -1.0   46.295 -119.367    709.0    930.4
     1     1    17     8    14    12     0     0    -2.0   46.191 -119.326    731.8    927.8
     1     1    17     8    14    11     0     0    -3.0   46.089 -119.263    726.3    927.3
     1     1    17     8    14    10     0     0    -4.0   45.985 -119.204    709.1    930.9
     1     1    17     8    14     9     0     0    -5.0   45.883 -119.172    704.1    931.4
     1     1    17     8    14     8     0     0    -6.0   45.783 -119.195    694.9    930.7
     1     1    17     8    14     7     0     0    -7.0   45.696 -119.222    680.3    934.3
     1     1    17     8    14     6     0     0    -8.0   45.648 -119.227    681.9    933.5
     1     1    17     8    14     5     0     0    -9.0   45.636 -119.239    679.8    933.8
     1     1    17     8    14     4     0     0   -10.0   45.603 -119.265    678.2    934.4
     1     1    17     8    14     3     0     0   -11.0   45.541 -119.275    670.1    933.1
     1     1    17     8    14     2     0     0   -12.0   45.473 -119.263    656.2    937.4
     1     1    17     8    14     1     0     0   -13.0   45.406 -119.250    649.4    937.1
