     1     1
    SITE    10     3     1     0     0
     1 BACKWARD OMEGA   
    17     8    17    19   46.392 -119.412   700.0
     1 PRESSURE
     1     1    17     8    17    19     0     0     0.0   46.392 -119.412    700.0    931.4
     1     1    17     8    17    18     0     0    -1.0   46.310 -119.437    704.2    930.9
     1     1    17     8    17    17     0     0    -2.0   46.191 -119.519    683.7    932.3
     1     1    17     8    17    16     0     0    -3.0   46.051 -119.610    658.7    936.0
     1     1    17     8    17    15     0     0    -4.0   45.918 -119.638    641.8    938.4
     1     1    17     8    17    14     0     0    -5.0   45.808 -119.634    655.2    936.5
     1     1    17     8    17    13     0     0    -6.0   45.702 -119.616    659.7    936.9
     1     1    17     8    17    12     0     0    -7.0   45.602 -119.556    664.1    934.8
     1     1    17     8    17    11     0     0    -8.0   45.517 -119.478    645.8    938.9
     1     1    17     8    17    10     0     0    -9.0   45.429 -119.411    658.2    936.8
