     1     1
    SITE    10     3     1     0     0
     1 BACKWARD OMEGA   
    17     8     7    23   46.392 -119.412   700.0
     1 PRESSURE
     1     1    17     8     7    23     0     0     0.0   46.392 -119.412    700.0    931.4
     1     1    17     8     7    22     0     0    -1.0   46.407 -119.430    694.6    932.1
     1     1    17     8     7    21     0     0    -2.0   46.426 -119.471    698.2    931.1
     1     1    17     8     7    20     0     0    -3.0   46.384 -119.519    685.2    932.5
     1     1    17     8     7    19     0     0    -4.0   46.333 -119.549    682.9    936.0
     1     1    17     8     7    18     0     0    -5.0   46.279 -119.552    697.0    931.0
     1     1    17     8     7    17     0     0    -6.0   46.212 -119.532    693.2    930.7
     1     1    17     8     7    16     0     0    -7.0   46.131 -119.502    678.3    934.2
     1     1    17     8     7    15     0     0    -8.0   46.037 -119.454    673.1    934.6
     1     1    17     8     7    14     0     0    -9.0   45.924 -119.399    662.2    935.1
     1     1    17     8     7    13     0     0   -10.0   45.797 -119.359    675.9    932.8
     1     1    17     8     7    12     0     0   -11.0   45.681 -119.330    662.5    936.5
     1     1    17     8     7    11     0     0   -12.0   45.583 -119.297    663.0    936.0
     1     1    17     8     7    10     0     0   -13.0   45.542 -119.235    673.3    934.6
     1     1    17     8     7     9     0     0   -14.0   45.530 -119.167    676.8    933.3
     1     1    17     8     7     8     0     0   -15.0   45.507 -119.115    676.3    934.4
     1     1    17     8     7     7     0     0   -16.0   45.480 -119.079    676.2    934.1
     1     1    17     8     7     6     0     0   -17.0   45.450 -119.077    678.6    934.3
     1     1    17     8     7     5     0     0   -18.0   45.421 -119.091    677.0    933.4
     1     1    17     8     7     4     0     0   -19.0   45.418 -119.107    675.8    935.0
     1     1    17     8     7     3     0     0   -20.0   45.447 -119.129    676.5    933.6
     1     1    17     8     7     2     0     0   -21.0   45.452 -119.161    674.5    934.6
     1     1    17     8     7     1     0     0   -22.0   45.432 -119.172    671.9    934.7
     1     1    17     8     7     0     0     0   -23.0   45.391 -119.182    685.4    935.2
