     1     1
    SITE    10     3     1     0     0
     1 BACKWARD OMEGA   
    17     8    22    11   46.392 -119.412   700.0
     1 PRESSURE
     1     1    17     8    22    11     0     0     0.0   46.392 -119.412    700.0    931.4
     1     1    17     8    22    10     0     0    -1.0   46.334 -119.370    717.0    929.4
     1     1    17     8    22     9     0     0    -2.0   46.263 -119.332    720.8    929.3
     1     1    17     8    22     8     0     0    -3.0   46.192 -119.305    722.9    928.3
     1     1    17     8    22     7     0     0    -4.0   46.132 -119.280    709.6    929.7
     1     1    17     8    22     6     0     0    -5.0   46.101 -119.271    695.6    933.6
     1     1    17     8    22     5     0     0    -6.0   46.105 -119.282    693.7    932.1
     1     1    17     8    22     4     0     0    -7.0   46.122 -119.310    691.9    932.3
     1     1    17     8    22     3     0     0    -8.0   46.149 -119.331    687.1    932.6
     1     1    17     8    22     2     0     0    -9.0   46.159 -119.350    684.5    934.1
     1     1    17     8    22     1     0     0   -10.0   46.149 -119.388    685.5    933.0
     1     1    17     8    22     0     0     0   -11.0   46.138 -119.398    690.2    933.0
     1     1    17     8    21    23     0     0   -12.0   46.116 -119.374    694.0    931.6
     1     1    17     8    21    22     0     0   -13.0   46.090 -119.366    689.8    932.2
     1     1    17     8    21    21     0     0   -14.0   46.104 -119.382    678.1    933.4
     1     1    17     8    21    20     0     0   -15.0   46.172 -119.437    659.6    934.9
     1     1    17     8    21    19     0     0   -16.0   46.251 -119.525    666.2    936.6
     1     1    17     8    21    18     0     0   -17.0   46.333 -119.592    696.3    930.9
     1     1    17     8    21    17     0     0   -18.0   46.366 -119.672    692.7    931.9
     1     1    17     8    21    16     0     0   -19.0   46.337 -119.701    683.3    933.5
     1     1    17     8    21    15     0     0   -20.0   46.313 -119.629    671.8    934.4
     1     1    17     8    21    14     0     0   -21.0   46.343 -119.554    643.5    935.5
     1     1    17     8    21    13     0     0   -22.0   46.410 -119.487    644.3    938.1
     1     1    17     8    21    12     0     0   -23.0   46.439 -119.387    659.0    937.1
     1     1    17     8    21    11     0     0   -24.0   46.485 -119.342    640.6    938.0
     1     1    17     8    21    10     0     0   -25.0   46.566 -119.340    644.4    938.4
     1     1    17     8    21     9     0     0   -26.0   46.585 -119.283    662.0    935.7
     1     1    17     8    21     8     0     0   -27.0   46.557 -119.228    676.0    933.8
     1     1    17     8    21     7     0     0   -28.0   46.527 -119.190    675.1    933.4
     1     1    17     8    21     6     0     0   -29.0   46.509 -119.151    670.3    935.5
     1     1    17     8    21     5     0     0   -30.0   46.497 -119.131    673.6    934.9
     1     1    17     8    21     4     0     0   -31.0   46.484 -119.116    682.4    933.5
     1     1    17     8    21     3     0     0   -32.0   46.471 -119.113    686.1    932.5
     1     1    17     8    21     2     0     0   -33.0   46.447 -119.146    680.2    933.3
     1     1    17     8    21     1     0     0   -34.0   46.419 -119.158    673.7    935.0
     1     1    17     8    21     0     0     0   -35.0   46.393 -119.186    667.4    935.3
     1     1    17     8    20    23     0     0   -36.0   46.416 -119.238    664.1    935.3
     1     1    17     8    20    22     0     0   -37.0   46.482 -119.270    673.3    935.0
     1     1    17     8    20    21     0     0   -38.0   46.503 -119.301    685.8    931.8
     1     1    17     8    20    20     0     0   -39.0   46.471 -119.333    685.3    932.9
     1     1    17     8    20    19     0     0   -40.0   46.422 -119.350    691.2    933.4
     1     1    17     8    20    18     0     0   -41.0   46.381 -119.295    693.6    930.9
     1     1    17     8    20    17     0     0   -42.0   46.349 -119.177    685.7    932.7
     1     1    17     8    20    16     0     0   -43.0   46.288 -119.097    671.7    935.0
     1     1    17     8    20    15     0     0   -44.0   46.201 -119.073    662.7    935.6
     1     1    17     8    20    14     0     0   -45.0   46.117 -119.057    646.8    937.4
     1     1    17     8    20    13     0     0   -46.0   46.053 -118.986    634.9    939.5
     1     1    17     8    20    12     0     0   -47.0   45.973 -118.940    626.6    940.0
     1     1    17     8    20    11     0     0   -48.0   45.870 -118.931    628.9    939.8
     1     1    17     8    20    10     0     0   -49.0   45.801 -118.939    636.5    938.8
     1     1    17     8    20     9     0     0   -50.0   45.745 -118.975    644.8    938.1
     1     1    17     8    20     8     0     0   -51.0   45.682 -119.004    644.2    937.6
     1     1    17     8    20     7     0     0   -52.0   45.616 -118.998    643.0    939.9
     1     1    17     8    20     6     0     0   -53.0   45.531 -118.947    642.3    937.7
     1     1    17     8    20     5     0     0   -54.0   45.436 -118.923    636.1    939.1
