     1     1
    SITE    10     3     1     0     0
     1 BACKWARD OMEGA   
    17     8     5     6   46.392 -119.412   700.0
     1 PRESSURE
     1     1    17     8     5     6     0     0     0.0   46.392 -119.412    700.0    931.4
     1     1    17     8     5     5     0     0    -1.0   46.385 -119.405    701.8    931.2
     1     1    17     8     5     4     0     0    -2.0   46.358 -119.413    701.1    930.8
     1     1    17     8     5     3     0     0    -3.0   46.299 -119.387    697.3    931.5
     1     1    17     8     5     2     0     0    -4.0   46.223 -119.361    690.2    932.5
     1     1    17     8     5     1     0     0    -5.0   46.147 -119.341    686.4    933.3
     1     1    17     8     5     0     0     0    -6.0   46.093 -119.284    706.1    930.9
     1     1    17     8     4    23     0     0    -7.0   46.034 -119.238    717.3    926.3
     1     1    17     8     4    22     0     0    -8.0   46.039 -119.265    716.7    929.4
     1     1    17     8     4    21     0     0    -9.0   46.121 -119.306    732.7    928.7
     1     1    17     8     4    20     0     0   -10.0   46.190 -119.336    757.6    924.4
     1     1    17     8     4    19     0     0   -11.0   46.205 -119.392    770.2    923.8
     1     1    17     8     4    18     0     0   -12.0   46.230 -119.404    796.9    920.0
     1     1    17     8     4    17     0     0   -13.0   46.301 -119.320    825.9    917.6
     1     1    17     8     4    16     0     0   -14.0   46.333 -119.303    837.5    915.7
     1     1    17     8     4    15     0     0   -15.0   46.363 -119.367    840.9    915.5
     1     1    17     8     4    14     0     0   -16.0   46.376 -119.450    849.7    915.0
     1     1    17     8     4    13     0     0   -17.0   46.325 -119.537    852.4    914.3
     1     1    17     8     4    12     0     0   -18.0   46.304 -119.616    853.2    914.6
     1     1    17     8     4    11     0     0   -19.0   46.301 -119.714    870.6    913.6
     1     1    17     8     4    10     0     0   -20.0   46.267 -119.868    888.2    910.4
     1     1    17     8     4     9     0     0   -21.0   46.275 -120.029    882.6    911.2
     1     1    17     8     4     8     0     0   -22.0   46.303 -120.111    875.5    912.3
     1     1    17     8     4     7     0     0   -23.0   46.304 -120.158    881.3    912.1
     1     1    17     8     4     6     0     0   -24.0   46.310 -120.196    884.9    910.1
     1     1    17     8     4     5     0     0   -25.0   46.293 -120.250    880.8    912.0
     1     1    17     8     4     4     0     0   -26.0   46.231 -120.246    899.9    910.3
     1     1    17     8     4     3     0     0   -27.0   46.185 -120.176    893.1    910.4
     1     1    17     8     4     2     0     0   -28.0   46.152 -120.160    897.2    910.6
     1     1    17     8     4     1     0     0   -29.0   46.100 -120.158    922.9    908.2
     1     1    17     8     4     0     0     0   -30.0   46.047 -120.128    943.8    904.4
     1     1    17     8     3    23     0     0   -31.0   46.017 -120.096    951.7    903.2
     1     1    17     8     3    22     0     0   -32.0   46.007 -120.036    940.7    903.4
     1     1    17     8     3    21     0     0   -33.0   45.967 -119.992    935.9    907.6
     1     1    17     8     3    20     0     0   -34.0   45.892 -119.999    938.7    905.8
     1     1    17     8     3    19     0     0   -35.0   45.823 -120.027    932.1    905.6
     1     1    17     8     3    18     0     0   -36.0   45.756 -120.037    914.2    908.1
     1     1    17     8     3    17     0     0   -37.0   45.667 -119.981    921.6    907.2
     1     1    17     8     3    16     0     0   -38.0   45.589 -119.863    933.5    906.6
     1     1    17     8     3    15     0     0   -39.0   45.544 -119.723    944.0    905.0
     1     1    17     8     3    14     0     0   -40.0   45.497 -119.605    943.3    904.3
     1     1    17     8     3    13     0     0   -41.0   45.435 -119.583    938.1    906.3
     1     1    17     8     3    12     0     0   -42.0   45.391 -119.672    932.7    903.2
