     1     1
    SITE    10     3     1     0     0
     1 BACKWARD OMEGA   
    17     8    22    15   46.392 -119.412   700.0
     1 PRESSURE
     1     1    17     8    22    15     0     0     0.0   46.392 -119.412    700.0    931.4
     1     1    17     8    22    14     0     0    -1.0   46.291 -119.346    690.3    932.6
     1     1    17     8    22    13     0     0    -2.0   46.228 -119.279    697.6    932.4
     1     1    17     8    22    12     0     0    -3.0   46.195 -119.215    703.6    930.5
     1     1    17     8    22    11     0     0    -4.0   46.165 -119.161    696.4    932.2
     1     1    17     8    22    10     0     0    -5.0   46.107 -119.120    694.5    931.6
     1     1    17     8    22     9     0     0    -6.0   46.036 -119.084    684.9    932.4
     1     1    17     8    22     8     0     0    -7.0   45.965 -119.056    686.8    933.8
     1     1    17     8    22     7     0     0    -8.0   45.907 -119.031    700.4    930.9
     1     1    17     8    22     6     0     0    -9.0   45.877 -119.022    694.8    931.9
     1     1    17     8    22     5     0     0   -10.0   45.881 -119.033    691.3    932.8
     1     1    17     8    22     4     0     0   -11.0   45.899 -119.061    694.5    932.1
     1     1    17     8    22     3     0     0   -12.0   45.927 -119.082    690.4    931.7
     1     1    17     8    22     2     0     0   -13.0   45.937 -119.101    683.4    934.2
     1     1    17     8    22     1     0     0   -14.0   45.928 -119.140    688.8    933.3
     1     1    17     8    22     0     0     0   -15.0   45.918 -119.150    701.0    930.8
     1     1    17     8    21    23     0     0   -16.0   45.895 -119.127    704.7    930.1
     1     1    17     8    21    22     0     0   -17.0   45.870 -119.119    709.2    931.2
     1     1    17     8    21    21     0     0   -18.0   45.882 -119.134    719.3    928.9
     1     1    17     8    21    20     0     0   -19.0   45.950 -119.189    734.9    928.3
     1     1    17     8    21    19     0     0   -20.0   46.029 -119.276    736.1    926.8
     1     1    17     8    21    18     0     0   -21.0   46.111 -119.344    725.2    928.2
     1     1    17     8    21    17     0     0   -22.0   46.145 -119.422    728.3    928.8
     1     1    17     8    21    16     0     0   -23.0   46.117 -119.447    732.4    927.7
     1     1    17     8    21    15     0     0   -24.0   46.092 -119.373    744.6    926.9
     1     1    17     8    21    14     0     0   -25.0   46.119 -119.295    750.6    924.9
     1     1    17     8    21    13     0     0   -26.0   46.183 -119.226    740.6    925.0
     1     1    17     8    21    12     0     0   -27.0   46.207 -119.129    726.5    929.5
     1     1    17     8    21    11     0     0   -28.0   46.252 -119.083    718.5    930.0
     1     1    17     8    21    10     0     0   -29.0   46.333 -119.083    716.8    929.0
     1     1    17     8    21     9     0     0   -30.0   46.352 -119.026    705.2    930.7
     1     1    17     8    21     8     0     0   -31.0   46.324 -118.970    700.8    931.7
     1     1    17     8    21     7     0     0   -32.0   46.293 -118.932    701.7    931.1
     1     1    17     8    21     6     0     0   -33.0   46.275 -118.891    704.3    931.3
     1     1    17     8    21     5     0     0   -34.0   46.264 -118.871    709.1    930.1
     1     1    17     8    21     4     0     0   -35.0   46.251 -118.855    709.6    930.1
     1     1    17     8    21     3     0     0   -36.0   46.238 -118.852    708.6    930.4
     1     1    17     8    21     2     0     0   -37.0   46.215 -118.885    698.6    930.9
     1     1    17     8    21     1     0     0   -38.0   46.187 -118.896    689.9    933.5
     1     1    17     8    21     0     0     0   -39.0   46.159 -118.922    693.7    932.4
     1     1    17     8    20    23     0     0   -40.0   46.179 -118.973    695.5    931.7
     1     1    17     8    20    22     0     0   -41.0   46.246 -119.007    691.4    933.0
     1     1    17     8    20    21     0     0   -42.0   46.266 -119.041    696.2    931.0
     1     1    17     8    20    20     0     0   -43.0   46.233 -119.073    689.0    931.9
     1     1    17     8    20    19     0     0   -44.0   46.184 -119.089    676.2    934.6
     1     1    17     8    20    18     0     0   -45.0   46.143 -119.034    685.2    935.0
     1     1    17     8    20    17     0     0   -46.0   46.108 -118.916    691.8    932.7
     1     1    17     8    20    16     0     0   -47.0   46.043 -118.838    674.8    934.3
     1     1    17     8    20    15     0     0   -48.0   45.955 -118.812    656.7    936.0
     1     1    17     8    20    14     0     0   -49.0   45.872 -118.793    641.8    938.5
     1     1    17     8    20    13     0     0   -50.0   45.807 -118.726    637.3    939.3
     1     1    17     8    20    12     0     0   -51.0   45.728 -118.686    636.3    938.7
     1     1    17     8    20    11     0     0   -52.0   45.625 -118.679    640.9    938.6
     1     1    17     8    20    10     0     0   -53.0   45.559 -118.686    646.4    937.6
     1     1    17     8    20     9     0     0   -54.0   45.506 -118.722    655.6    937.1
     1     1    17     8    20     8     0     0   -55.0   45.444 -118.751    663.3    934.3
     1     1    17     8    20     7     0     0   -56.0   45.379 -118.746    656.1    936.5
