     1     1
    SITE    10     3     1     0     0
     1 BACKWARD OMEGA   
    17     8    27     6   46.392 -119.412   700.0
     1 PRESSURE
     1     1    17     8    27     6     0     0     0.0   46.392 -119.412    700.0    931.4
     1     1    17     8    27     5     0     0    -1.0   46.421 -119.445    694.0    932.1
     1     1    17     8    27     4     0     0    -2.0   46.440 -119.487    694.4    931.9
     1     1    17     8    27     3     0     0    -3.0   46.441 -119.528    693.8    932.1
     1     1    17     8    27     2     0     0    -4.0   46.421 -119.568    689.9    932.1
     1     1    17     8    27     1     0     0    -5.0   46.383 -119.598    692.1    932.7
     1     1    17     8    27     0     0     0    -6.0   46.335 -119.630    692.5    932.2
     1     1    17     8    26    23     0     0    -7.0   46.301 -119.697    696.6    932.5
     1     1    17     8    26    22     0     0    -8.0   46.273 -119.734    703.0    930.4
     1     1    17     8    26    21     0     0    -9.0   46.267 -119.749    704.7    930.9
     1     1    17     8    26    20     0     0   -10.0   46.273 -119.784    705.9    931.1
     1     1    17     8    26    19     0     0   -11.0   46.256 -119.815    699.1    930.4
     1     1    17     8    26    18     0     0   -12.0   46.212 -119.831    684.5    933.3
     1     1    17     8    26    17     0     0   -13.0   46.214 -119.804    654.8    934.6
     1     1    17     8    26    16     0     0   -14.0   46.276 -119.734    644.1    938.3
     1     1    17     8    26    15     0     0   -15.0   46.279 -119.646    655.0    938.3
     1     1    17     8    26    14     0     0   -16.0   46.284 -119.563    671.1    932.5
     1     1    17     8    26    13     0     0   -17.0   46.319 -119.471    670.8    935.1
     1     1    17     8    26    12     0     0   -18.0   46.352 -119.382    671.2    934.6
     1     1    17     8    26    11     0     0   -19.0   46.385 -119.297    669.8    935.4
     1     1    17     8    26    10     0     0   -20.0   46.417 -119.219    668.6    934.7
     1     1    17     8    26     9     0     0   -21.0   46.432 -119.223    665.7    935.3
     1     1    17     8    26     8     0     0   -22.0   46.406 -119.251    664.5    935.3
     1     1    17     8    26     7     0     0   -23.0   46.374 -119.243    663.8    935.8
     1     1    17     8    26     6     0     0   -24.0   46.361 -119.262    662.0    935.8
     1     1    17     8    26     5     0     0   -25.0   46.355 -119.265    666.8    936.0
     1     1    17     8    26     4     0     0   -26.0   46.353 -119.268    662.8    934.3
     1     1    17     8    26     3     0     0   -27.0   46.353 -119.294    651.2    938.6
     1     1    17     8    26     2     0     0   -28.0   46.341 -119.317    648.6    937.4
     1     1    17     8    26     1     0     0   -29.0   46.329 -119.342    646.8    938.0
     1     1    17     8    26     0     0     0   -30.0   46.303 -119.378    649.8    937.7
     1     1    17     8    25    23     0     0   -31.0   46.299 -119.427    653.6    936.1
     1     1    17     8    25    22     0     0   -32.0   46.306 -119.479    647.0    937.6
     1     1    17     8    25    21     0     0   -33.0   46.267 -119.527    640.7    938.8
     1     1    17     8    25    20     0     0   -34.0   46.206 -119.566    625.1    938.1
     1     1    17     8    25    19     0     0   -35.0   46.123 -119.571    620.7    943.9
     1     1    17     8    25    18     0     0   -36.0   46.019 -119.541    627.8    940.0
     1     1    17     8    25    17     0     0   -37.0   45.914 -119.512    633.1    939.9
     1     1    17     8    25    16     0     0   -38.0   45.825 -119.475    632.0    938.8
     1     1    17     8    25    15     0     0   -39.0   45.748 -119.424    619.5    941.1
     1     1    17     8    25    14     0     0   -40.0   45.669 -119.371    631.6    939.5
     1     1    17     8    25    13     0     0   -41.0   45.589 -119.362    639.8    939.3
     1     1    17     8    25    12     0     0   -42.0   45.525 -119.358    645.4    937.7
     1     1    17     8    25    11     0     0   -43.0   45.465 -119.343    643.5    938.1
     1     1    17     8    25    10     0     0   -44.0   45.409 -119.326    635.3    939.0
     1     1    17     8    25     9     0     0   -45.0   45.404 -119.278    623.2    941.0
     1     1    17     8    25     8     0     0   -46.0   45.411 -119.225    619.2    941.2
     1     1    17     8    25     7     0     0   -47.0   45.382 -119.192    619.8    941.3
