     1     1
    SITE    10     3     1     0     0
     1 BACKWARD OMEGA   
    17     8    14     0   46.392 -119.412   700.0
     1 PRESSURE
     1     1    17     8    14     0     0     0     0.0   46.392 -119.412    700.0    931.4
     1     1    17     8    13    23     0     0    -1.0   46.319 -119.400    704.4    930.9
     1     1    17     8    13    22     0     0    -2.0   46.249 -119.399    713.7    930.0
     1     1    17     8    13    21     0     0    -3.0   46.280 -119.500    719.1    928.4
     1     1    17     8    13    20     0     0    -4.0   46.440 -119.684    694.8    932.5
     1     1    17     8    13    19     0     0    -5.0   46.593 -119.843    698.2    931.9
     1     1    17     8    13    18     0     0    -6.0   46.709 -120.009    722.0    927.5
     1     1    17     8    13    17     0     0    -7.0   46.805 -120.214    705.1    931.2
     1     1    17     8    13    16     0     0    -8.0   46.783 -120.417    695.7    931.8
     1     1    17     8    13    15     0     0    -9.0   46.630 -120.546    701.9    931.3
     1     1    17     8    13    14     0     0   -10.0   46.453 -120.595    740.6    927.5
     1     1    17     8    13    13     0     0   -11.0   46.284 -120.626    755.8    925.1
     1     1    17     8    13    12     0     0   -12.0   46.095 -120.678    747.9    925.4
     1     1    17     8    13    11     0     0   -13.0   45.884 -120.774    725.6    928.5
