     1     1
    SITE    10     3     1     0     0
     1 BACKWARD OMEGA   
    17     8    11    20   46.392 -119.412   700.0
     1 PRESSURE
     1     1    17     8    11    20     0     0     0.0   46.392 -119.412    700.0    931.4
     1     1    17     8    11    19     0     0    -1.0   46.303 -119.482    710.9    930.1
     1     1    17     8    11    18     0     0    -2.0   46.224 -119.512    706.3    931.0
     1     1    17     8    11    17     0     0    -3.0   46.144 -119.506    686.7    932.7
     1     1    17     8    11    16     0     0    -4.0   46.042 -119.479    666.2    935.1
     1     1    17     8    11    15     0     0    -5.0   45.969 -119.413    654.8    936.9
     1     1    17     8    11    14     0     0    -6.0   45.940 -119.307    648.9    937.6
     1     1    17     8    11    13     0     0    -7.0   45.890 -119.220    654.3    936.8
     1     1    17     8    11    12     0     0    -8.0   45.869 -119.148    653.3    937.5
     1     1    17     8    11    11     0     0    -9.0   45.854 -119.115    657.7    936.0
     1     1    17     8    11    10     0     0   -10.0   45.811 -119.077    659.5    937.2
     1     1    17     8    11     9     0     0   -11.0   45.827 -119.012    660.0    936.3
     1     1    17     8    11     8     0     0   -12.0   45.831 -118.998    648.5    937.7
     1     1    17     8    11     7     0     0   -13.0   45.802 -119.036    647.2    938.6
     1     1    17     8    11     6     0     0   -14.0   45.781 -119.063    651.0    937.2
     1     1    17     8    11     5     0     0   -15.0   45.742 -119.065    652.0    936.8
     1     1    17     8    11     4     0     0   -16.0   45.699 -119.103    648.2    937.7
     1     1    17     8    11     3     0     0   -17.0   45.682 -119.104    640.4    938.0
     1     1    17     8    11     2     0     0   -18.0   45.665 -119.082    645.3    938.9
     1     1    17     8    11     1     0     0   -19.0   45.617 -119.069    655.8    936.4
     1     1    17     8    11     0     0     0   -20.0   45.564 -119.067    658.1    936.2
     1     1    17     8    10    23     0     0   -21.0   45.527 -119.126    658.3    935.6
     1     1    17     8    10    22     0     0   -22.0   45.552 -119.189    661.0    936.4
     1     1    17     8    10    21     0     0   -23.0   45.578 -119.230    659.4    936.1
     1     1    17     8    10    20     0     0   -24.0   45.550 -119.273    649.3    938.0
     1     1    17     8    10    19     0     0   -25.0   45.526 -119.316    643.0    938.2
     1     1    17     8    10    18     0     0   -26.0   45.477 -119.336    635.9    939.0
     1     1    17     8    10    17     0     0   -27.0   45.437 -119.285    635.4    939.3
     1     1    17     8    10    16     0     0   -28.0   45.431 -119.189    629.5    939.1
     1     1    17     8    10    15     0     0   -29.0   45.433 -119.088    620.4    940.8
     1     1    17     8    10    14     0     0   -30.0   45.447 -118.984    609.4    942.0
     1     1    17     8    10    13     0     0   -31.0   45.442 -118.879    612.9    941.7
     1     1    17     8    10    12     0     0   -32.0   45.412 -118.803    614.8    941.1
     1     1    17     8    10    11     0     0   -33.0   45.367 -118.774    611.2    942.2
