     1     1
    SITE    10     3     1     0     0
     1 BACKWARD OMEGA   
    17     8     1    15   46.392 -119.412   700.0
     1 PRESSURE
     1     1    17     8     1    15     0     0     0.0   46.392 -119.412    700.0    931.4
     1     1    17     8     1    14     0     0    -1.0   46.369 -119.411    707.7    930.5
     1     1    17     8     1    13     0     0    -2.0   46.301 -119.360    711.2    929.5
     1     1    17     8     1    12     0     0    -3.0   46.237 -119.437    710.3    930.2
     1     1    17     8     1    11     0     0    -4.0   46.269 -119.524    703.8    930.0
     1     1    17     8     1    10     0     0    -5.0   46.355 -119.552    692.2    932.7
     1     1    17     8     1     9     0     0    -6.0   46.374 -119.570    702.6    931.4
     1     1    17     8     1     8     0     0    -7.0   46.328 -119.563    711.1    929.2
     1     1    17     8     1     7     0     0    -8.0   46.281 -119.532    705.3    929.4
     1     1    17     8     1     6     0     0    -9.0   46.229 -119.510    696.0    933.1
     1     1    17     8     1     5     0     0   -10.0   46.174 -119.495    698.7    931.5
     1     1    17     8     1     4     0     0   -11.0   46.132 -119.488    703.4    930.9
     1     1    17     8     1     3     0     0   -12.0   46.094 -119.490    701.8    930.8
     1     1    17     8     1     2     0     0   -13.0   46.064 -119.474    698.3    931.8
     1     1    17     8     1     1     0     0   -14.0   46.032 -119.452    697.2    932.1
     1     1    17     8     1     0     0     0   -15.0   45.987 -119.453    700.5    931.8
     1     1    17     7    31    23     0     0   -16.0   45.985 -119.481    711.5    930.3
     1     1    17     7    31    22     0     0   -17.0   45.998 -119.552    724.0    929.2
     1     1    17     7    31    21     0     0   -18.0   45.996 -119.615    736.2    926.8
     1     1    17     7    31    20     0     0   -19.0   46.010 -119.650    735.7    927.0
     1     1    17     7    31    19     0     0   -20.0   45.996 -119.667    721.3    927.7
     1     1    17     7    31    18     0     0   -21.0   45.935 -119.630    709.2    932.2
     1     1    17     7    31    17     0     0   -22.0   45.856 -119.554    703.1    931.5
     1     1    17     7    31    16     0     0   -23.0   45.771 -119.508    695.9    931.2
     1     1    17     7    31    15     0     0   -24.0   45.680 -119.469    688.3    932.8
     1     1    17     7    31    14     0     0   -25.0   45.573 -119.416    679.8    934.0
     1     1    17     7    31    13     0     0   -26.0   45.458 -119.389    663.5    935.8
     1     1    17     7    31    12     0     0   -27.0   45.363 -119.376    650.3    937.5
