     1     1
    SITE    10     3     1     0     0
     1 BACKWARD OMEGA   
    17     8    28    12   46.392 -119.412   700.0
     1 PRESSURE
     1     1    17     8    28    12     0     0     0.0   46.392 -119.412    700.0    931.4
     1     1    17     8    28    11     0     0    -1.0   46.501 -119.408    677.1    934.1
     1     1    17     8    28    10     0     0    -2.0   46.630 -119.436    661.5    937.1
     1     1    17     8    28     9     0     0    -3.0   46.776 -119.500    674.2    934.5
     1     1    17     8    28     8     0     0    -4.0   46.796 -119.541    683.3    932.9
     1     1    17     8    28     7     0     0    -5.0   46.731 -119.581    669.3    935.8
     1     1    17     8    28     6     0     0    -6.0   46.746 -119.654    676.7    934.5
     1     1    17     8    28     5     0     0    -7.0   46.798 -119.643    675.7    932.1
     1     1    17     8    28     4     0     0    -8.0   46.813 -119.572    676.7    933.6
     1     1    17     8    28     3     0     0    -9.0   46.775 -119.545    674.0    934.3
     1     1    17     8    28     2     0     0   -10.0   46.732 -119.524    678.1    934.5
     1     1    17     8    28     1     0     0   -11.0   46.681 -119.483    674.8    933.2
     1     1    17     8    28     0     0     0   -12.0   46.631 -119.438    669.4    935.9
     1     1    17     8    27    23     0     0   -13.0   46.595 -119.415    670.5    934.6
     1     1    17     8    27    22     0     0   -14.0   46.567 -119.431    666.2    935.1
     1     1    17     8    27    21     0     0   -15.0   46.556 -119.462    663.9    936.2
     1     1    17     8    27    20     0     0   -16.0   46.560 -119.511    668.6    935.5
     1     1    17     8    27    19     0     0   -17.0   46.558 -119.562    672.7    933.6
     1     1    17     8    27    18     0     0   -18.0   46.540 -119.598    673.3    935.2
     1     1    17     8    27    17     0     0   -19.0   46.501 -119.621    669.2    933.9
     1     1    17     8    27    16     0     0   -20.0   46.442 -119.639    659.6    936.7
     1     1    17     8    27    15     0     0   -21.0   46.435 -119.640    647.6    937.2
     1     1    17     8    27    14     0     0   -22.0   46.473 -119.585    652.1    939.2
     1     1    17     8    27    13     0     0   -23.0   46.493 -119.505    661.1    935.5
     1     1    17     8    27    12     0     0   -24.0   46.479 -119.428    663.2    935.4
     1     1    17     8    27    11     0     0   -25.0   46.436 -119.381    666.4    935.6
     1     1    17     8    27    10     0     0   -26.0   46.390 -119.364    659.2    935.0
     1     1    17     8    27     9     0     0   -27.0   46.344 -119.355    650.9    938.4
     1     1    17     8    27     8     0     0   -28.0   46.307 -119.337    641.2    937.1
     1     1    17     8    27     7     0     0   -29.0   46.281 -119.333    630.5    940.5
     1     1    17     8    27     6     0     0   -30.0   46.286 -119.361    630.4    940.3
     1     1    17     8    27     5     0     0   -31.0   46.315 -119.394    632.8    939.2
     1     1    17     8    27     4     0     0   -32.0   46.334 -119.434    634.4    939.4
     1     1    17     8    27     3     0     0   -33.0   46.334 -119.474    639.6    939.2
     1     1    17     8    27     2     0     0   -34.0   46.315 -119.515    655.4    937.4
     1     1    17     8    27     1     0     0   -35.0   46.277 -119.546    668.4    934.1
     1     1    17     8    27     0     0     0   -36.0   46.228 -119.580    659.8    934.5
     1     1    17     8    26    23     0     0   -37.0   46.193 -119.647    646.4    938.8
     1     1    17     8    26    22     0     0   -38.0   46.166 -119.684    642.9    938.6
     1     1    17     8    26    21     0     0   -39.0   46.159 -119.699    649.3    938.3
     1     1    17     8    26    20     0     0   -40.0   46.166 -119.733    653.8    936.3
     1     1    17     8    26    19     0     0   -41.0   46.148 -119.764    656.3    937.2
     1     1    17     8    26    18     0     0   -42.0   46.103 -119.783    653.2    935.5
     1     1    17     8    26    17     0     0   -43.0   46.105 -119.758    640.9    938.3
     1     1    17     8    26    16     0     0   -44.0   46.167 -119.684    626.3    940.4
     1     1    17     8    26    15     0     0   -45.0   46.171 -119.594    630.4    940.1
     1     1    17     8    26    14     0     0   -46.0   46.174 -119.508    625.9    938.8
     1     1    17     8    26    13     0     0   -47.0   46.210 -119.416    632.7    941.8
     1     1    17     8    26    12     0     0   -48.0   46.242 -119.329    650.3    936.6
     1     1    17     8    26    11     0     0   -49.0   46.273 -119.247    659.2    937.6
     1     1    17     8    26    10     0     0   -50.0   46.302 -119.172    674.3    934.7
     1     1    17     8    26     9     0     0   -51.0   46.316 -119.180    684.5    932.3
     1     1    17     8    26     8     0     0   -52.0   46.292 -119.206    688.8    932.3
     1     1    17     8    26     7     0     0   -53.0   46.260 -119.198    692.5    932.5
     1     1    17     8    26     6     0     0   -54.0   46.247 -119.217    695.7    931.7
     1     1    17     8    26     5     0     0   -55.0   46.241 -119.221    691.6    932.1
     1     1    17     8    26     4     0     0   -56.0   46.240 -119.223    688.4    933.2
     1     1    17     8    26     3     0     0   -57.0   46.239 -119.249    685.6    933.1
     1     1    17     8    26     2     0     0   -58.0   46.226 -119.271    689.7    933.4
     1     1    17     8    26     1     0     0   -59.0   46.214 -119.296    692.4    931.3
     1     1    17     8    26     0     0     0   -60.0   46.188 -119.333    689.9    933.0
     1     1    17     8    25    23     0     0   -61.0   46.184 -119.383    688.2    932.6
     1     1    17     8    25    22     0     0   -62.0   46.190 -119.434    686.9    933.0
     1     1    17     8    25    21     0     0   -63.0   46.151 -119.483    696.7    932.4
     1     1    17     8    25    20     0     0   -64.0   46.089 -119.524    701.2    930.8
     1     1    17     8    25    19     0     0   -65.0   46.009 -119.531    699.1    931.3
     1     1    17     8    25    18     0     0   -66.0   45.906 -119.504    697.1    931.9
     1     1    17     8    25    17     0     0   -67.0   45.803 -119.479    700.9    930.9
     1     1    17     8    25    16     0     0   -68.0   45.714 -119.441    688.9    933.5
     1     1    17     8    25    15     0     0   -69.0   45.637 -119.389    709.0    930.2
     1     1    17     8    25    14     0     0   -70.0   45.557 -119.335    693.9    931.6
     1     1    17     8    25    13     0     0   -71.0   45.475 -119.323    685.8    932.8
     1     1    17     8    25    12     0     0   -72.0   45.413 -119.317    679.0    933.9
