     1     1
    SITE    10     3     1     0     0
     1 BACKWARD OMEGA   
    17     8     2    16   46.392 -119.412   700.0
     1 PRESSURE
     1     1    17     8     2    16     0     0     0.0   46.392 -119.412    700.0    931.4
     1     1    17     8     2    15     0     0    -1.0   46.391 -119.390    677.9    934.0
     1     1    17     8     2    14     0     0    -2.0   46.254 -119.391    674.2    935.0
     1     1    17     8     2    13     0     0    -3.0   46.101 -119.387    677.0    934.0
     1     1    17     8     2    12     0     0    -4.0   45.937 -119.389    665.7    935.1
     1     1    17     8     2    11     0     0    -5.0   45.757 -119.387    684.4    933.2
     1     1    17     8     2    10     0     0    -6.0   45.663 -119.231    685.3    934.1
     1     1    17     8     2     9     0     0    -7.0   45.774 -119.096    797.7    920.3
     1     1    17     8     2     8     0     0    -8.0   45.997 -119.148    848.7    915.2
     1     1    17     8     2     7     0     0    -9.0   46.196 -119.251    894.0    908.6
     1     1    17     8     2     6     0     0   -10.0   46.361 -119.378    869.4    912.6
     1     1    17     8     2     5     0     0   -11.0   46.502 -119.475    912.5    907.7
     1     1    17     8     2     4     0     0   -12.0   46.636 -119.538    913.3    909.6
     1     1    17     8     2     3     0     0   -13.0   46.779 -119.612    929.9    906.2
     1     1    17     8     2     2     0     0   -14.0   46.928 -119.727    896.5    910.3
     1     1    17     8     2     1     0     0   -15.0   47.053 -119.838    927.4    906.4
     1     1    17     8     2     0     0     0   -16.0   47.128 -119.921    951.0    904.0
     1     1    17     8     1    23     0     0   -17.0   47.142 -119.986    970.8    901.8
     1     1    17     8     1    22     0     0   -18.0   47.125 -120.037    991.2    898.7
     1     1    17     8     1    21     0     0   -19.0   47.128 -120.071   1017.4    897.8
     1     1    17     8     1    20     0     0   -20.0   47.149 -120.111   1035.1    893.2
     1     1    17     8     1    19     0     0   -21.0   47.145 -120.160   1043.9    894.0
     1     1    17     8     1    18     0     0   -22.0   47.167 -120.131   1049.3    891.8
     1     1    17     8     1    17     0     0   -23.0   47.243 -120.011   1040.6    894.1
     1     1    17     8     1    16     0     0   -24.0   47.260 -119.884   1010.2    897.4
     1     1    17     8     1    15     0     0   -25.0   47.231 -119.878   1010.9    897.8
     1     1    17     8     1    14     0     0   -26.0   47.208 -119.877   1006.6    897.5
     1     1    17     8     1    13     0     0   -27.0   47.141 -119.826   1024.1    896.2
     1     1    17     8     1    12     0     0   -28.0   47.079 -119.900   1043.1    893.7
     1     1    17     8     1    11     0     0   -29.0   47.112 -119.988   1091.7    888.4
     1     1    17     8     1    10     0     0   -30.0   47.199 -120.013   1116.6    884.2
     1     1    17     8     1     9     0     0   -31.0   47.218 -120.030   1104.0    886.8
     1     1    17     8     1     8     0     0   -32.0   47.172 -120.022   1085.5    888.3
     1     1    17     8     1     7     0     0   -33.0   47.126 -119.990   1062.5    891.7
     1     1    17     8     1     6     0     0   -34.0   47.074 -119.966   1040.5    893.4
     1     1    17     8     1     5     0     0   -35.0   47.020 -119.950   1025.4    896.5
     1     1    17     8     1     4     0     0   -36.0   46.978 -119.943   1027.0    896.7
     1     1    17     8     1     3     0     0   -37.0   46.940 -119.945   1031.6    894.0
     1     1    17     8     1     2     0     0   -38.0   46.910 -119.929   1027.8    895.2
     1     1    17     8     1     1     0     0   -39.0   46.878 -119.907   1030.5    895.6
     1     1    17     8     1     0     0     0   -40.0   46.833 -119.908   1032.7    894.2
     1     1    17     7    31    23     0     0   -41.0   46.831 -119.935   1039.7    894.9
     1     1    17     7    31    22     0     0   -42.0   46.845 -120.005   1039.7    892.1
     1     1    17     7    31    21     0     0   -43.0   46.843 -120.069   1042.2    893.7
     1     1    17     7    31    20     0     0   -44.0   46.857 -120.103   1041.8    893.3
     1     1    17     7    31    19     0     0   -45.0   46.844 -120.119   1032.2    894.2
     1     1    17     7    31    18     0     0   -46.0   46.783 -120.079   1037.1    895.8
     1     1    17     7    31    17     0     0   -47.0   46.703 -120.002   1034.5    895.4
     1     1    17     7    31    16     0     0   -48.0   46.617 -119.955   1062.1    890.1
     1     1    17     7    31    15     0     0   -49.0   46.527 -119.916   1076.1    890.6
     1     1    17     7    31    14     0     0   -50.0   46.423 -119.863   1090.9    888.6
     1     1    17     7    31    13     0     0   -51.0   46.310 -119.833   1095.6    889.4
     1     1    17     7    31    12     0     0   -52.0   46.213 -119.822   1124.5    884.2
     1     1    17     7    31    11     0     0   -53.0   46.127 -119.790   1127.9    885.1
     1     1    17     7    31    10     0     0   -54.0   46.087 -119.717   1133.2    883.2
     1     1    17     7    31     9     0     0   -55.0   46.062 -119.677   1140.6    884.7
     1     1    17     7    31     8     0     0   -56.0   46.013 -119.671   1147.5    881.2
     1     1    17     7    31     7     0     0   -57.0   45.980 -119.647   1150.5    882.6
     1     1    17     7    31     6     0     0   -58.0   45.965 -119.605   1157.1    881.2
     1     1    17     7    31     5     0     0   -59.0   45.955 -119.616   1156.3    880.6
     1     1    17     7    31     4     0     0   -60.0   45.911 -119.639   1159.3    880.5
     1     1    17     7    31     3     0     0   -61.0   45.824 -119.579   1151.6    881.2
     1     1    17     7    31     2     0     0   -62.0   45.726 -119.499   1155.0    882.8
     1     1    17     7    31     1     0     0   -63.0   45.633 -119.472   1155.0    880.6
     1     1    17     7    31     0     0     0   -64.0   45.599 -119.444   1136.0    883.9
     1     1    17     7    30    23     0     0   -65.0   45.668 -119.463   1151.5    883.4
     1     1    17     7    30    22     0     0   -66.0   45.799 -119.570   1180.8    877.5
     1     1    17     7    30    21     0     0   -67.0   45.929 -119.710   1199.4    876.6
     1     1    17     7    30    20     0     0   -68.0   46.041 -119.885   1198.6    875.7
     1     1    17     7    30    19     0     0   -69.0   46.032 -119.971   1175.5    880.3
     1     1    17     7    30    18     0     0   -70.0   45.915 -119.908   1164.3    879.9
     1     1    17     7    30    17     0     0   -71.0   45.807 -119.783   1154.5    880.6
     1     1    17     7    30    16     0     0   -72.0   45.692 -119.706   1145.2    883.9
