     1     1
    SITE    10     3     1     0     0
     1 BACKWARD OMEGA   
    17     8    12     5   46.392 -119.412   700.0
     1 PRESSURE
     1     1    17     8    12     5     0     0     0.0   46.392 -119.412    700.0    931.4
     1     1    17     8    12     4     0     0    -1.0   46.254 -119.366    707.0    930.7
     1     1    17     8    12     3     0     0    -2.0   46.120 -119.399    719.9    928.3
     1     1    17     8    12     2     0     0    -3.0   46.040 -119.434    704.9    930.7
     1     1    17     8    12     1     0     0    -4.0   45.987 -119.484    702.6    931.2
     1     1    17     8    12     0     0     0    -5.0   45.956 -119.559    701.9    930.9
     1     1    17     8    11    23     0     0    -6.0   45.911 -119.604    688.2    931.5
     1     1    17     8    11    22     0     0    -7.0   45.830 -119.589    677.6    934.0
     1     1    17     8    11    21     0     0    -8.0   45.744 -119.578    672.1    934.5
     1     1    17     8    11    20     0     0    -9.0   45.661 -119.624    659.0    936.0
     1     1    17     8    11    19     0     0   -10.0   45.572 -119.698    646.4    938.3
     1     1    17     8    11    18     0     0   -11.0   45.491 -119.730    644.8    937.6
     1     1    17     8    11    17     0     0   -12.0   45.412 -119.726    639.3    939.1
