     1     1
    SITE    10     3     1     0     0
     1 BACKWARD OMEGA   
    17     8     2    14   46.392 -119.412   700.0
     1 PRESSURE
     1     1    17     8     2    14     0     0     0.0   46.392 -119.412    700.0    931.4
     1     1    17     8     2    13     0     0    -1.0   46.239 -119.410    709.4    930.1
     1     1    17     8     2    12     0     0    -2.0   46.075 -119.410    693.2    932.6
     1     1    17     8     2    11     0     0    -3.0   45.896 -119.407    678.0    934.6
     1     1    17     8     2    10     0     0    -4.0   45.798 -119.251    662.2    934.4
     1     1    17     8     2     9     0     0    -5.0   45.908 -119.117    658.9    935.7
     1     1    17     8     2     8     0     0    -6.0   46.128 -119.166    688.0    932.3
     1     1    17     8     2     7     0     0    -7.0   46.329 -119.276    630.1    940.5
     1     1    17     8     2     6     0     0    -8.0   46.498 -119.409    653.5    937.5
     1     1    17     8     2     5     0     0    -9.0   46.639 -119.505    636.9    938.9
     1     1    17     8     2     4     0     0   -10.0   46.772 -119.568    636.1    938.7
     1     1    17     8     2     3     0     0   -11.0   46.914 -119.646    639.2    938.0
     1     1    17     8     2     2     0     0   -12.0   47.061 -119.764    631.9    940.2
     1     1    17     8     2     1     0     0   -13.0   47.183 -119.874    653.0    937.3
     1     1    17     8     2     0     0     0   -14.0   47.259 -119.955    685.9    932.9
     1     1    17     8     1    23     0     0   -15.0   47.272 -120.021    706.2    930.6
     1     1    17     8     1    22     0     0   -16.0   47.255 -120.071    710.0    929.1
     1     1    17     8     1    21     0     0   -17.0   47.258 -120.104    705.1    931.0
     1     1    17     8     1    20     0     0   -18.0   47.278 -120.144    704.7    931.3
     1     1    17     8     1    19     0     0   -19.0   47.274 -120.194    697.4    930.4
     1     1    17     8     1    18     0     0   -20.0   47.295 -120.165    690.0    933.6
