     1     1
    SITE    10     3     1     0     0
     1 BACKWARD OMEGA   
    17     8     6    13   46.392 -119.412   700.0
     1 PRESSURE
     1     1    17     8     6    13     0     0     0.0   46.392 -119.412    700.0    931.4
     1     1    17     8     6    12     0     0    -1.0   46.411 -119.341    687.3    932.9
     1     1    17     8     6    11     0     0    -2.0   46.435 -119.276    668.4    935.5
     1     1    17     8     6    10     0     0    -3.0   46.487 -119.234    676.3    933.9
     1     1    17     8     6     9     0     0    -4.0   46.488 -119.199    672.2    933.8
     1     1    17     8     6     8     0     0    -5.0   46.446 -119.190    674.2    935.3
     1     1    17     8     6     7     0     0    -6.0   46.411 -119.196    680.2    933.6
     1     1    17     8     6     6     0     0    -7.0   46.380 -119.208    675.1    933.2
     1     1    17     8     6     5     0     0    -8.0   46.343 -119.195    673.7    935.9
     1     1    17     8     6     4     0     0    -9.0   46.310 -119.172    676.6    933.1
     1     1    17     8     6     3     0     0   -10.0   46.283 -119.183    670.6    934.8
     1     1    17     8     6     2     0     0   -11.0   46.253 -119.183    662.1    935.6
     1     1    17     8     6     1     0     0   -12.0   46.212 -119.182    653.6    936.8
     1     1    17     8     6     0     0     0   -13.0   46.181 -119.215    645.0    938.8
     1     1    17     8     5    23     0     0   -14.0   46.195 -119.257    646.4    938.3
     1     1    17     8     5    22     0     0   -15.0   46.202 -119.297    649.2    936.4
     1     1    17     8     5    21     0     0   -16.0   46.171 -119.329    642.4    938.8
     1     1    17     8     5    20     0     0   -17.0   46.126 -119.366    648.0    938.7
     1     1    17     8     5    19     0     0   -18.0   46.070 -119.405    649.6    935.8
     1     1    17     8     5    18     0     0   -19.0   46.010 -119.422    657.2    938.5
     1     1    17     8     5    17     0     0   -20.0   45.926 -119.409    692.9    933.8
     1     1    17     8     5    16     0     0   -21.0   45.843 -119.343    707.0    929.7
     1     1    17     8     5    15     0     0   -22.0   45.807 -119.239    692.9    932.4
     1     1    17     8     5    14     0     0   -23.0   45.821 -119.226    686.4    932.7
     1     1    17     8     5    13     0     0   -24.0   45.824 -119.215    689.9    935.7
     1     1    17     8     5    12     0     0   -25.0   45.807 -119.100    700.2    931.1
     1     1    17     8     5    11     0     0   -26.0   45.744 -119.040    682.8    933.0
     1     1    17     8     5    10     0     0   -27.0   45.643 -119.045    676.7    934.4
     1     1    17     8     5     9     0     0   -28.0   45.569 -119.047    665.2    934.8
     1     1    17     8     5     8     0     0   -29.0   45.535 -119.063    652.7    937.5
     1     1    17     8     5     7     0     0   -30.0   45.509 -119.075    656.8    936.7
     1     1    17     8     5     6     0     0   -31.0   45.480 -119.043    665.1    935.2
     1     1    17     8     5     5     0     0   -32.0   45.472 -119.036    667.8    934.5
     1     1    17     8     5     4     0     0   -33.0   45.446 -119.045    674.1    935.4
     1     1    17     8     5     3     0     0   -34.0   45.386 -119.019    691.9    933.0
