     1     1
    SITE    10     3     1     0     0
     1 BACKWARD OMEGA   
    17     8    21     2   46.392 -119.412   700.0
     1 PRESSURE
     1     1    17     8    21     2     0     0     0.0   46.392 -119.412    700.0    931.4
     1     1    17     8    21     1     0     0    -1.0   46.363 -119.423    713.2    929.9
     1     1    17     8    21     0     0     0    -2.0   46.335 -119.449    723.7    928.4
     1     1    17     8    20    23     0     0    -3.0   46.358 -119.500    735.0    927.4
     1     1    17     8    20    22     0     0    -4.0   46.425 -119.531    733.1    927.6
     1     1    17     8    20    21     0     0    -5.0   46.447 -119.564    729.4    927.9
     1     1    17     8    20    20     0     0    -6.0   46.414 -119.595    724.4    928.9
     1     1    17     8    20    19     0     0    -7.0   46.366 -119.612    727.4    928.8
     1     1    17     8    20    18     0     0    -8.0   46.326 -119.557    723.5    927.1
     1     1    17     8    20    17     0     0    -9.0   46.291 -119.440    700.7    931.9
     1     1    17     8    20    16     0     0   -10.0   46.229 -119.359    717.0    930.1
     1     1    17     8    20    15     0     0   -11.0   46.142 -119.333    731.1    927.3
     1     1    17     8    20    14     0     0   -12.0   46.058 -119.314    738.6    927.6
     1     1    17     8    20    13     0     0   -13.0   45.997 -119.245    753.0    925.1
     1     1    17     8    20    12     0     0   -14.0   45.917 -119.204    736.4    926.4
     1     1    17     8    20    11     0     0   -15.0   45.812 -119.198    728.4    928.2
     1     1    17     8    20    10     0     0   -16.0   45.744 -119.204    722.7    928.7
     1     1    17     8    20     9     0     0   -17.0   45.690 -119.239    717.8    929.2
     1     1    17     8    20     8     0     0   -18.0   45.630 -119.266    718.9    930.2
     1     1    17     8    20     7     0     0   -19.0   45.566 -119.261    732.4    927.5
     1     1    17     8    20     6     0     0   -20.0   45.483 -119.210    722.0    929.4
     1     1    17     8    20     5     0     0   -21.0   45.389 -119.189    718.0    929.2
