     1     1
    SITE    10     3     1     0     0
     1 BACKWARD OMEGA   
    17     8     7     8   46.392 -119.412   700.0
     1 PRESSURE
     1     1    17     8     7     8     0     0     0.0   46.392 -119.412    700.0    931.4
     1     1    17     8     7     7     0     0    -1.0   46.365 -119.376    694.6    932.1
     1     1    17     8     7     6     0     0    -2.0   46.335 -119.374    689.3    932.4
     1     1    17     8     7     5     0     0    -3.0   46.305 -119.388    679.3    933.5
     1     1    17     8     7     4     0     0    -4.0   46.303 -119.405    669.7    935.4
     1     1    17     8     7     3     0     0    -5.0   46.331 -119.426    667.5    935.6
     1     1    17     8     7     2     0     0    -6.0   46.337 -119.459    665.3    935.0
     1     1    17     8     7     1     0     0    -7.0   46.315 -119.470    663.2    936.0
     1     1    17     8     7     0     0     0    -8.0   46.274 -119.481    658.5    936.0
     1     1    17     8     6    23     0     0    -9.0   46.236 -119.503    654.1    937.0
     1     1    17     8     6    22     0     0   -10.0   46.211 -119.517    645.4    937.3
     1     1    17     8     6    21     0     0   -11.0   46.210 -119.540    636.6    940.0
     1     1    17     8     6    20     0     0   -12.0   46.215 -119.565    636.4    938.8
     1     1    17     8     6    19     0     0   -13.0   46.226 -119.600    628.9    939.5
     1     1    17     8     6    18     0     0   -14.0   46.272 -119.637    633.2    940.7
     1     1    17     8     6    17     0     0   -15.0   46.289 -119.686    645.1    937.2
     1     1    17     8     6    16     0     0   -16.0   46.268 -119.676    648.2    937.1
     1     1    17     8     6    15     0     0   -17.0   46.292 -119.597    659.1    937.2
     1     1    17     8     6    14     0     0   -18.0   46.357 -119.538    671.0    933.8
     1     1    17     8     6    13     0     0   -19.0   46.416 -119.492    675.0    934.5
     1     1    17     8     6    12     0     0   -20.0   46.434 -119.423    675.5    933.8
     1     1    17     8     6    11     0     0   -21.0   46.457 -119.360    674.6    934.1
     1     1    17     8     6    10     0     0   -22.0   46.509 -119.319    680.9    934.3
     1     1    17     8     6     9     0     0   -23.0   46.510 -119.284    682.0    932.1
     1     1    17     8     6     8     0     0   -24.0   46.468 -119.273    677.6    933.2
     1     1    17     8     6     7     0     0   -25.0   46.433 -119.279    672.2    935.6
     1     1    17     8     6     6     0     0   -26.0   46.403 -119.291    670.4    934.5
     1     1    17     8     6     5     0     0   -27.0   46.365 -119.280    669.6    935.7
     1     1    17     8     6     4     0     0   -28.0   46.331 -119.259    672.8    934.2
     1     1    17     8     6     3     0     0   -29.0   46.304 -119.270    669.1    934.6
     1     1    17     8     6     2     0     0   -30.0   46.273 -119.269    658.8    935.9
     1     1    17     8     6     1     0     0   -31.0   46.234 -119.269    642.0    938.1
     1     1    17     8     6     0     0     0   -32.0   46.205 -119.304    622.4    941.1
     1     1    17     8     5    23     0     0   -33.0   46.218 -119.346    617.1    942.1
     1     1    17     8     5    22     0     0   -34.0   46.226 -119.383    622.1    940.2
     1     1    17     8     5    21     0     0   -35.0   46.195 -119.415    622.2    940.6
     1     1    17     8     5    20     0     0   -36.0   46.149 -119.454    630.4    940.7
     1     1    17     8     5    19     0     0   -37.0   46.093 -119.492    633.3    938.8
     1     1    17     8     5    18     0     0   -38.0   46.033 -119.509    633.7    939.6
     1     1    17     8     5    17     0     0   -39.0   45.951 -119.494    645.1    938.5
     1     1    17     8     5    16     0     0   -40.0   45.868 -119.427    649.5    936.7
     1     1    17     8     5    15     0     0   -41.0   45.831 -119.324    642.3    938.1
     1     1    17     8     5    14     0     0   -42.0   45.844 -119.311    614.5    941.1
     1     1    17     8     5    13     0     0   -43.0   45.848 -119.302    603.4    944.1
     1     1    17     8     5    12     0     0   -44.0   45.830 -119.185    622.2    940.5
     1     1    17     8     5    11     0     0   -45.0   45.765 -119.121    625.3    940.0
     1     1    17     8     5    10     0     0   -46.0   45.664 -119.125    612.9    941.5
     1     1    17     8     5     9     0     0   -47.0   45.589 -119.130    604.8    942.3
     1     1    17     8     5     8     0     0   -48.0   45.556 -119.146    597.6    943.1
     1     1    17     8     5     7     0     0   -49.0   45.530 -119.157    595.7    944.1
     1     1    17     8     5     6     0     0   -50.0   45.501 -119.127    597.6    942.9
     1     1    17     8     5     5     0     0   -51.0   45.494 -119.121    595.5    942.9
     1     1    17     8     5     4     0     0   -52.0   45.467 -119.129    593.4    944.7
     1     1    17     8     5     3     0     0   -53.0   45.406 -119.101    608.0    942.8
     1     1    17     8     5     2     0     0   -54.0   45.329 -119.073    619.1    940.7
