     1     1
    SITE    10     3     1     0     0
     1 BACKWARD OMEGA   
    17     8    24    13   46.392 -119.412   700.0
     1 PRESSURE
     1     1    17     8    24    13     0     0     0.0   46.392 -119.412    700.0    931.4
     1     1    17     8    24    12     0     0    -1.0   46.318 -119.641    687.8    933.0
     1     1    17     8    24    11     0     0    -2.0   46.220 -119.828    718.1    929.3
     1     1    17     8    24    10     0     0    -3.0   46.071 -119.898    727.4    928.7
     1     1    17     8    24     9     0     0    -4.0   45.970 -119.883    735.6    927.9
     1     1    17     8    24     8     0     0    -5.0   45.890 -119.912    738.3    926.5
     1     1    17     8    24     7     0     0    -6.0   45.846 -120.007    739.0    926.7
     1     1    17     8    24     6     0     0    -7.0   45.811 -120.059    733.9    927.5
     1     1    17     8    24     5     0     0    -8.0   45.756 -120.044    723.3    928.1
     1     1    17     8    24     4     0     0    -9.0   45.752 -120.037    722.7    930.3
     1     1    17     8    24     3     0     0   -10.0   45.737 -120.061    736.1    925.3
     1     1    17     8    24     2     0     0   -11.0   45.673 -120.058    732.1    928.5
     1     1    17     8    24     1     0     0   -12.0   45.608 -120.016    736.8    925.9
     1     1    17     8    24     0     0     0   -13.0   45.559 -120.007    733.1    927.8
     1     1    17     8    23    23     0     0   -14.0   45.537 -120.038    734.4    927.1
     1     1    17     8    23    22     0     0   -15.0   45.511 -120.056    735.6    927.6
     1     1    17     8    23    21     0     0   -16.0   45.523 -120.100    748.7    926.7
     1     1    17     8    23    20     0     0   -17.0   45.521 -120.140    757.9    923.7
     1     1    17     8    23    19     0     0   -18.0   45.454 -120.100    765.7    922.4
     1     1    17     8    23    18     0     0   -19.0   45.380 -120.017    754.2    925.4
