     1     1
    SITE    10     3     1     0     0
     1 BACKWARD OMEGA   
    17     8     3    13   46.392 -119.412   700.0
     1 PRESSURE
     1     1    17     8     3    13     0     0     0.0   46.392 -119.412    700.0    931.4
     1     1    17     8     3    12     0     0    -1.0   46.347 -119.502    717.2    929.4
     1     1    17     8     3    11     0     0    -2.0   46.388 -119.577    737.9    927.7
     1     1    17     8     3    10     0     0    -3.0   46.482 -119.616    763.3    924.4
     1     1    17     8     3     9     0     0    -4.0   46.520 -119.695    764.6    923.7
     1     1    17     8     3     8     0     0    -5.0   46.500 -119.740    755.4    925.2
     1     1    17     8     3     7     0     0    -6.0   46.466 -119.737    750.6    925.4
     1     1    17     8     3     6     0     0    -7.0   46.432 -119.743    748.9    926.3
     1     1    17     8     3     5     0     0    -8.0   46.399 -119.771    746.1    925.4
     1     1    17     8     3     4     0     0    -9.0   46.386 -119.818    745.4    926.9
     1     1    17     8     3     3     0     0   -10.0   46.389 -119.878    749.5    925.7
     1     1    17     8     3     2     0     0   -11.0   46.397 -119.949    749.0    926.2
     1     1    17     8     3     1     0     0   -12.0   46.405 -120.014    751.9    925.4
     1     1    17     8     3     0     0     0   -13.0   46.395 -120.066    754.0    925.0
     1     1    17     8     2    23     0     0   -14.0   46.384 -120.119    744.2    924.6
     1     1    17     8     2    22     0     0   -15.0   46.401 -120.176    724.4    929.2
     1     1    17     8     2    21     0     0   -16.0   46.417 -120.247    716.1    930.3
     1     1    17     8     2    20     0     0   -17.0   46.447 -120.324    712.4    930.3
     1     1    17     8     2    19     0     0   -18.0   46.510 -120.385    720.2    930.3
     1     1    17     8     2    18     0     0   -19.0   46.544 -120.501    719.8    927.1
     1     1    17     8     2    17     0     0   -20.0   46.471 -120.582    695.8    931.8
     1     1    17     8     2    16     0     0   -21.0   46.463 -120.547    678.8    933.7
     1     1    17     8     2    15     0     0   -22.0   46.465 -120.520    698.8    932.1
     1     1    17     8     2    14     0     0   -23.0   46.331 -120.522    703.8    930.2
     1     1    17     8     2    13     0     0   -24.0   46.180 -120.523    676.0    934.0
     1     1    17     8     2    12     0     0   -25.0   46.016 -120.526    639.5    937.9
     1     1    17     8     2    11     0     0   -26.0   45.834 -120.517    641.4    939.2
     1     1    17     8     2    10     0     0   -27.0   45.733 -120.360    636.4    939.0
     1     1    17     8     2     9     0     0   -28.0   45.845 -120.230    632.9    938.3
     1     1    17     8     2     8     0     0   -29.0   46.063 -120.278    593.2    943.6
     1     1    17     8     2     7     0     0   -30.0   46.264 -120.379    567.1    946.7
     1     1    17     8     2     6     0     0   -31.0   46.430 -120.504    583.7    944.0
     1     1    17     8     2     5     0     0   -32.0   46.572 -120.601    578.2    945.4
     1     1    17     8     2     4     0     0   -33.0   46.704 -120.666    569.8    946.5
     1     1    17     8     2     3     0     0   -34.0   46.846 -120.744    602.3    943.1
     1     1    17     8     2     2     0     0   -35.0   46.997 -120.854    633.6    940.3
