     1     1
    SITE    10     3     1     0     0
     1 BACKWARD OMEGA   
    17     8     8    13   46.392 -119.412   700.0
     1 PRESSURE
     1     1    17     8     8    13     0     0     0.0   46.392 -119.412    700.0    931.4
     1     1    17     8     8    12     0     0    -1.0   46.311 -119.343    709.1    930.3
     1     1    17     8     8    11     0     0    -2.0   46.243 -119.296    718.3    930.1
     1     1    17     8     8    10     0     0    -3.0   46.192 -119.283    732.0    926.9
     1     1    17     8     8     9     0     0    -4.0   46.157 -119.310    726.6    928.8
     1     1    17     8     8     8     0     0    -5.0   46.127 -119.310    722.2    928.3
     1     1    17     8     8     7     0     0    -6.0   46.087 -119.265    720.8    929.6
     1     1    17     8     8     6     0     0    -7.0   46.049 -119.243    724.8    928.4
     1     1    17     8     8     5     0     0    -8.0   46.038 -119.266    725.6    928.3
     1     1    17     8     8     4     0     0    -9.0   46.029 -119.260    723.4    928.5
     1     1    17     8     8     3     0     0   -10.0   45.992 -119.219    722.4    929.0
     1     1    17     8     8     2     0     0   -11.0   45.953 -119.200    720.2    929.2
     1     1    17     8     8     1     0     0   -12.0   45.936 -119.172    715.5    929.3
     1     1    17     8     8     0     0     0   -13.0   45.904 -119.166    708.1    930.2
     1     1    17     8     7    23     0     0   -14.0   45.856 -119.194    708.9    931.8
     1     1    17     8     7    22     0     0   -15.0   45.871 -119.213    712.5    929.1
     1     1    17     8     7    21     0     0   -16.0   45.888 -119.253    705.5    931.9
     1     1    17     8     7    20     0     0   -17.0   45.846 -119.301    695.2    932.3
     1     1    17     8     7    19     0     0   -18.0   45.792 -119.329    689.0    932.6
     1     1    17     8     7    18     0     0   -19.0   45.737 -119.329    690.2    933.6
     1     1    17     8     7    17     0     0   -20.0   45.669 -119.309    689.5    931.8
     1     1    17     8     7    16     0     0   -21.0   45.588 -119.286    681.6    932.2
     1     1    17     8     7    15     0     0   -22.0   45.494 -119.241    656.9    937.3
     1     1    17     8     7    14     0     0   -23.0   45.385 -119.188    670.4    935.1
