     1     1
    SITE    10     3     1     0     0
     1 BACKWARD OMEGA   
    17     8    27     9   46.392 -119.412   700.0
     1 PRESSURE
     1     1    17     8    27     9     0     0     0.0   46.392 -119.412    700.0    931.4
     1     1    17     8    27     8     0     0    -1.0   46.354 -119.393    693.9    932.1
     1     1    17     8    27     7     0     0    -2.0   46.328 -119.391    680.9    934.5
     1     1    17     8    27     6     0     0    -3.0   46.332 -119.418    684.3    934.1
     1     1    17     8    27     5     0     0    -4.0   46.362 -119.452    686.5    933.1
     1     1    17     8    27     4     0     0    -5.0   46.380 -119.493    691.6    932.7
     1     1    17     8    27     3     0     0    -6.0   46.381 -119.533    699.4    931.8
     1     1    17     8    27     2     0     0    -7.0   46.362 -119.573    714.0    930.2
     1     1    17     8    27     1     0     0    -8.0   46.323 -119.602    722.3    927.7
     1     1    17     8    27     0     0     0    -9.0   46.275 -119.636    722.4    929.0
     1     1    17     8    26    23     0     0   -10.0   46.241 -119.703    719.9    928.6
     1     1    17     8    26    22     0     0   -11.0   46.214 -119.740    721.8    929.4
     1     1    17     8    26    21     0     0   -12.0   46.208 -119.756    726.0    928.7
     1     1    17     8    26    20     0     0   -13.0   46.214 -119.792    726.1    928.1
     1     1    17     8    26    19     0     0   -14.0   46.196 -119.822    722.7    928.8
     1     1    17     8    26    18     0     0   -15.0   46.152 -119.839    714.8    929.0
     1     1    17     8    26    17     0     0   -16.0   46.154 -119.813    702.5    930.5
     1     1    17     8    26    16     0     0   -17.0   46.215 -119.742    682.9    933.7
     1     1    17     8    26    15     0     0   -18.0   46.217 -119.654    696.6    934.0
     1     1    17     8    26    14     0     0   -19.0   46.222 -119.570    698.0    930.1
     1     1    17     8    26    13     0     0   -20.0   46.259 -119.480    697.6    931.6
     1     1    17     8    26    12     0     0   -21.0   46.292 -119.392    703.5    931.1
     1     1    17     8    26    11     0     0   -22.0   46.322 -119.308    711.9    930.5
     1     1    17     8    26    10     0     0   -23.0   46.352 -119.231    724.9    927.8
     1     1    17     8    26     9     0     0   -24.0   46.367 -119.238    733.0    928.2
     1     1    17     8    26     8     0     0   -25.0   46.342 -119.266    736.2    926.3
     1     1    17     8    26     7     0     0   -26.0   46.310 -119.257    733.8    927.4
     1     1    17     8    26     6     0     0   -27.0   46.298 -119.276    729.4    928.0
     1     1    17     8    26     5     0     0   -28.0   46.292 -119.280    729.6    928.7
     1     1    17     8    26     4     0     0   -29.0   46.290 -119.283    725.3    927.9
     1     1    17     8    26     3     0     0   -30.0   46.289 -119.309    715.7    930.0
     1     1    17     8    26     2     0     0   -31.0   46.276 -119.331    714.6    930.2
     1     1    17     8    26     1     0     0   -32.0   46.265 -119.356    714.6    929.4
     1     1    17     8    26     0     0     0   -33.0   46.239 -119.394    715.4    930.0
     1     1    17     8    25    23     0     0   -34.0   46.234 -119.444    716.6    929.5
     1     1    17     8    25    22     0     0   -35.0   46.241 -119.495    714.3    929.6
     1     1    17     8    25    21     0     0   -36.0   46.202 -119.544    719.8    929.5
     1     1    17     8    25    20     0     0   -37.0   46.140 -119.587    723.2    927.5
     1     1    17     8    25    19     0     0   -38.0   46.058 -119.594    728.2    929.5
     1     1    17     8    25    18     0     0   -39.0   45.955 -119.566    724.6    928.6
     1     1    17     8    25    17     0     0   -40.0   45.851 -119.541    737.8    927.5
     1     1    17     8    25    16     0     0   -41.0   45.761 -119.505    730.9    927.5
     1     1    17     8    25    15     0     0   -42.0   45.685 -119.453    727.8    928.6
     1     1    17     8    25    14     0     0   -43.0   45.606 -119.399    725.5    927.0
     1     1    17     8    25    13     0     0   -44.0   45.523 -119.387    702.2    931.1
     1     1    17     8    25    12     0     0   -45.0   45.461 -119.381    679.5    934.7
     1     1    17     8    25    11     0     0   -46.0   45.402 -119.365    675.6    934.2
     1     1    17     8    25    10     0     0   -47.0   45.345 -119.347    670.3    934.9
