     1     1
    SITE    10     3     1     0     0
     1 BACKWARD OMEGA   
    17     8     3     8   46.392 -119.412   700.0
     1 PRESSURE
     1     1    17     8     3     8     0     0     0.0   46.392 -119.412    700.0    931.4
     1     1    17     8     3     7     0     0    -1.0   46.358 -119.409    705.3    930.8
     1     1    17     8     3     6     0     0    -2.0   46.324 -119.415    716.6    929.3
     1     1    17     8     3     5     0     0    -3.0   46.291 -119.443    717.6    928.4
     1     1    17     8     3     4     0     0    -4.0   46.276 -119.490    718.4    930.0
     1     1    17     8     3     3     0     0    -5.0   46.281 -119.551    714.9    928.4
     1     1    17     8     3     2     0     0    -6.0   46.288 -119.623    716.4    930.9
     1     1    17     8     3     1     0     0    -7.0   46.296 -119.687    734.4    927.8
     1     1    17     8     3     0     0     0    -8.0   46.286 -119.739    744.0    925.1
     1     1    17     8     2    23     0     0    -9.0   46.275 -119.791    742.6    926.4
     1     1    17     8     2    22     0     0   -10.0   46.293 -119.851    741.8    927.2
     1     1    17     8     2    21     0     0   -11.0   46.310 -119.922    742.0    926.7
     1     1    17     8     2    20     0     0   -12.0   46.338 -119.999    732.5    926.3
     1     1    17     8     2    19     0     0   -13.0   46.402 -120.057    726.4    929.6
     1     1    17     8     2    18     0     0   -14.0   46.436 -120.173    731.0    928.0
     1     1    17     8     2    17     0     0   -15.0   46.364 -120.257    732.7    928.6
     1     1    17     8     2    16     0     0   -16.0   46.354 -120.228    758.4    924.4
     1     1    17     8     2    15     0     0   -17.0   46.352 -120.208    800.9    921.6
     1     1    17     8     2    14     0     0   -18.0   46.217 -120.212    826.2    918.1
     1     1    17     8     2    13     0     0   -19.0   46.065 -120.212    827.4    917.8
     1     1    17     8     2    12     0     0   -20.0   45.900 -120.214    845.0    915.7
     1     1    17     8     2    11     0     0   -21.0   45.720 -120.208    908.2    909.6
     1     1    17     8     2    10     0     0   -22.0   45.623 -120.053    996.6    899.2
     1     1    17     8     2     9     0     0   -23.0   45.736 -119.920    958.2    904.7
     1     1    17     8     2     8     0     0   -24.0   45.958 -119.970    967.2    902.0
     1     1    17     8     2     7     0     0   -25.0   46.158 -120.071    977.1    900.8
     1     1    17     8     2     6     0     0   -26.0   46.323 -120.197    995.2    898.4
     1     1    17     8     2     5     0     0   -27.0   46.465 -120.293   1016.5    897.6
     1     1    17     8     2     4     0     0   -28.0   46.600 -120.356   1038.2    894.9
     1     1    17     8     2     3     0     0   -29.0   46.743 -120.432   1043.1    893.9
     1     1    17     8     2     2     0     0   -30.0   46.892 -120.547   1059.1    893.9
     1     1    17     8     2     1     0     0   -31.0   47.018 -120.657   1142.9    882.8
     1     1    17     8     2     0     0     0   -32.0   47.093 -120.740   1164.7    880.2
     1     1    17     8     1    23     0     0   -33.0   47.107 -120.805   1155.6    881.3
     1     1    17     8     1    22     0     0   -34.0   47.090 -120.856   1151.3    882.6
     1     1    17     8     1    21     0     0   -35.0   47.093 -120.890   1152.6    881.4
