     1     1
    SITE    10     3     1     0     0
     1 BACKWARD OMEGA   
    17     8    12    10   46.392 -119.412   700.0
     1 PRESSURE
     1     1    17     8    12    10     0     0     0.0   46.392 -119.412    700.0    931.4
     1     1    17     8    12     9     0     0    -1.0   46.260 -119.356    697.3    931.8
     1     1    17     8    12     8     0     0    -2.0   46.148 -119.301    712.1    928.7
     1     1    17     8    12     7     0     0    -3.0   46.053 -119.364    687.9    933.7
     1     1    17     8    12     6     0     0    -4.0   46.005 -119.460    674.5    934.2
     1     1    17     8    12     5     0     0    -5.0   45.933 -119.460    648.2    938.0
     1     1    17     8    12     4     0     0    -6.0   45.794 -119.414    638.6    939.2
     1     1    17     8    12     3     0     0    -7.0   45.656 -119.447    631.0    939.3
     1     1    17     8    12     2     0     0    -8.0   45.575 -119.479    616.4    941.4
     1     1    17     8    12     1     0     0    -9.0   45.522 -119.526    626.5    940.8
     1     1    17     8    12     0     0     0   -10.0   45.490 -119.598    629.5    936.9
     1     1    17     8    11    23     0     0   -11.0   45.445 -119.642    610.6    942.3
     1     1    17     8    11    22     0     0   -12.0   45.365 -119.632    616.9    941.1
