     1     1
    SITE    10     3     1     0     0
     1 BACKWARD OMEGA   
    17     8    12     2   46.392 -119.412   700.0
     1 PRESSURE
     1     1    17     8    12     2     0     0     0.0   46.392 -119.412    700.0    931.4
     1     1    17     8    12     1     0     0    -1.0   46.338 -119.460    693.6    932.2
     1     1    17     8    12     0     0     0    -2.0   46.305 -119.533    670.7    934.3
     1     1    17     8    11    23     0     0    -3.0   46.259 -119.577    644.4    939.5
     1     1    17     8    11    22     0     0    -4.0   46.176 -119.563    625.0    940.5
     1     1    17     8    11    21     0     0    -5.0   46.086 -119.549    616.0    941.1
     1     1    17     8    11    20     0     0    -6.0   46.001 -119.593    630.4    940.0
     1     1    17     8    11    19     0     0    -7.0   45.911 -119.662    629.1    940.1
     1     1    17     8    11    18     0     0    -8.0   45.829 -119.691    639.2    937.9
     1     1    17     8    11    17     0     0    -9.0   45.749 -119.687    635.6    938.8
     1     1    17     8    11    16     0     0   -10.0   45.649 -119.663    622.7    940.0
     1     1    17     8    11    15     0     0   -11.0   45.578 -119.597    621.7    941.7
     1     1    17     8    11    14     0     0   -12.0   45.548 -119.491    648.2    937.4
     1     1    17     8    11    13     0     0   -13.0   45.496 -119.409    657.6    935.6
     1     1    17     8    11    12     0     0   -14.0   45.475 -119.342    642.6    938.3
     1     1    17     8    11    11     0     0   -15.0   45.464 -119.313    635.7    939.5
     1     1    17     8    11    10     0     0   -16.0   45.422 -119.277    635.5    939.2
     1     1    17     8    11     9     0     0   -17.0   45.439 -119.210    636.0    938.2
     1     1    17     8    11     8     0     0   -18.0   45.445 -119.194    627.0    938.4
     1     1    17     8    11     7     0     0   -19.0   45.416 -119.231    629.5    940.8
     1     1    17     8    11     6     0     0   -20.0   45.394 -119.257    630.9    939.1
