     1     1
    SITE    10     3     1     0     0
     1 BACKWARD OMEGA   
    17     8    12    23   46.392 -119.412   700.0
     1 PRESSURE
     1     1    17     8    12    23     0     0     0.0   46.392 -119.412    700.0    931.4
     1     1    17     8    12    22     0     0    -1.0   46.344 -119.456    701.8    931.2
     1     1    17     8    12    21     0     0    -2.0   46.351 -119.603    703.9    931.2
     1     1    17     8    12    20     0     0    -3.0   46.359 -119.783    729.7    927.5
     1     1    17     8    12    19     0     0    -4.0   46.297 -119.837    726.4    928.7
     1     1    17     8    12    18     0     0    -5.0   46.210 -119.742    703.0    930.6
     1     1    17     8    12    17     0     0    -6.0   46.094 -119.660    682.9    935.3
     1     1    17     8    12    16     0     0    -7.0   45.947 -119.590    726.0    928.6
     1     1    17     8    12    15     0     0    -8.0   45.799 -119.515    730.5    927.8
     1     1    17     8    12    14     0     0    -9.0   45.668 -119.459    705.3    930.5
     1     1    17     8    12    13     0     0   -10.0   45.545 -119.448    684.0    933.0
     1     1    17     8    12    12     0     0   -11.0   45.421 -119.481    670.8    934.5
