     1     1
    SITE    10     3     1     0     0
     1 BACKWARD OMEGA   
    17     8     1     7   46.392 -119.412   700.0
     1 PRESSURE
     1     1    17     8     1     7     0     0     0.0   46.392 -119.412    700.0    931.4
     1     1    17     8     1     6     0     0    -1.0   46.339 -119.389    699.9    931.4
     1     1    17     8     1     5     0     0    -2.0   46.284 -119.373    698.4    932.7
     1     1    17     8     1     4     0     0    -3.0   46.241 -119.367    697.3    930.9
     1     1    17     8     1     3     0     0    -4.0   46.204 -119.370    696.7    932.7
     1     1    17     8     1     2     0     0    -5.0   46.174 -119.354    694.1    931.0
     1     1    17     8     1     1     0     0    -6.0   46.142 -119.332    687.1    933.3
     1     1    17     8     1     0     0     0    -7.0   46.097 -119.331    690.6    933.3
     1     1    17     7    31    23     0     0    -8.0   46.094 -119.355    689.0    931.4
     1     1    17     7    31    22     0     0    -9.0   46.108 -119.424    676.2    935.7
     1     1    17     7    31    21     0     0   -10.0   46.106 -119.485    672.7    934.9
     1     1    17     7    31    20     0     0   -11.0   46.120 -119.519    670.8    935.1
     1     1    17     7    31    19     0     0   -12.0   46.106 -119.533    673.7    934.9
     1     1    17     7    31    18     0     0   -13.0   46.045 -119.493    697.4    933.3
     1     1    17     7    31    17     0     0   -14.0   45.966 -119.415    734.2    927.6
     1     1    17     7    31    16     0     0   -15.0   45.882 -119.368    743.9    925.9
     1     1    17     7    31    15     0     0   -16.0   45.792 -119.331    742.5    925.8
     1     1    17     7    31    14     0     0   -17.0   45.685 -119.275    726.4    929.4
     1     1    17     7    31    13     0     0   -18.0   45.570 -119.243    717.7    928.6
     1     1    17     7    31    12     0     0   -19.0   45.471 -119.230    706.2    931.1
     1     1    17     7    31    11     0     0   -20.0   45.385 -119.199    697.0    930.9
