     1     1
    SITE    10     3     1     0     0
     1 BACKWARD OMEGA   
    17     8     6     2   46.392 -119.412   700.0
     1 PRESSURE
     1     1    17     8     6     2     0     0     0.0   46.392 -119.412    700.0    931.4
     1     1    17     8     6     1     0     0    -1.0   46.351 -119.411    691.3    932.4
     1     1    17     8     6     0     0     0    -2.0   46.320 -119.446    686.6    933.9
     1     1    17     8     5    23     0     0    -3.0   46.334 -119.488    690.1    932.8
     1     1    17     8     5    22     0     0    -4.0   46.341 -119.526    693.7    931.6
     1     1    17     8     5    21     0     0    -5.0   46.311 -119.557    695.6    932.9
     1     1    17     8     5    20     0     0    -6.0   46.264 -119.596    696.1    930.6
     1     1    17     8     5    19     0     0    -7.0   46.207 -119.638    691.6    932.4
     1     1    17     8     5    18     0     0    -8.0   46.146 -119.657    680.9    932.9
     1     1    17     8     5    17     0     0    -9.0   46.062 -119.644    671.2    934.9
     1     1    17     8     5    16     0     0   -10.0   45.980 -119.578    669.1    935.3
     1     1    17     8     5    15     0     0   -11.0   45.942 -119.474    679.6    933.3
     1     1    17     8     5    14     0     0   -12.0   45.955 -119.456    677.8    934.1
     1     1    17     8     5    13     0     0   -13.0   45.959 -119.441    667.2    935.0
     1     1    17     8     5    12     0     0   -14.0   45.938 -119.326    675.1    934.1
     1     1    17     8     5    11     0     0   -15.0   45.876 -119.265    700.1    931.2
     1     1    17     8     5    10     0     0   -16.0   45.775 -119.270    713.9    928.3
     1     1    17     8     5     9     0     0   -17.0   45.699 -119.274    707.5    931.2
     1     1    17     8     5     8     0     0   -18.0   45.666 -119.291    713.6    929.6
     1     1    17     8     5     7     0     0   -19.0   45.640 -119.303    714.5    929.9
     1     1    17     8     5     6     0     0   -20.0   45.612 -119.271    713.0    929.6
     1     1    17     8     5     5     0     0   -21.0   45.606 -119.265    711.2    929.9
     1     1    17     8     5     4     0     0   -22.0   45.580 -119.273    701.0    931.1
     1     1    17     8     5     3     0     0   -23.0   45.520 -119.246    690.7    932.7
     1     1    17     8     5     2     0     0   -24.0   45.443 -119.220    689.1    932.5
     1     1    17     8     5     1     0     0   -25.0   45.367 -119.200    675.0    934.6
