     1     1
    SITE    10     3     1     0     0
     1 BACKWARD OMEGA   
    17     8    10     6   46.392 -119.412   700.0
     1 PRESSURE
     1     1    17     8    10     6     0     0     0.0   46.392 -119.412    700.0    931.4
     1     1    17     8    10     5     0     0    -1.0   46.370 -119.412    700.6    931.3
     1     1    17     8    10     4     0     0    -2.0   46.346 -119.429    699.6    931.5
     1     1    17     8    10     3     0     0    -3.0   46.302 -119.420    695.0    931.7
     1     1    17     8    10     2     0     0    -4.0   46.273 -119.441    688.7    932.6
     1     1    17     8    10     1     0     0    -5.0   46.268 -119.493    682.1    934.0
     1     1    17     8    10     0     0     0    -6.0   46.235 -119.521    671.5    933.7
     1     1    17     8     9    23     0     0    -7.0   46.206 -119.576    658.3    937.1
     1     1    17     8     9    22     0     0    -8.0   46.167 -119.614    665.0    936.4
     1     1    17     8     9    21     0     0    -9.0   46.123 -119.623    658.9    936.3
     1     1    17     8     9    20     0     0   -10.0   46.112 -119.674    643.9    937.1
     1     1    17     8     9    19     0     0   -11.0   46.071 -119.706    632.0    940.8
     1     1    17     8     9    18     0     0   -12.0   46.060 -119.657    625.6    940.5
     1     1    17     8     9    17     0     0   -13.0   46.109 -119.540    606.3    940.4
     1     1    17     8     9    16     0     0   -14.0   46.153 -119.411    586.2    943.8
     1     1    17     8     9    15     0     0   -15.0   46.162 -119.293    559.2    946.9
     1     1    17     8     9    14     0     0   -16.0   46.116 -119.229    532.7    950.2
     1     1    17     8     9    13     0     0   -17.0   46.038 -119.218    506.5    952.5
     1     1    17     8     9    12     0     0   -18.0   45.964 -119.173    484.2    955.8
     1     1    17     8     9    11     0     0   -19.0   45.904 -119.130    471.7    957.5
     1     1    17     8     9    10     0     0   -20.0   45.855 -119.106    464.3    957.5
     1     1    17     8     9     9     0     0   -21.0   45.807 -119.083    460.6    959.4
     1     1    17     8     9     8     0     0   -22.0   45.752 -119.067    466.4    958.1
     1     1    17     8     9     7     0     0   -23.0   45.689 -119.043    463.1    956.9
     1     1    17     8     9     6     0     0   -24.0   45.647 -119.020    451.3    959.8
     1     1    17     8     9     5     0     0   -25.0   45.628 -119.034    452.5    960.8
     1     1    17     8     9     4     0     0   -26.0   45.605 -119.060    463.2    957.8
     1     1    17     8     9     3     0     0   -27.0   45.577 -119.091    465.3    956.8
     1     1    17     8     9     2     0     0   -28.0   45.569 -119.139    461.7    959.2
     1     1    17     8     9     1     0     0   -29.0   45.549 -119.165    470.2    957.9
     1     1    17     8     9     0     0     0   -30.0   45.525 -119.207    471.8    955.9
     1     1    17     8     8    23     0     0   -31.0   45.513 -119.264    472.0    958.3
     1     1    17     8     8    22     0     0   -32.0   45.486 -119.314    485.0    956.2
     1     1    17     8     8    21     0     0   -33.0   45.464 -119.354    491.5    953.6
     1     1    17     8     8    20     0     0   -34.0   45.448 -119.383    488.6    955.2
     1     1    17     8     8    19     0     0   -35.0   45.422 -119.421    486.9    955.4
     1     1    17     8     8    18     0     0   -36.0   45.391 -119.405    480.7    955.2
