     1     1
    SITE    10     3     1     0     0
     1 BACKWARD OMEGA   
    17     8    13    19   46.392 -119.412   700.0
     1 PRESSURE
     1     1    17     8    13    19     0     0     0.0   46.392 -119.412    700.0    931.4
     1     1    17     8    13    18     0     0    -1.0   46.510 -119.584    721.0    928.9
     1     1    17     8    13    17     0     0    -2.0   46.608 -119.793    767.2    923.6
     1     1    17     8    13    16     0     0    -3.0   46.587 -120.001    796.2    920.8
     1     1    17     8    13    15     0     0    -4.0   46.436 -120.135    820.3    917.5
     1     1    17     8    13    14     0     0    -5.0   46.262 -120.181    800.9    919.7
     1     1    17     8    13    13     0     0    -6.0   46.090 -120.213    800.5    920.0
     1     1    17     8    13    12     0     0    -7.0   45.903 -120.262    773.4    923.4
     1     1    17     8    13    11     0     0    -8.0   45.692 -120.358    773.6    922.3
     1     1    17     8    13    10     0     0    -9.0   45.469 -120.491    704.6    931.3
