     1     1
    SITE    10     3     1     0     0
     1 BACKWARD OMEGA   
    17     8     4     3   46.392 -119.412   700.0
     1 PRESSURE
     1     1    17     8     4     3     0     0     0.0   46.392 -119.412    700.0    931.4
     1     1    17     8     4     2     0     0    -1.0   46.358 -119.396    702.7    931.1
     1     1    17     8     4     1     0     0    -2.0   46.308 -119.395    707.2    931.1
     1     1    17     8     4     0     0     0    -3.0   46.255 -119.366    710.8    929.7
     1     1    17     8     3    23     0     0    -4.0   46.226 -119.333    716.0    930.2
     1     1    17     8     3    22     0     0    -5.0   46.217 -119.274    710.0    928.5
     1     1    17     8     3    21     0     0    -6.0   46.178 -119.231    718.7    933.2
     1     1    17     8     3    20     0     0    -7.0   46.103 -119.235    730.3    927.7
     1     1    17     8     3    19     0     0    -8.0   46.035 -119.262    727.8    928.3
     1     1    17     8     3    18     0     0    -9.0   45.967 -119.270    712.9    929.8
     1     1    17     8     3    17     0     0   -10.0   45.879 -119.210    704.9    931.5
     1     1    17     8     3    16     0     0   -11.0   45.799 -119.093    724.5    927.6
     1     1    17     8     3    15     0     0   -12.0   45.755 -118.956    713.1    930.3
     1     1    17     8     3    14     0     0   -13.0   45.709 -118.834    710.7    930.6
     1     1    17     8     3    13     0     0   -14.0   45.645 -118.809    718.1    929.2
     1     1    17     8     3    12     0     0   -15.0   45.601 -118.896    726.1    929.1
     1     1    17     8     3    11     0     0   -16.0   45.643 -118.968    751.2    925.0
     1     1    17     8     3    10     0     0   -17.0   45.742 -119.005    764.4    924.6
     1     1    17     8     3     9     0     0   -18.0   45.781 -119.083    781.6    922.0
     1     1    17     8     3     8     0     0   -19.0   45.760 -119.126    795.0    920.2
     1     1    17     8     3     7     0     0   -20.0   45.726 -119.124    798.5    920.5
     1     1    17     8     3     6     0     0   -21.0   45.691 -119.131    801.6    919.8
     1     1    17     8     3     5     0     0   -22.0   45.658 -119.159    797.1    919.8
     1     1    17     8     3     4     0     0   -23.0   45.644 -119.205    792.5    921.7
     1     1    17     8     3     3     0     0   -24.0   45.648 -119.265    790.7    920.4
     1     1    17     8     3     2     0     0   -25.0   45.656 -119.336    793.0    922.2
     1     1    17     8     3     1     0     0   -26.0   45.664 -119.399    798.0    919.4
     1     1    17     8     3     0     0     0   -27.0   45.654 -119.450    797.4    920.6
     1     1    17     8     2    23     0     0   -28.0   45.644 -119.503    808.4    920.1
     1     1    17     8     2    22     0     0   -29.0   45.662 -119.561    812.4    917.0
     1     1    17     8     2    21     0     0   -30.0   45.678 -119.632    812.6    920.0
     1     1    17     8     2    20     0     0   -31.0   45.707 -119.711    836.9    917.0
     1     1    17     8     2    19     0     0   -32.0   45.771 -119.772    878.8    913.8
     1     1    17     8     2    18     0     0   -33.0   45.803 -119.887    910.4    907.2
     1     1    17     8     2    17     0     0   -34.0   45.730 -119.971    927.1    907.7
     1     1    17     8     2    16     0     0   -35.0   45.721 -119.942    920.2    905.8
     1     1    17     8     2    15     0     0   -36.0   45.719 -119.922    885.7    911.7
     1     1    17     8     2    14     0     0   -37.0   45.582 -119.923    913.5    909.2
     1     1    17     8     2    13     0     0   -38.0   45.431 -119.922    933.1    906.4
