     1     1
    SITE    10     3     1     0     0
     1 BACKWARD OMEGA   
    17     8     8     2   46.392 -119.412   700.0
     1 PRESSURE
     1     1    17     8     8     2     0     0     0.0   46.392 -119.412    700.0    931.4
     1     1    17     8     8     1     0     0    -1.0   46.375 -119.383    694.8    932.0
     1     1    17     8     8     0     0     0    -2.0   46.344 -119.377    690.4    931.8
     1     1    17     8     7    23     0     0    -3.0   46.295 -119.402    684.2    934.0
     1     1    17     8     7    22     0     0    -4.0   46.309 -119.420    694.5    933.5
     1     1    17     8     7    21     0     0    -5.0   46.327 -119.461    691.3    932.6
     1     1    17     8     7    20     0     0    -6.0   46.282 -119.510    672.4    932.1
     1     1    17     8     7    19     0     0    -7.0   46.229 -119.540    655.5    937.6
     1     1    17     8     7    18     0     0    -8.0   46.175 -119.543    648.6    937.7
     1     1    17     8     7    17     0     0    -9.0   46.110 -119.524    638.6    938.5
     1     1    17     8     7    16     0     0   -10.0   46.029 -119.500    623.0    939.8
     1     1    17     8     7    15     0     0   -11.0   45.932 -119.455    603.8    942.3
     1     1    17     8     7    14     0     0   -12.0   45.820 -119.399    611.0    942.8
     1     1    17     8     7    13     0     0   -13.0   45.698 -119.360    616.4    942.0
     1     1    17     8     7    12     0     0   -14.0   45.579 -119.336    626.9    939.3
     1     1    17     8     7    11     0     0   -15.0   45.479 -119.304    624.6    940.5
     1     1    17     8     7    10     0     0   -16.0   45.439 -119.240    638.7    938.7
     1     1    17     8     7     9     0     0   -17.0   45.427 -119.172    640.5    937.1
     1     1    17     8     7     8     0     0   -18.0   45.403 -119.118    636.6    940.0
     1     1    17     8     7     7     0     0   -19.0   45.376 -119.084    642.1    938.5
