     1     1
    SITE    10     3     1     0     0
     1 BACKWARD OMEGA   
    17     8    17    12   46.392 -119.412   700.0
     1 PRESSURE
     1     1    17     8    17    12     0     0     0.0   46.392 -119.412    700.0    931.4
     1     1    17     8    17    11     0     0    -1.0   46.306 -119.335    702.1    931.2
     1     1    17     8    17    10     0     0    -2.0   46.218 -119.270    703.9    930.5
     1     1    17     8    17     9     0     0    -3.0   46.117 -119.233    681.2    932.3
     1     1    17     8    17     8     0     0    -4.0   45.997 -119.230    671.0    935.2
     1     1    17     8    17     7     0     0    -5.0   45.880 -119.245    692.0    931.8
     1     1    17     8    17     6     0     0    -6.0   45.797 -119.227    687.5    932.6
     1     1    17     8    17     5     0     0    -7.0   45.748 -119.204    677.3    934.2
     1     1    17     8    17     4     0     0    -8.0   45.702 -119.220    673.0    934.6
     1     1    17     8    17     3     0     0    -9.0   45.660 -119.263    674.6    935.5
     1     1    17     8    17     2     0     0   -10.0   45.628 -119.296    690.7    932.6
     1     1    17     8    17     1     0     0   -11.0   45.580 -119.320    690.2    930.4
     1     1    17     8    17     0     0     0   -12.0   45.524 -119.305    684.0    935.1
     1     1    17     8    16    23     0     0   -13.0   45.544 -119.378    685.2    930.9
     1     1    17     8    16    22     0     0   -14.0   45.631 -119.567    719.6    929.5
     1     1    17     8    16    21     0     0   -15.0   45.760 -119.751    737.1    925.6
     1     1    17     8    16    20     0     0   -16.0   45.959 -119.985    723.6    928.5
     1     1    17     8    16    19     0     0   -17.0   46.177 -120.235    747.1    924.5
     1     1    17     8    16    18     0     0   -18.0   46.363 -120.451    760.8    924.7
     1     1    17     8    16    17     0     0   -19.0   46.394 -120.638    770.5    923.3
     1     1    17     8    16    16     0     0   -20.0   46.255 -120.748    778.0    922.2
     1     1    17     8    16    15     0     0   -21.0   46.110 -120.786    770.8    922.7
     1     1    17     8    16    14     0     0   -22.0   45.980 -120.804    747.9    926.1
     1     1    17     8    16    13     0     0   -23.0   45.851 -120.814    759.5    925.1
     1     1    17     8    16    12     0     0   -24.0   45.718 -120.832    755.6    924.2
