     1     1
    SITE    10     3     1     0     0
     1 BACKWARD OMEGA   
    17     8     3    10   46.392 -119.412   700.0
     1 PRESSURE
     1     1    17     8     3    10     0     0     0.0   46.392 -119.412    700.0    931.4
     1     1    17     8     3     9     0     0    -1.0   46.430 -119.491    713.8    929.8
     1     1    17     8     3     8     0     0    -2.0   46.409 -119.536    717.3    929.1
     1     1    17     8     3     7     0     0    -3.0   46.375 -119.532    717.1    929.9
     1     1    17     8     3     6     0     0    -4.0   46.341 -119.538    715.6    929.3
     1     1    17     8     3     5     0     0    -5.0   46.307 -119.564    712.5    930.1
     1     1    17     8     3     4     0     0    -6.0   46.293 -119.609    710.9    930.7
     1     1    17     8     3     3     0     0    -7.0   46.296 -119.671    720.1    929.5
     1     1    17     8     3     2     0     0    -8.0   46.303 -119.742    737.0    927.1
     1     1    17     8     3     1     0     0    -9.0   46.311 -119.805    743.7    925.3
     1     1    17     8     3     0     0     0   -10.0   46.302 -119.857    739.3    926.8
     1     1    17     8     2    23     0     0   -11.0   46.292 -119.910    737.9    927.7
     1     1    17     8     2    22     0     0   -12.0   46.309 -119.969    753.0    926.2
     1     1    17     8     2    21     0     0   -13.0   46.326 -120.040    767.4    922.9
     1     1    17     8     2    20     0     0   -14.0   46.353 -120.118    754.4    923.7
     1     1    17     8     2    19     0     0   -15.0   46.415 -120.179    755.7    925.3
     1     1    17     8     2    18     0     0   -16.0   46.447 -120.296    745.0    924.9
     1     1    17     8     2    17     0     0   -17.0   46.374 -120.381    727.8    929.9
     1     1    17     8     2    16     0     0   -18.0   46.365 -120.352    756.5    924.4
     1     1    17     8     2    15     0     0   -19.0   46.365 -120.329    769.7    923.0
     1     1    17     8     2    14     0     0   -20.0   46.230 -120.329    789.5    922.0
     1     1    17     8     2    13     0     0   -21.0   46.079 -120.332    806.6    919.8
     1     1    17     8     2    12     0     0   -22.0   45.916 -120.332    856.3    913.8
     1     1    17     8     2    11     0     0   -23.0   45.736 -120.326    863.5    913.6
     1     1    17     8     2    10     0     0   -24.0   45.637 -120.169    932.6    906.4
     1     1    17     8     2     9     0     0   -25.0   45.750 -120.038    977.5    899.7
     1     1    17     8     2     8     0     0   -26.0   45.972 -120.089    926.0    907.5
     1     1    17     8     2     7     0     0   -27.0   46.173 -120.191    948.5    904.5
     1     1    17     8     2     6     0     0   -28.0   46.339 -120.317    986.5    900.0
     1     1    17     8     2     5     0     0   -29.0   46.481 -120.414   1009.6    898.0
     1     1    17     8     2     4     0     0   -30.0   46.615 -120.477   1024.3    895.1
     1     1    17     8     2     3     0     0   -31.0   46.758 -120.552   1053.0    893.3
     1     1    17     8     2     2     0     0   -32.0   46.907 -120.666   1065.7    891.4
     1     1    17     8     2     1     0     0   -33.0   47.032 -120.776   1105.2    886.5
     1     1    17     8     2     0     0     0   -34.0   47.107 -120.858   1096.0    888.2
