     1     1
    SITE    10     3     1     0     0
     1 BACKWARD OMEGA   
    17     8    12     7   46.392 -119.412   700.0
     1 PRESSURE
     1     1    17     8    12     7     0     0     0.0   46.392 -119.412    700.0    931.4
     1     1    17     8    12     6     0     0    -1.0   46.341 -119.507    701.4    931.2
     1     1    17     8    12     5     0     0    -2.0   46.270 -119.505    669.5    933.9
     1     1    17     8    12     4     0     0    -3.0   46.137 -119.459    658.8    934.8
     1     1    17     8    12     3     0     0    -4.0   46.001 -119.492    628.9    940.0
     1     1    17     8    12     2     0     0    -5.0   45.921 -119.527    611.3    941.9
     1     1    17     8    12     1     0     0    -6.0   45.868 -119.576    603.5    942.6
     1     1    17     8    12     0     0     0    -7.0   45.836 -119.649    595.4    943.1
     1     1    17     8    11    23     0     0    -8.0   45.790 -119.691    584.9    944.6
     1     1    17     8    11    22     0     0    -9.0   45.707 -119.678    586.8    944.3
     1     1    17     8    11    21     0     0   -10.0   45.620 -119.664    588.7    943.9
     1     1    17     8    11    20     0     0   -11.0   45.537 -119.707    586.0    944.2
     1     1    17     8    11    19     0     0   -12.0   45.450 -119.776    594.9    944.3
     1     1    17     8    11    18     0     0   -13.0   45.370 -119.805    623.2    939.9
