     1     1
    SITE    10     3     1     0     0
     1 BACKWARD OMEGA   
    17     8    25    18   46.392 -119.412   700.0
     1 PRESSURE
     1     1    17     8    25    18     0     0     0.0   46.392 -119.412    700.0    931.4
     1     1    17     8    25    17     0     0    -1.0   46.289 -119.385    700.5    931.4
     1     1    17     8    25    16     0     0    -2.0   46.201 -119.348    697.5    931.9
     1     1    17     8    25    15     0     0    -3.0   46.127 -119.296    701.6    930.6
     1     1    17     8    25    14     0     0    -4.0   46.048 -119.237    710.8    930.3
     1     1    17     8    25    13     0     0    -5.0   45.968 -119.221    722.0    928.7
     1     1    17     8    25    12     0     0    -6.0   45.906 -119.213    712.8    930.1
     1     1    17     8    25    11     0     0    -7.0   45.846 -119.196    716.6    929.7
     1     1    17     8    25    10     0     0    -8.0   45.791 -119.176    717.7    928.9
     1     1    17     8    25     9     0     0    -9.0   45.785 -119.127    704.4    930.8
     1     1    17     8    25     8     0     0   -10.0   45.792 -119.074    705.2    931.5
     1     1    17     8    25     7     0     0   -11.0   45.761 -119.042    714.6    930.1
     1     1    17     8    25     6     0     0   -12.0   45.736 -119.011    721.3    928.1
     1     1    17     8    25     5     0     0   -13.0   45.736 -118.966    722.2    928.8
     1     1    17     8    25     4     0     0   -14.0   45.731 -118.931    718.4    928.8
     1     1    17     8    25     3     0     0   -15.0   45.730 -118.931    718.8    929.9
     1     1    17     8    25     2     0     0   -16.0   45.725 -118.956    726.9    928.8
     1     1    17     8    25     1     0     0   -17.0   45.695 -118.980    730.9    927.0
     1     1    17     8    25     0     0     0   -18.0   45.643 -118.979    733.3    928.2
     1     1    17     8    24    23     0     0   -19.0   45.576 -118.966    717.5    929.0
     1     1    17     8    24    22     0     0   -20.0   45.539 -119.028    698.4    932.7
     1     1    17     8    24    21     0     0   -21.0   45.603 -119.184    717.1    930.6
     1     1    17     8    24    20     0     0   -22.0   45.790 -119.409    739.1    927.2
     1     1    17     8    24    19     0     0   -23.0   46.033 -119.654    768.9    924.7
     1     1    17     8    24    18     0     0   -24.0   46.268 -119.923    761.2    925.0
     1     1    17     8    24    17     0     0   -25.0   46.515 -120.194    770.7    923.0
     1     1    17     8    24    16     0     0   -26.0   46.758 -120.445    781.1    923.1
     1     1    17     8    24    15     0     0   -27.0   46.945 -120.641    825.2    917.0
     1     1    17     8    24    14     0     0   -28.0   47.078 -120.782    851.2    914.5
