     1     1
    SITE    10     3     1     0     0
     1 BACKWARD OMEGA   
    17     8    26    10   46.392 -119.412   700.0
     1 PRESSURE
     1     1    17     8    26    10     0     0     0.0   46.392 -119.412    700.0    931.4
     1     1    17     8    26     9     0     0    -1.0   46.406 -119.418    693.6    932.2
     1     1    17     8    26     8     0     0    -2.0   46.381 -119.446    694.9    930.8
     1     1    17     8    26     7     0     0    -3.0   46.349 -119.438    683.1    933.2
     1     1    17     8    26     6     0     0    -4.0   46.337 -119.458    675.9    935.0
     1     1    17     8    26     5     0     0    -5.0   46.331 -119.461    677.7    934.2
     1     1    17     8    26     4     0     0    -6.0   46.328 -119.463    679.3    933.0
     1     1    17     8    26     3     0     0    -7.0   46.327 -119.490    678.0    934.0
     1     1    17     8    26     2     0     0    -8.0   46.315 -119.512    674.0    934.0
     1     1    17     8    26     1     0     0    -9.0   46.304 -119.538    674.6    935.5
     1     1    17     8    26     0     0     0   -10.0   46.279 -119.574    686.0    933.2
     1     1    17     8    25    23     0     0   -11.0   46.276 -119.622    686.1    932.1
     1     1    17     8    25    22     0     0   -12.0   46.284 -119.675    666.6    933.5
     1     1    17     8    25    21     0     0   -13.0   46.246 -119.724    641.3    939.1
     1     1    17     8    25    20     0     0   -14.0   46.184 -119.766    632.1    939.6
     1     1    17     8    25    19     0     0   -15.0   46.100 -119.774    655.9    940.5
     1     1    17     8    25    18     0     0   -16.0   45.997 -119.747    663.0    936.5
     1     1    17     8    25    17     0     0   -17.0   45.893 -119.722    656.6    935.7
     1     1    17     8    25    16     0     0   -18.0   45.803 -119.685    652.0    938.4
     1     1    17     8    25    15     0     0   -19.0   45.728 -119.638    693.8    931.7
     1     1    17     8    25    14     0     0   -20.0   45.648 -119.585    685.1    932.6
     1     1    17     8    25    13     0     0   -21.0   45.567 -119.576    672.5    934.4
     1     1    17     8    25    12     0     0   -22.0   45.505 -119.571    674.6    934.6
     1     1    17     8    25    11     0     0   -23.0   45.446 -119.555    686.7    932.6
     1     1    17     8    25    10     0     0   -24.0   45.390 -119.535    687.9    933.4
