     1     1
    SITE    10     3     1     0     0
     1 BACKWARD OMEGA   
    17     8     7     1   46.392 -119.412   700.0
     1 PRESSURE
     1     1    17     8     7     1     0     0     0.0   46.392 -119.412    700.0    931.4
     1     1    17     8     7     0     0     0    -1.0   46.351 -119.423    709.6    930.3
     1     1    17     8     6    23     0     0    -2.0   46.313 -119.446    713.9    929.0
     1     1    17     8     6    22     0     0    -3.0   46.288 -119.461    714.1    929.9
     1     1    17     8     6    21     0     0    -4.0   46.286 -119.484    715.5    929.7
     1     1    17     8     6    20     0     0    -5.0   46.291 -119.507    718.7    929.2
     1     1    17     8     6    19     0     0    -6.0   46.301 -119.544    720.7    928.9
     1     1    17     8     6    18     0     0    -7.0   46.347 -119.583    734.0    928.0
     1     1    17     8     6    17     0     0    -8.0   46.363 -119.632    736.4    925.9
     1     1    17     8     6    16     0     0    -9.0   46.344 -119.624    729.7    927.6
     1     1    17     8     6    15     0     0   -10.0   46.369 -119.544    739.4    926.9
     1     1    17     8     6    14     0     0   -11.0   46.433 -119.486    736.6    926.8
     1     1    17     8     6    13     0     0   -12.0   46.490 -119.440    736.9    927.6
     1     1    17     8     6    12     0     0   -13.0   46.509 -119.371    731.5    926.5
     1     1    17     8     6    11     0     0   -14.0   46.532 -119.308    746.8    928.6
     1     1    17     8     6    10     0     0   -15.0   46.583 -119.268    767.9    922.6
     1     1    17     8     6     9     0     0   -16.0   46.585 -119.236    771.3    922.2
     1     1    17     8     6     8     0     0   -17.0   46.543 -119.227    763.1    924.9
     1     1    17     8     6     7     0     0   -18.0   46.508 -119.233    762.4    924.5
     1     1    17     8     6     6     0     0   -19.0   46.477 -119.244    769.5    924.2
     1     1    17     8     6     5     0     0   -20.0   46.439 -119.231    774.8    922.1
     1     1    17     8     6     4     0     0   -21.0   46.405 -119.209    771.2    922.7
     1     1    17     8     6     3     0     0   -22.0   46.379 -119.220    774.6    924.2
     1     1    17     8     6     2     0     0   -23.0   46.348 -119.218    783.6    921.4
     1     1    17     8     6     1     0     0   -24.0   46.308 -119.219    784.2    921.7
     1     1    17     8     6     0     0     0   -25.0   46.278 -119.255    785.7    921.6
     1     1    17     8     5    23     0     0   -26.0   46.291 -119.296    800.5    921.2
     1     1    17     8     5    22     0     0   -27.0   46.298 -119.333    819.5    916.7
     1     1    17     8     5    21     0     0   -28.0   46.268 -119.364    817.8    917.1
     1     1    17     8     5    20     0     0   -29.0   46.223 -119.403    824.2    919.3
     1     1    17     8     5    19     0     0   -30.0   46.167 -119.445    848.9    913.5
     1     1    17     8     5    18     0     0   -31.0   46.107 -119.465    855.7    913.3
     1     1    17     8     5    17     0     0   -32.0   46.023 -119.452    875.0    913.8
     1     1    17     8     5    16     0     0   -33.0   45.941 -119.387    905.1    908.7
     1     1    17     8     5    15     0     0   -34.0   45.903 -119.281    919.3    907.4
     1     1    17     8     5    14     0     0   -35.0   45.916 -119.266    919.5    907.3
     1     1    17     8     5    13     0     0   -36.0   45.920 -119.253    929.0    908.6
     1     1    17     8     5    12     0     0   -37.0   45.902 -119.136    931.3    906.2
     1     1    17     8     5    11     0     0   -38.0   45.840 -119.073    917.8    907.6
     1     1    17     8     5    10     0     0   -39.0   45.739 -119.076    913.5    908.6
     1     1    17     8     5     9     0     0   -40.0   45.664 -119.077    925.1    907.1
     1     1    17     8     5     8     0     0   -41.0   45.630 -119.092    932.4    906.1
     1     1    17     8     5     7     0     0   -42.0   45.603 -119.104    939.3    906.0
     1     1    17     8     5     6     0     0   -43.0   45.574 -119.074    945.0    905.0
     1     1    17     8     5     5     0     0   -44.0   45.567 -119.068    952.4    904.1
     1     1    17     8     5     4     0     0   -45.0   45.541 -119.076    967.8    902.9
     1     1    17     8     5     3     0     0   -46.0   45.481 -119.049    984.8    900.0
     1     1    17     8     5     2     0     0   -47.0   45.406 -119.022   1000.1    898.3
