     1     1
    SITE    10     3     1     0     0
     1 BACKWARD OMEGA   
    17     8    14    18   46.392 -119.412   700.0
     1 PRESSURE
     1     1    17     8    14    18     0     0     0.0   46.392 -119.412    700.0    931.4
     1     1    17     8    14    17     0     0    -1.0   46.337 -119.300    676.9    934.2
     1     1    17     8    14    16     0     0    -2.0   46.272 -119.223    668.1    934.7
     1     1    17     8    14    15     0     0    -3.0   46.184 -119.173    652.3    936.8
     1     1    17     8    14    14     0     0    -4.0   46.091 -119.117    652.1    937.2
     1     1    17     8    14    13     0     0    -5.0   45.995 -119.075    655.2    937.0
     1     1    17     8    14    12     0     0    -6.0   45.889 -119.037    658.7    935.7
     1     1    17     8    14    11     0     0    -7.0   45.787 -118.976    636.2    938.9
     1     1    17     8    14    10     0     0    -8.0   45.685 -118.915    611.6    942.3
     1     1    17     8    14     9     0     0    -9.0   45.584 -118.878    602.9    942.1
     1     1    17     8    14     8     0     0   -10.0   45.479 -118.899    584.0    945.3
     1     1    17     8    14     7     0     0   -11.0   45.389 -118.926    589.0    944.0
