     1     1
    SITE    10     3     1     0     0
     1 BACKWARD OMEGA   
    17     8    15    20   46.392 -119.412   700.0
     1 PRESSURE
     1     1    17     8    15    20     0     0     0.0   46.392 -119.412    700.0    931.4
     1     1    17     8    15    19     0     0    -1.0   46.317 -119.408    716.7    929.5
     1     1    17     8    15    18     0     0    -2.0   46.236 -119.370    710.8    929.6
     1     1    17     8    15    17     0     0    -3.0   46.148 -119.321    709.9    930.9
     1     1    17     8    15    16     0     0    -4.0   46.085 -119.255    733.1    927.4
     1     1    17     8    15    15     0     0    -5.0   46.024 -119.207    752.4    926.0
     1     1    17     8    15    14     0     0    -6.0   45.944 -119.188    759.0    923.6
     1     1    17     8    15    13     0     0    -7.0   45.864 -119.195    750.9    926.3
     1     1    17     8    15    12     0     0    -8.0   45.784 -119.229    762.9    924.3
     1     1    17     8    15    11     0     0    -9.0   45.719 -119.218    779.3    922.6
     1     1    17     8    15    10     0     0   -10.0   45.687 -119.249    785.6    921.0
     1     1    17     8    15     9     0     0   -11.0   45.662 -119.289    765.0    924.2
     1     1    17     8    15     8     0     0   -12.0   45.628 -119.301    757.8    925.6
     1     1    17     8    15     7     0     0   -13.0   45.598 -119.324    755.9    924.8
     1     1    17     8    15     6     0     0   -14.0   45.591 -119.333    752.4    925.5
     1     1    17     8    15     5     0     0   -15.0   45.585 -119.342    750.7    925.8
     1     1    17     8    15     4     0     0   -16.0   45.556 -119.346    753.4    925.0
     1     1    17     8    15     3     0     0   -17.0   45.548 -119.374    754.8    925.2
     1     1    17     8    15     2     0     0   -18.0   45.540 -119.373    753.3    925.9
     1     1    17     8    15     1     0     0   -19.0   45.535 -119.374    750.1    925.6
     1     1    17     8    15     0     0     0   -20.0   45.545 -119.427    752.3    925.0
     1     1    17     8    14    23     0     0   -21.0   45.550 -119.484    755.7    925.5
     1     1    17     8    14    22     0     0   -22.0   45.538 -119.546    755.6    924.0
     1     1    17     8    14    21     0     0   -23.0   45.495 -119.592    741.2    925.8
     1     1    17     8    14    20     0     0   -24.0   45.437 -119.594    723.7    929.5
     1     1    17     8    14    19     0     0   -25.0   45.371 -119.555    717.7    929.3
