     1     1
    SITE    10     3     1     0     0
     1 BACKWARD OMEGA   
    17     8     5     3   46.392 -119.412   700.0
     1 PRESSURE
     1     1    17     8     5     3     0     0     0.0   46.392 -119.412    700.0    931.4
     1     1    17     8     5     2     0     0    -1.0   46.315 -119.384    703.2    931.0
     1     1    17     8     5     1     0     0    -2.0   46.240 -119.362    695.9    931.9
     1     1    17     8     5     0     0     0    -3.0   46.186 -119.304    696.0    932.4
     1     1    17     8     4    23     0     0    -4.0   46.128 -119.257    697.4    930.0
     1     1    17     8     4    22     0     0    -5.0   46.133 -119.282    701.0    931.3
     1     1    17     8     4    21     0     0    -6.0   46.213 -119.325    715.2    929.6
     1     1    17     8     4    20     0     0    -7.0   46.280 -119.356    726.7    928.3
     1     1    17     8     4    19     0     0    -8.0   46.296 -119.414    727.4    928.0
     1     1    17     8     4    18     0     0    -9.0   46.321 -119.428    739.5    928.7
     1     1    17     8     4    17     0     0   -10.0   46.393 -119.346    733.0    927.5
     1     1    17     8     4    16     0     0   -11.0   46.426 -119.330    727.5    928.3
     1     1    17     8     4    15     0     0   -12.0   46.456 -119.394    730.3    928.7
     1     1    17     8     4    14     0     0   -13.0   46.468 -119.479    735.4    927.4
     1     1    17     8     4    13     0     0   -14.0   46.418 -119.565    731.5    927.5
     1     1    17     8     4    12     0     0   -15.0   46.398 -119.645    729.8    929.2
     1     1    17     8     4    11     0     0   -16.0   46.393 -119.745    748.9    927.1
     1     1    17     8     4    10     0     0   -17.0   46.360 -119.899    758.9    925.0
     1     1    17     8     4     9     0     0   -18.0   46.368 -120.059    759.7    923.0
     1     1    17     8     4     8     0     0   -19.0   46.395 -120.143    728.7    928.7
     1     1    17     8     4     7     0     0   -20.0   46.396 -120.191    721.1    929.7
     1     1    17     8     4     6     0     0   -21.0   46.402 -120.229    714.9    928.9
     1     1    17     8     4     5     0     0   -22.0   46.385 -120.282    704.7    930.7
     1     1    17     8     4     4     0     0   -23.0   46.322 -120.275    692.4    931.9
     1     1    17     8     4     3     0     0   -24.0   46.274 -120.205    681.9    933.9
     1     1    17     8     4     2     0     0   -25.0   46.241 -120.191    680.8    933.7
     1     1    17     8     4     1     0     0   -26.0   46.189 -120.191    688.7    932.7
     1     1    17     8     4     0     0     0   -27.0   46.136 -120.164    697.4    931.3
     1     1    17     8     3    23     0     0   -28.0   46.108 -120.133    697.6    930.9
     1     1    17     8     3    22     0     0   -29.0   46.099 -120.073    689.1    932.9
     1     1    17     8     3    21     0     0   -30.0   46.058 -120.028    689.8    933.8
     1     1    17     8     3    20     0     0   -31.0   45.982 -120.033    681.4    933.9
     1     1    17     8     3    19     0     0   -32.0   45.914 -120.060    690.4    932.6
     1     1    17     8     3    18     0     0   -33.0   45.847 -120.070    693.8    932.2
     1     1    17     8     3    17     0     0   -34.0   45.758 -120.015    703.3    931.9
     1     1    17     8     3    16     0     0   -35.0   45.679 -119.894    694.3    931.6
     1     1    17     8     3    15     0     0   -36.0   45.634 -119.753    681.8    933.8
     1     1    17     8     3    14     0     0   -37.0   45.587 -119.633    694.6    932.5
     1     1    17     8     3    13     0     0   -38.0   45.526 -119.610    708.3    930.3
     1     1    17     8     3    12     0     0   -39.0   45.483 -119.697    696.5    929.3
     1     1    17     8     3    11     0     0   -40.0   45.526 -119.768    684.3    933.0
     1     1    17     8     3    10     0     0   -41.0   45.620 -119.806    694.4    930.7
     1     1    17     8     3     9     0     0   -42.0   45.658 -119.886    681.2    934.1
     1     1    17     8     3     8     0     0   -43.0   45.638 -119.928    682.0    933.5
     1     1    17     8     3     7     0     0   -44.0   45.605 -119.925    686.9    933.7
     1     1    17     8     3     6     0     0   -45.0   45.571 -119.933    689.1    931.6
     1     1    17     8     3     5     0     0   -46.0   45.536 -119.960    690.8    933.5
     1     1    17     8     3     4     0     0   -47.0   45.522 -120.005    694.0    931.4
     1     1    17     8     3     3     0     0   -48.0   45.526 -120.064    688.6    932.4
     1     1    17     8     3     2     0     0   -49.0   45.534 -120.133    689.2    933.8
     1     1    17     8     3     1     0     0   -50.0   45.542 -120.196    691.1    931.6
     1     1    17     8     3     0     0     0   -51.0   45.532 -120.247    689.5    933.0
     1     1    17     8     2    23     0     0   -52.0   45.522 -120.300    689.5    932.6
     1     1    17     8     2    22     0     0   -53.0   45.539 -120.358    689.9    932.9
     1     1    17     8     2    21     0     0   -54.0   45.554 -120.428    701.6    932.3
     1     1    17     8     2    20     0     0   -55.0   45.583 -120.503    709.2    929.0
     1     1    17     8     2    19     0     0   -56.0   45.647 -120.563    707.1    929.1
     1     1    17     8     2    18     0     0   -57.0   45.678 -120.675    716.4    930.3
     1     1    17     8     2    17     0     0   -58.0   45.607 -120.754    734.5    926.6
     1     1    17     8     2    16     0     0   -59.0   45.598 -120.725    755.8    926.5
     1     1    17     8     2    15     0     0   -60.0   45.598 -120.707    759.6    923.7
     1     1    17     8     2    14     0     0   -61.0   45.462 -120.704    737.5    926.7
