     1     1
    SITE    10     3     1     0     0
     1 BACKWARD OMEGA   
    17     8    10     9   46.392 -119.412   700.0
     1 PRESSURE
     1     1    17     8    10     9     0     0     0.0   46.392 -119.412    700.0    931.4
     1     1    17     8    10     8     0     0    -1.0   46.329 -119.370    699.1    931.6
     1     1    17     8    10     7     0     0    -2.0   46.264 -119.345    708.8    929.9
     1     1    17     8    10     6     0     0    -3.0   46.224 -119.320    704.6    930.8
     1     1    17     8    10     5     0     0    -4.0   46.203 -119.320    696.9    931.7
     1     1    17     8    10     4     0     0    -5.0   46.179 -119.339    696.0    932.3
     1     1    17     8    10     3     0     0    -6.0   46.135 -119.330    703.4    931.9
     1     1    17     8    10     2     0     0    -7.0   46.108 -119.353    713.2    929.1
     1     1    17     8    10     1     0     0    -8.0   46.103 -119.405    716.9    929.4
     1     1    17     8    10     0     0     0    -9.0   46.069 -119.434    718.4    929.1
     1     1    17     8     9    23     0     0   -10.0   46.037 -119.486    712.4    927.8
     1     1    17     8     9    22     0     0   -11.0   45.995 -119.518    704.3    933.2
     1     1    17     8     9    21     0     0   -12.0   45.951 -119.528    713.2    929.5
     1     1    17     8     9    20     0     0   -13.0   45.941 -119.582    710.6    930.4
     1     1    17     8     9    19     0     0   -14.0   45.903 -119.615    718.0    930.0
     1     1    17     8     9    18     0     0   -15.0   45.891 -119.565    717.3    929.7
     1     1    17     8     9    17     0     0   -16.0   45.940 -119.450    727.3    928.8
     1     1    17     8     9    16     0     0   -17.0   45.985 -119.324    752.0    925.0
     1     1    17     8     9    15     0     0   -18.0   45.994 -119.209    749.4    925.2
     1     1    17     8     9    14     0     0   -19.0   45.948 -119.145    742.4    927.2
     1     1    17     8     9    13     0     0   -20.0   45.869 -119.134    750.8    925.0
     1     1    17     8     9    12     0     0   -21.0   45.797 -119.090    743.3    926.7
     1     1    17     8     9    11     0     0   -22.0   45.740 -119.042    743.5    926.1
     1     1    17     8     9    10     0     0   -23.0   45.692 -119.017    747.3    927.4
     1     1    17     8     9     9     0     0   -24.0   45.645 -118.995    759.8    924.2
     1     1    17     8     9     8     0     0   -25.0   45.589 -118.981    767.2    923.5
     1     1    17     8     9     7     0     0   -26.0   45.526 -118.959    766.0    923.1
     1     1    17     8     9     6     0     0   -27.0   45.482 -118.936    761.6    924.8
     1     1    17     8     9     5     0     0   -28.0   45.464 -118.950    760.4    924.5
     1     1    17     8     9     4     0     0   -29.0   45.441 -118.976    762.1    924.8
     1     1    17     8     9     3     0     0   -30.0   45.413 -119.006    766.6    923.8
     1     1    17     8     9     2     0     0   -31.0   45.405 -119.053    766.1    923.3
     1     1    17     8     9     1     0     0   -32.0   45.386 -119.079    757.8    924.6
