     1     1
    SITE    10     3     1     0     0
     1 BACKWARD OMEGA   
    17     8    22     9   46.392 -119.412   700.0
     1 PRESSURE
     1     1    17     8    22     9     0     0     0.0   46.392 -119.412    700.0    931.4
     1     1    17     8    22     8     0     0    -1.0   46.322 -119.384    686.4    933.0
     1     1    17     8    22     7     0     0    -2.0   46.263 -119.360    678.2    934.3
     1     1    17     8    22     6     0     0    -3.0   46.233 -119.350    680.5    933.8
     1     1    17     8    22     5     0     0    -4.0   46.236 -119.362    678.9    933.3
     1     1    17     8    22     4     0     0    -5.0   46.253 -119.389    677.5    934.4
     1     1    17     8    22     3     0     0    -6.0   46.281 -119.410    680.8    933.9
     1     1    17     8    22     2     0     0    -7.0   46.290 -119.430    682.2    933.6
     1     1    17     8    22     1     0     0    -8.0   46.280 -119.469    681.7    933.0
     1     1    17     8    22     0     0     0    -9.0   46.269 -119.479    675.9    934.2
     1     1    17     8    21    23     0     0   -10.0   46.246 -119.455    674.1    934.5
     1     1    17     8    21    22     0     0   -11.0   46.221 -119.447    672.4    934.5
     1     1    17     8    21    21     0     0   -12.0   46.235 -119.461    663.2    935.0
     1     1    17     8    21    20     0     0   -13.0   46.302 -119.513    658.6    936.8
     1     1    17     8    21    19     0     0   -14.0   46.378 -119.599    665.7    935.9
     1     1    17     8    21    18     0     0   -15.0   46.455 -119.670    682.3    932.9
     1     1    17     8    21    17     0     0   -16.0   46.489 -119.753    666.4    935.3
     1     1    17     8    21    16     0     0   -17.0   46.464 -119.784    660.3    936.7
     1     1    17     8    21    15     0     0   -18.0   46.441 -119.709    673.6    935.1
     1     1    17     8    21    14     0     0   -19.0   46.470 -119.631    688.8    931.5
     1     1    17     8    21    13     0     0   -20.0   46.535 -119.559    698.3    932.0
     1     1    17     8    21    12     0     0   -21.0   46.562 -119.456    688.6    930.1
     1     1    17     8    21    11     0     0   -22.0   46.605 -119.408    665.5    936.1
     1     1    17     8    21    10     0     0   -23.0   46.686 -119.409    669.3    935.4
     1     1    17     8    21     9     0     0   -24.0   46.709 -119.355    675.1    934.1
     1     1    17     8    21     8     0     0   -25.0   46.682 -119.301    669.5    934.7
     1     1    17     8    21     7     0     0   -26.0   46.652 -119.263    664.6    935.6
     1     1    17     8    21     6     0     0   -27.0   46.635 -119.222    662.4    936.1
     1     1    17     8    21     5     0     0   -28.0   46.624 -119.202    662.0    936.0
     1     1    17     8    21     4     0     0   -29.0   46.611 -119.186    658.6    936.0
     1     1    17     8    21     3     0     0   -30.0   46.597 -119.184    651.0    937.2
     1     1    17     8    21     2     0     0   -31.0   46.575 -119.218    646.9    937.9
     1     1    17     8    21     1     0     0   -32.0   46.547 -119.231    646.5    938.1
     1     1    17     8    21     0     0     0   -33.0   46.519 -119.259    649.5    937.7
     1     1    17     8    20    23     0     0   -34.0   46.542 -119.311    648.7    937.9
     1     1    17     8    20    22     0     0   -35.0   46.609 -119.346    650.1    937.8
     1     1    17     8    20    21     0     0   -36.0   46.630 -119.380    654.1    935.8
     1     1    17     8    20    20     0     0   -37.0   46.598 -119.414    651.0    937.9
     1     1    17     8    20    19     0     0   -38.0   46.550 -119.432    651.6    937.0
     1     1    17     8    20    18     0     0   -39.0   46.510 -119.380    660.7    937.1
     1     1    17     8    20    17     0     0   -40.0   46.477 -119.264    665.9    935.3
     1     1    17     8    20    16     0     0   -41.0   46.415 -119.181    672.1    935.1
     1     1    17     8    20    15     0     0   -42.0   46.328 -119.155    703.1    931.2
     1     1    17     8    20    14     0     0   -43.0   46.246 -119.137    734.9    927.1
     1     1    17     8    20    13     0     0   -44.0   46.182 -119.069    731.5    927.5
     1     1    17     8    20    12     0     0   -45.0   46.101 -119.026    711.0    929.8
     1     1    17     8    20    11     0     0   -46.0   45.997 -119.021    710.2    929.6
     1     1    17     8    20    10     0     0   -47.0   45.928 -119.027    706.2    930.7
     1     1    17     8    20     9     0     0   -48.0   45.872 -119.061    711.7    930.5
     1     1    17     8    20     8     0     0   -49.0   45.809 -119.089    729.0    927.6
     1     1    17     8    20     7     0     0   -50.0   45.742 -119.083    737.7    927.5
     1     1    17     8    20     6     0     0   -51.0   45.656 -119.027    738.4    927.1
     1     1    17     8    20     5     0     0   -52.0   45.562 -119.005    736.3    927.1
     1     1    17     8    20     4     0     0   -53.0   45.478 -119.010    721.1    928.7
     1     1    17     8    20     3     0     0   -54.0   45.404 -119.008    706.9    930.9
