     1     1
    SITE    10     3     1     0     0
     1 BACKWARD OMEGA   
    17     8    12    22   46.392 -119.412   700.0
     1 PRESSURE
     1     1    17     8    12    22     0     0     0.0   46.392 -119.412    700.0    931.4
     1     1    17     8    12    21     0     0    -1.0   46.397 -119.560    746.0    926.1
     1     1    17     8    12    20     0     0    -2.0   46.404 -119.742    778.3    923.0
     1     1    17     8    12    19     0     0    -3.0   46.342 -119.795    808.7    918.9
     1     1    17     8    12    18     0     0    -4.0   46.255 -119.700    812.4    918.7
     1     1    17     8    12    17     0     0    -5.0   46.142 -119.619    784.3    922.7
     1     1    17     8    12    16     0     0    -6.0   45.996 -119.552    790.7    921.1
     1     1    17     8    12    15     0     0    -7.0   45.848 -119.477    784.3    921.1
     1     1    17     8    12    14     0     0    -8.0   45.716 -119.423    763.7    923.7
     1     1    17     8    12    13     0     0    -9.0   45.592 -119.413    746.1    925.6
     1     1    17     8    12    12     0     0   -10.0   45.468 -119.445    730.2    929.2
     1     1    17     8    12    11     0     0   -11.0   45.341 -119.485    739.3    926.7
