     1     1
    SITE    10     3     1     0     0
     1 BACKWARD OMEGA   
    17     8    12    14   46.392 -119.412   700.0
     1 PRESSURE
     1     1    17     8    12    14     0     0     0.0   46.392 -119.412    700.0    931.4
     1     1    17     8    12    13     0     0    -1.0   46.266 -119.403    685.0    933.2
     1     1    17     8    12    12     0     0    -2.0   46.140 -119.433    678.6    934.4
     1     1    17     8    12    11     0     0    -3.0   46.016 -119.475    686.8    932.8
     1     1    17     8    12    10     0     0    -4.0   45.867 -119.518    701.0    930.7
     1     1    17     8    12     9     0     0    -5.0   45.735 -119.455    679.4    934.0
     1     1    17     8    12     8     0     0    -6.0   45.622 -119.401    654.9    938.1
     1     1    17     8    12     7     0     0    -7.0   45.525 -119.466    675.1    933.5
     1     1    17     8    12     6     0     0    -8.0   45.474 -119.560    671.1    934.8
     1     1    17     8    12     5     0     0    -9.0   45.405 -119.559    655.2    936.3
