     1     1
    SITE    10     3     1     0     0
     1 BACKWARD OMEGA   
    17     8     5     2   46.392 -119.412   700.0
     1 PRESSURE
     1     1    17     8     5     2     0     0     0.0   46.392 -119.412    700.0    931.4
     1     1    17     8     5     1     0     0    -1.0   46.316 -119.390    695.7    931.9
     1     1    17     8     5     0     0     0    -2.0   46.263 -119.332    674.4    934.4
     1     1    17     8     4    23     0     0    -3.0   46.206 -119.286    655.1    937.7
     1     1    17     8     4    22     0     0    -4.0   46.213 -119.313    654.5    937.3
     1     1    17     8     4    21     0     0    -5.0   46.295 -119.358    665.1    935.0
     1     1    17     8     4    20     0     0    -6.0   46.363 -119.388    669.9    935.0
     1     1    17     8     4    19     0     0    -7.0   46.379 -119.446    676.0    934.3
     1     1    17     8     4    18     0     0    -8.0   46.404 -119.461    681.4    933.5
     1     1    17     8     4    17     0     0    -9.0   46.476 -119.375    683.0    933.8
     1     1    17     8     4    16     0     0   -10.0   46.509 -119.356    695.0    931.7
     1     1    17     8     4    15     0     0   -11.0   46.538 -119.421    697.9    931.5
     1     1    17     8     4    14     0     0   -12.0   46.551 -119.505    698.2    930.7
     1     1    17     8     4    13     0     0   -13.0   46.500 -119.593    691.8    932.6
     1     1    17     8     4    12     0     0   -14.0   46.480 -119.671    692.0    932.0
     1     1    17     8     4    11     0     0   -15.0   46.476 -119.767    691.2    933.3
     1     1    17     8     4    10     0     0   -16.0   46.443 -119.921    727.3    928.8
     1     1    17     8     4     9     0     0   -17.0   46.451 -120.079    750.4    924.9
     1     1    17     8     4     8     0     0   -18.0   46.478 -120.163    751.8    925.7
     1     1    17     8     4     7     0     0   -19.0   46.479 -120.211    751.2    924.8
     1     1    17     8     4     6     0     0   -20.0   46.486 -120.250    753.5    926.5
     1     1    17     8     4     5     0     0   -21.0   46.469 -120.305    756.1    923.8
     1     1    17     8     4     4     0     0   -22.0   46.406 -120.300    731.9    927.0
     1     1    17     8     4     3     0     0   -23.0   46.359 -120.228    720.2    929.5
     1     1    17     8     4     2     0     0   -24.0   46.326 -120.213    715.8    928.9
     1     1    17     8     4     1     0     0   -25.0   46.276 -120.212    709.3    931.0
     1     1    17     8     4     0     0     0   -26.0   46.224 -120.183    721.4    930.3
     1     1    17     8     3    23     0     0   -27.0   46.195 -120.152    730.6    926.0
     1     1    17     8     3    22     0     0   -28.0   46.186 -120.092    726.9    928.4
     1     1    17     8     3    21     0     0   -29.0   46.145 -120.046    718.7    928.4
     1     1    17     8     3    20     0     0   -30.0   46.068 -120.051    720.7    929.2
     1     1    17     8     3    19     0     0   -31.0   46.000 -120.080    740.0    926.8
     1     1    17     8     3    18     0     0   -32.0   45.932 -120.089    755.2    925.0
     1     1    17     8     3    17     0     0   -33.0   45.845 -120.033    740.2    926.6
     1     1    17     8     3    16     0     0   -34.0   45.768 -119.917    723.0    928.9
     1     1    17     8     3    15     0     0   -35.0   45.723 -119.777    696.5    931.9
     1     1    17     8     3    14     0     0   -36.0   45.675 -119.657    694.8    932.7
     1     1    17     8     3    13     0     0   -37.0   45.614 -119.634    711.5    929.9
     1     1    17     8     3    12     0     0   -38.0   45.571 -119.723    702.7    929.6
     1     1    17     8     3    11     0     0   -39.0   45.613 -119.796    728.5    928.6
     1     1    17     8     3    10     0     0   -40.0   45.709 -119.834    729.8    927.1
     1     1    17     8     3     9     0     0   -41.0   45.746 -119.914    724.6    929.1
     1     1    17     8     3     8     0     0   -42.0   45.725 -119.957    736.1    927.0
     1     1    17     8     3     7     0     0   -43.0   45.690 -119.955    746.0    926.5
     1     1    17     8     3     6     0     0   -44.0   45.655 -119.963    748.0    925.0
     1     1    17     8     3     5     0     0   -45.0   45.622 -119.990    744.8    926.6
     1     1    17     8     3     4     0     0   -46.0   45.608 -120.036    737.4    926.4
     1     1    17     8     3     3     0     0   -47.0   45.614 -120.095    734.5    928.7
     1     1    17     8     3     2     0     0   -48.0   45.622 -120.164    740.8    926.8
     1     1    17     8     3     1     0     0   -49.0   45.630 -120.226    747.9    926.0
     1     1    17     8     3     0     0     0   -50.0   45.620 -120.276    754.6    925.2
     1     1    17     8     2    23     0     0   -51.0   45.610 -120.328    753.7    924.6
     1     1    17     8     2    22     0     0   -52.0   45.628 -120.385    748.9    925.7
     1     1    17     8     2    21     0     0   -53.0   45.645 -120.457    752.3    926.6
     1     1    17     8     2    20     0     0   -54.0   45.675 -120.535    775.6    923.7
     1     1    17     8     2    19     0     0   -55.0   45.739 -120.594    787.9    919.2
     1     1    17     8     2    18     0     0   -56.0   45.772 -120.708    786.3    922.4
     1     1    17     8     2    17     0     0   -57.0   45.700 -120.789    796.7    919.4
     1     1    17     8     2    16     0     0   -58.0   45.691 -120.759    797.8    920.3
     1     1    17     8     2    15     0     0   -59.0   45.692 -120.740    811.8    919.1
     1     1    17     8     2    14     0     0   -60.0   45.559 -120.742    805.0    918.9
     1     1    17     8     2    13     0     0   -61.0   45.406 -120.741    771.8    924.0
