     1     1
    SITE    10     3     1     0     0
     1 BACKWARD OMEGA   
    17     8    11     7   46.392 -119.412   700.0
     1 PRESSURE
     1     1    17     8    11     7     0     0     0.0   46.392 -119.412    700.0    931.4
     1     1    17     8    11     6     0     0    -1.0   46.370 -119.439    697.8    931.7
     1     1    17     8    11     5     0     0    -2.0   46.329 -119.441    702.2    930.8
     1     1    17     8    11     4     0     0    -3.0   46.287 -119.477    701.6    931.1
     1     1    17     8    11     3     0     0    -4.0   46.271 -119.478    703.9    931.0
     1     1    17     8    11     2     0     0    -5.0   46.255 -119.456    701.2    931.3
     1     1    17     8    11     1     0     0    -6.0   46.207 -119.443    708.7    931.7
     1     1    17     8    11     0     0     0    -7.0   46.155 -119.442    716.2    927.8
     1     1    17     8    10    23     0     0    -8.0   46.117 -119.502    713.0    930.1
     1     1    17     8    10    22     0     0    -9.0   46.145 -119.569    720.7    929.6
     1     1    17     8    10    21     0     0   -10.0   46.172 -119.613    728.7    928.3
     1     1    17     8    10    20     0     0   -11.0   46.143 -119.656    732.9    926.9
     1     1    17     8    10    19     0     0   -12.0   46.118 -119.699    725.2    927.8
     1     1    17     8    10    18     0     0   -13.0   46.071 -119.720    715.3    930.2
     1     1    17     8    10    17     0     0   -14.0   46.033 -119.669    709.4    931.1
     1     1    17     8    10    16     0     0   -15.0   46.028 -119.570    731.6    928.6
     1     1    17     8    10    15     0     0   -16.0   46.032 -119.469    739.8    926.0
     1     1    17     8    10    14     0     0   -17.0   46.046 -119.367    731.3    928.7
     1     1    17     8    10    13     0     0   -18.0   46.044 -119.263    748.2    925.9
     1     1    17     8    10    12     0     0   -19.0   46.015 -119.186    756.7    924.4
     1     1    17     8    10    11     0     0   -20.0   45.969 -119.155    759.3    925.3
     1     1    17     8    10    10     0     0   -21.0   45.919 -119.141    774.9    923.6
     1     1    17     8    10     9     0     0   -22.0   45.869 -119.112    790.7    920.5
     1     1    17     8    10     8     0     0   -23.0   45.807 -119.071    800.9    920.3
     1     1    17     8    10     7     0     0   -24.0   45.741 -119.046    804.3    919.0
     1     1    17     8    10     6     0     0   -25.0   45.699 -119.022    796.9    921.5
     1     1    17     8    10     5     0     0   -26.0   45.677 -119.023    793.2    920.6
     1     1    17     8    10     4     0     0   -27.0   45.653 -119.041    798.0    920.7
     1     1    17     8    10     3     0     0   -28.0   45.610 -119.033    798.0    919.6
     1     1    17     8    10     2     0     0   -29.0   45.582 -119.057    790.2    921.0
     1     1    17     8    10     1     0     0   -30.0   45.576 -119.109    782.5    922.4
     1     1    17     8    10     0     0     0   -31.0   45.543 -119.136    774.5    922.2
     1     1    17     8     9    23     0     0   -32.0   45.511 -119.188    768.0    923.9
     1     1    17     8     9    22     0     0   -33.0   45.470 -119.222    759.3    924.3
     1     1    17     8     9    21     0     0   -34.0   45.426 -119.232    753.2    925.6
     1     1    17     8     9    20     0     0   -35.0   45.416 -119.285    757.2    924.9
     1     1    17     8     9    19     0     0   -36.0   45.377 -119.317    756.5    924.5
