     1     1
    SITE    10     3     1     0     0
     1 BACKWARD OMEGA   
    17     8     9     2   46.392 -119.412   700.0
     1 PRESSURE
     1     1    17     8     9     2     0     0     0.0   46.392 -119.412    700.0    931.4
     1     1    17     8     9     1     0     0    -1.0   46.373 -119.438    707.9    930.5
     1     1    17     8     9     0     0     0    -2.0   46.349 -119.480    703.4    930.8
     1     1    17     8     8    23     0     0    -3.0   46.338 -119.538    698.4    932.1
     1     1    17     8     8    22     0     0    -4.0   46.312 -119.592    679.4    932.0
     1     1    17     8     8    21     0     0    -5.0   46.289 -119.634    662.7    937.9
     1     1    17     8     8    20     0     0    -6.0   46.273 -119.664    661.5    935.9
     1     1    17     8     8    19     0     0    -7.0   46.247 -119.704    657.2    936.3
     1     1    17     8     8    18     0     0    -8.0   46.215 -119.689    664.0    937.0
     1     1    17     8     8    17     0     0    -9.0   46.211 -119.608    662.4    937.0
     1     1    17     8     8    16     0     0   -10.0   46.208 -119.519    666.0    935.1
     1     1    17     8     8    15     0     0   -11.0   46.196 -119.408    666.5    935.3
     1     1    17     8     8    14     0     0   -12.0   46.168 -119.291    671.3    934.8
     1     1    17     8     8    13     0     0   -13.0   46.104 -119.193    662.6    935.6
     1     1    17     8     8    12     0     0   -14.0   46.022 -119.126    665.6    935.9
     1     1    17     8     8    11     0     0   -15.0   45.955 -119.080    670.0    935.0
     1     1    17     8     8    10     0     0   -16.0   45.905 -119.068    662.2    935.8
     1     1    17     8     8     9     0     0   -17.0   45.868 -119.097    655.4    937.3
     1     1    17     8     8     8     0     0   -18.0   45.837 -119.097    654.0    937.2
     1     1    17     8     8     7     0     0   -19.0   45.797 -119.050    646.3    937.2
     1     1    17     8     8     6     0     0   -20.0   45.761 -119.027    641.9    939.4
     1     1    17     8     8     5     0     0   -21.0   45.749 -119.049    649.4    937.5
     1     1    17     8     8     4     0     0   -22.0   45.741 -119.044    655.5    936.7
     1     1    17     8     8     3     0     0   -23.0   45.705 -119.004    652.5    936.1
     1     1    17     8     8     2     0     0   -24.0   45.668 -118.986    643.9    938.8
     1     1    17     8     8     1     0     0   -25.0   45.651 -118.957    644.4    938.6
     1     1    17     8     8     0     0     0   -26.0   45.619 -118.949    641.4    937.5
     1     1    17     8     7    23     0     0   -27.0   45.570 -118.975    644.9    938.7
     1     1    17     8     7    22     0     0   -28.0   45.586 -118.990    655.1    936.8
     1     1    17     8     7    21     0     0   -29.0   45.606 -119.030    659.4    936.1
     1     1    17     8     7    20     0     0   -30.0   45.564 -119.077    669.3    935.9
     1     1    17     8     7    19     0     0   -31.0   45.512 -119.103    674.7    933.4
     1     1    17     8     7    18     0     0   -32.0   45.458 -119.105    676.5    934.8
     1     1    17     8     7    17     0     0   -33.0   45.393 -119.085    674.2    933.7
