     1     1
    SITE    10     3     1     0     0
     1 BACKWARD OMEGA   
    17     8    14    16   46.392 -119.412   700.0
     1 PRESSURE
     1     1    17     8    14    16     0     0     0.0   46.392 -119.412    700.0    931.4
     1     1    17     8    14    15     0     0    -1.0   46.306 -119.362    691.7    932.3
     1     1    17     8    14    14     0     0    -2.0   46.213 -119.303    668.0    935.1
     1     1    17     8    14    13     0     0    -3.0   46.116 -119.265    661.4    935.2
     1     1    17     8    14    12     0     0    -4.0   46.010 -119.225    634.3    939.4
     1     1    17     8    14    11     0     0    -5.0   45.906 -119.161    658.9    937.2
     1     1    17     8    14    10     0     0    -6.0   45.806 -119.104    679.1    933.1
     1     1    17     8    14     9     0     0    -7.0   45.704 -119.068    674.2    935.2
     1     1    17     8    14     8     0     0    -8.0   45.601 -119.092    692.1    932.6
     1     1    17     8    14     7     0     0    -9.0   45.513 -119.119    707.6    929.6
     1     1    17     8    14     6     0     0   -10.0   45.466 -119.124    700.1    931.5
     1     1    17     8    14     5     0     0   -11.0   45.454 -119.136    695.0    931.9
     1     1    17     8    14     4     0     0   -12.0   45.422 -119.162    689.1    932.5
     1     1    17     8    14     3     0     0   -13.0   45.357 -119.171    678.6    932.2
