     1     1
    SITE    10     3     1     0     0
     1 BACKWARD OMEGA   
    17     8    11     0   46.392 -119.412   700.0
     1 PRESSURE
     1     1    17     8    11     0     0     0     0.0   46.392 -119.412    700.0    931.4
     1     1    17     8    10    23     0     0    -1.0   46.353 -119.471    702.9    931.1
     1     1    17     8    10    22     0     0    -2.0   46.377 -119.538    700.1    930.6
     1     1    17     8    10    21     0     0    -3.0   46.405 -119.580    698.7    931.4
     1     1    17     8    10    20     0     0    -4.0   46.376 -119.625    686.0    933.1
     1     1    17     8    10    19     0     0    -5.0   46.351 -119.669    674.6    934.6
     1     1    17     8    10    18     0     0    -6.0   46.303 -119.689    668.0    935.5
     1     1    17     8    10    17     0     0    -7.0   46.263 -119.637    673.5    933.8
     1     1    17     8    10    16     0     0    -8.0   46.256 -119.537    676.2    935.8
     1     1    17     8    10    15     0     0    -9.0   46.261 -119.432    683.2    933.1
     1     1    17     8    10    14     0     0   -10.0   46.275 -119.330    683.0    933.3
     1     1    17     8    10    13     0     0   -11.0   46.273 -119.228    663.7    935.2
     1     1    17     8    10    12     0     0   -12.0   46.245 -119.150    649.6    938.1
     1     1    17     8    10    11     0     0   -13.0   46.201 -119.119    647.0    936.4
     1     1    17     8    10    10     0     0   -14.0   46.150 -119.104    631.8    939.8
     1     1    17     8    10     9     0     0   -15.0   46.100 -119.075    621.2    941.0
     1     1    17     8    10     8     0     0   -16.0   46.038 -119.036    605.1    941.8
     1     1    17     8    10     7     0     0   -17.0   45.971 -119.015    599.4    943.3
     1     1    17     8    10     6     0     0   -18.0   45.929 -118.989    606.2    942.2
     1     1    17     8    10     5     0     0   -19.0   45.908 -118.989    611.6    941.5
     1     1    17     8    10     4     0     0   -20.0   45.884 -119.008    620.6    940.9
     1     1    17     8    10     3     0     0   -21.0   45.842 -119.001    618.1    939.6
     1     1    17     8    10     2     0     0   -22.0   45.814 -119.027    616.3    942.5
     1     1    17     8    10     1     0     0   -23.0   45.808 -119.078    619.4    940.5
     1     1    17     8    10     0     0     0   -24.0   45.775 -119.106    614.5    940.9
     1     1    17     8     9    23     0     0   -25.0   45.745 -119.161    609.8    942.7
     1     1    17     8     9    22     0     0   -26.0   45.704 -119.196    612.6    940.4
     1     1    17     8     9    21     0     0   -27.0   45.659 -119.205    607.2    942.1
     1     1    17     8     9    20     0     0   -28.0   45.649 -119.257    602.4    943.0
     1     1    17     8     9    19     0     0   -29.0   45.610 -119.289    600.6    943.1
     1     1    17     8     9    18     0     0   -30.0   45.596 -119.237    588.4    944.3
     1     1    17     8     9    17     0     0   -31.0   45.645 -119.119    583.0    944.6
     1     1    17     8     9    16     0     0   -32.0   45.691 -118.993    570.8    945.6
     1     1    17     8     9    15     0     0   -33.0   45.701 -118.876    553.5    947.8
     1     1    17     8     9    14     0     0   -34.0   45.657 -118.811    557.1    947.8
     1     1    17     8     9    13     0     0   -35.0   45.581 -118.800    557.8    947.1
     1     1    17     8     9    12     0     0   -36.0   45.510 -118.758    550.3    948.8
     1     1    17     8     9    11     0     0   -37.0   45.450 -118.713    561.1    946.8
     1     1    17     8     9    10     0     0   -38.0   45.402 -118.689    565.6    946.5
     1     1    17     8     9     9     0     0   -39.0   45.356 -118.667    554.7    946.8
