     1     1
    SITE    10     3     1     0     0
     1 BACKWARD OMEGA   
    17     8     3    23   46.392 -119.412   700.0
     1 PRESSURE
     1     1    17     8     3    23     0     0     0.0   46.392 -119.412    700.0    931.4
     1     1    17     8     3    22     0     0    -1.0   46.382 -119.351    684.7    933.2
     1     1    17     8     3    21     0     0    -2.0   46.341 -119.309    662.7    936.0
     1     1    17     8     3    20     0     0    -3.0   46.266 -119.315    648.3    937.7
     1     1    17     8     3    19     0     0    -4.0   46.198 -119.343    638.3    938.6
     1     1    17     8     3    18     0     0    -5.0   46.130 -119.354    641.0    939.1
     1     1    17     8     3    17     0     0    -6.0   46.040 -119.296    644.3    938.0
     1     1    17     8     3    16     0     0    -7.0   45.960 -119.172    634.0    939.2
     1     1    17     8     3    15     0     0    -8.0   45.912 -119.026    634.9    940.1
     1     1    17     8     3    14     0     0    -9.0   45.864 -118.908    631.4    938.7
     1     1    17     8     3    13     0     0   -10.0   45.802 -118.889    606.3    943.0
     1     1    17     8     3    12     0     0   -11.0   45.757 -118.979    592.1    942.7
     1     1    17     8     3    11     0     0   -12.0   45.803 -119.053    566.2    947.2
     1     1    17     8     3    10     0     0   -13.0   45.902 -119.088    557.0    947.7
     1     1    17     8     3     9     0     0   -14.0   45.941 -119.167    552.2    947.8
     1     1    17     8     3     8     0     0   -15.0   45.921 -119.211    552.5    948.0
     1     1    17     8     3     7     0     0   -16.0   45.887 -119.208    551.4    947.4
     1     1    17     8     3     6     0     0   -17.0   45.853 -119.215    549.6    949.1
     1     1    17     8     3     5     0     0   -18.0   45.819 -119.242    559.8    947.7
     1     1    17     8     3     4     0     0   -19.0   45.803 -119.288    565.0    945.9
     1     1    17     8     3     3     0     0   -20.0   45.808 -119.348    563.8    946.9
     1     1    17     8     3     2     0     0   -21.0   45.816 -119.419    561.8    946.6
     1     1    17     8     3     1     0     0   -22.0   45.823 -119.482    556.9    947.8
     1     1    17     8     3     0     0     0   -23.0   45.814 -119.532    551.7    947.7
     1     1    17     8     2    23     0     0   -24.0   45.804 -119.582    551.2    948.6
     1     1    17     8     2    22     0     0   -25.0   45.821 -119.639    556.3    947.6
     1     1    17     8     2    21     0     0   -26.0   45.836 -119.710    555.2    947.5
     1     1    17     8     2    20     0     0   -27.0   45.863 -119.788    549.6    947.0
     1     1    17     8     2    19     0     0   -28.0   45.926 -119.846    531.4    949.8
     1     1    17     8     2    18     0     0   -29.0   45.958 -119.959    532.1    950.7
     1     1    17     8     2    17     0     0   -30.0   45.885 -120.041    509.9    953.6
     1     1    17     8     2    16     0     0   -31.0   45.879 -120.007    500.8    953.6
     1     1    17     8     2    15     0     0   -32.0   45.880 -119.983    472.4    956.7
     1     1    17     8     2    14     0     0   -33.0   45.743 -119.988    455.3    960.0
     1     1    17     8     2    13     0     0   -34.0   45.590 -119.989    465.1    958.2
     1     1    17     8     2    12     0     0   -35.0   45.426 -119.989    470.6    956.9
