     1     1
    SITE    10     3     1     0     0
     1 BACKWARD OMEGA   
    17     8     1    16   46.392 -119.412   700.0
     1 PRESSURE
     1     1    17     8     1    16     0     0     0.0   46.392 -119.412    700.0    931.4
     1     1    17     8     1    15     0     0    -1.0   46.363 -119.406    706.3    930.7
     1     1    17     8     1    14     0     0    -2.0   46.341 -119.404    711.0    930.4
     1     1    17     8     1    13     0     0    -3.0   46.273 -119.353    720.3    928.6
     1     1    17     8     1    12     0     0    -4.0   46.209 -119.430    726.4    928.1
     1     1    17     8     1    11     0     0    -5.0   46.240 -119.516    717.6    928.2
     1     1    17     8     1    10     0     0    -6.0   46.326 -119.542    701.3    931.6
     1     1    17     8     1     9     0     0    -7.0   46.345 -119.561    706.9    930.8
     1     1    17     8     1     8     0     0    -8.0   46.298 -119.554    714.5    929.4
     1     1    17     8     1     7     0     0    -9.0   46.251 -119.523    715.6    928.3
     1     1    17     8     1     6     0     0   -10.0   46.197 -119.502    711.7    930.9
     1     1    17     8     1     5     0     0   -11.0   46.142 -119.486    707.9    929.6
     1     1    17     8     1     4     0     0   -12.0   46.100 -119.478    706.1    931.4
     1     1    17     8     1     3     0     0   -13.0   46.062 -119.481    708.0    930.3
     1     1    17     8     1     2     0     0   -14.0   46.033 -119.464    708.0    930.5
     1     1    17     8     1     1     0     0   -15.0   46.001 -119.442    710.0    930.5
     1     1    17     8     1     0     0     0   -16.0   45.956 -119.444    715.0    929.9
     1     1    17     7    31    23     0     0   -17.0   45.953 -119.471    724.1    928.6
     1     1    17     7    31    22     0     0   -18.0   45.967 -119.542    733.4    927.4
     1     1    17     7    31    21     0     0   -19.0   45.966 -119.605    736.5    926.4
     1     1    17     7    31    20     0     0   -20.0   45.980 -119.640    736.5    926.9
     1     1    17     7    31    19     0     0   -21.0   45.966 -119.656    721.9    927.6
     1     1    17     7    31    18     0     0   -22.0   45.906 -119.619    714.7    931.7
     1     1    17     7    31    17     0     0   -23.0   45.827 -119.543    712.0    931.0
     1     1    17     7    31    16     0     0   -24.0   45.742 -119.496    711.9    929.5
     1     1    17     7    31    15     0     0   -25.0   45.651 -119.456    706.3    930.7
     1     1    17     7    31    14     0     0   -26.0   45.544 -119.402    704.5    930.5
     1     1    17     7    31    13     0     0   -27.0   45.429 -119.372    688.1    933.1
