     1     1
    SITE    10     3     1     0     0
     1 BACKWARD OMEGA   
    17     8    24    16   46.392 -119.412   700.0
     1 PRESSURE
     1     1    17     8    24    16     0     0     0.0   46.392 -119.412    700.0    931.4
     1     1    17     8    24    15     0     0    -1.0   46.580 -119.602    739.8    926.8
     1     1    17     8    24    14     0     0    -2.0   46.713 -119.740    773.3    923.3
     1     1    17     8    24    13     0     0    -3.0   46.703 -119.916    772.4    923.6
     1     1    17     8    24    12     0     0    -4.0   46.627 -120.144    780.5    923.6
     1     1    17     8    24    11     0     0    -5.0   46.533 -120.323    794.9    920.4
     1     1    17     8    24    10     0     0    -6.0   46.382 -120.394    805.2    920.1
     1     1    17     8    24     9     0     0    -7.0   46.281 -120.382    826.6    917.0
     1     1    17     8    24     8     0     0    -8.0   46.201 -120.408    813.1    917.7
     1     1    17     8    24     7     0     0    -9.0   46.156 -120.504    780.6    923.0
     1     1    17     8    24     6     0     0   -10.0   46.121 -120.555    777.7    923.1
     1     1    17     8    24     5     0     0   -11.0   46.066 -120.541    794.8    922.3
     1     1    17     8    24     4     0     0   -12.0   46.062 -120.535    804.1    917.2
     1     1    17     8    24     3     0     0   -13.0   46.046 -120.558    782.8    920.8
     1     1    17     8    24     2     0     0   -14.0   45.980 -120.557    785.6    922.2
     1     1    17     8    24     1     0     0   -15.0   45.917 -120.519    779.9    919.7
     1     1    17     8    24     0     0     0   -16.0   45.869 -120.511    763.8    924.4
     1     1    17     8    23    23     0     0   -17.0   45.846 -120.542    762.0    924.7
     1     1    17     8    23    22     0     0   -18.0   45.820 -120.560    765.5    924.2
     1     1    17     8    23    21     0     0   -19.0   45.833 -120.606    777.2    923.5
     1     1    17     8    23    20     0     0   -20.0   45.832 -120.646    780.1    921.8
     1     1    17     8    23    19     0     0   -21.0   45.765 -120.607    792.0    921.9
     1     1    17     8    23    18     0     0   -22.0   45.692 -120.523    823.0    917.4
     1     1    17     8    23    17     0     0   -23.0   45.609 -120.454    856.2    914.9
     1     1    17     8    23    16     0     0   -24.0   45.511 -120.408    872.5    911.4
     1     1    17     8    23    15     0     0   -25.0   45.392 -120.353    865.4    914.1
