     1     1
    SITE    10     3     1     0     0
     1 BACKWARD OMEGA   
    17     8    26     2   46.392 -119.412   700.0
     1 PRESSURE
     1     1    17     8    26     2     0     0     0.0   46.392 -119.412    700.0    931.4
     1     1    17     8    26     1     0     0    -1.0   46.380 -119.437    700.7    931.3
     1     1    17     8    26     0     0     0    -2.0   46.354 -119.474    694.6    931.3
     1     1    17     8    25    23     0     0    -3.0   46.351 -119.524    694.0    932.5
     1     1    17     8    25    22     0     0    -4.0   46.360 -119.576    694.2    931.3
     1     1    17     8    25    21     0     0    -5.0   46.322 -119.625    683.8    933.6
     1     1    17     8    25    20     0     0    -6.0   46.261 -119.663    668.8    935.8
     1     1    17     8    25    19     0     0    -7.0   46.176 -119.670    665.2    936.2
     1     1    17     8    25    18     0     0    -8.0   46.070 -119.644    655.3    935.8
     1     1    17     8    25    17     0     0    -9.0   45.964 -119.617    640.0    938.6
     1     1    17     8    25    16     0     0   -10.0   45.875 -119.580    634.8    939.2
     1     1    17     8    25    15     0     0   -11.0   45.799 -119.533    644.4    938.7
     1     1    17     8    25    14     0     0   -12.0   45.722 -119.478    655.0    936.4
     1     1    17     8    25    13     0     0   -13.0   45.641 -119.467    655.3    937.1
     1     1    17     8    25    12     0     0   -14.0   45.577 -119.463    653.0    936.8
     1     1    17     8    25    11     0     0   -15.0   45.517 -119.445    639.3    938.7
     1     1    17     8    25    10     0     0   -16.0   45.462 -119.429    637.6    939.1
     1     1    17     8    25     9     0     0   -17.0   45.457 -119.381    634.5    938.3
     1     1    17     8    25     8     0     0   -18.0   45.464 -119.328    626.2    940.3
     1     1    17     8    25     7     0     0   -19.0   45.434 -119.297    621.0    940.7
     1     1    17     8    25     6     0     0   -20.0   45.407 -119.266    622.1    941.7
     1     1    17     8    25     5     0     0   -21.0   45.408 -119.224    623.2    939.8
     1     1    17     8    25     4     0     0   -22.0   45.403 -119.190    617.2    941.1
     1     1    17     8    25     3     0     0   -23.0   45.402 -119.191    613.6    941.8
     1     1    17     8    25     2     0     0   -24.0   45.397 -119.216    608.1    941.5
