     1     1
    SITE    10     3     1     0     0
     1 BACKWARD OMEGA   
    17     8     2     4   46.392 -119.412   700.0
     1 PRESSURE
     1     1    17     8     2     4     0     0     0.0   46.392 -119.412    700.0    931.4
     1     1    17     8     2     3     0     0    -1.0   46.533 -119.486    675.2    934.4
     1     1    17     8     2     2     0     0    -2.0   46.684 -119.602    675.8    933.9
     1     1    17     8     2     1     0     0    -3.0   46.811 -119.714    668.9    934.8
     1     1    17     8     2     0     0     0    -4.0   46.887 -119.794    647.6    937.7
     1     1    17     8     1    23     0     0    -5.0   46.901 -119.857    643.5    938.4
     1     1    17     8     1    22     0     0    -6.0   46.883 -119.907    645.1    937.5
     1     1    17     8     1    21     0     0    -7.0   46.886 -119.940    644.5    938.1
     1     1    17     8     1    20     0     0    -8.0   46.906 -119.979    645.6    938.0
     1     1    17     8     1    19     0     0    -9.0   46.902 -120.029    643.2    937.7
     1     1    17     8     1    18     0     0   -10.0   46.925 -120.000    655.6    938.4
     1     1    17     8     1    17     0     0   -11.0   47.002 -119.882    664.9    935.3
     1     1    17     8     1    16     0     0   -12.0   47.016 -119.758    678.6    933.8
     1     1    17     8     1    15     0     0   -13.0   46.987 -119.758    675.7    933.6
     1     1    17     8     1    14     0     0   -14.0   46.965 -119.759    666.9    935.2
     1     1    17     8     1    13     0     0   -15.0   46.897 -119.709    679.6    935.0
     1     1    17     8     1    12     0     0   -16.0   46.834 -119.784    697.1    931.0
     1     1    17     8     1    11     0     0   -17.0   46.864 -119.869    698.2    931.4
     1     1    17     8     1    10     0     0   -18.0   46.953 -119.894    704.4    931.3
     1     1    17     8     1     9     0     0   -19.0   46.972 -119.909    708.5    930.1
     1     1    17     8     1     8     0     0   -20.0   46.925 -119.900    684.2    931.6
     1     1    17     8     1     7     0     0   -21.0   46.879 -119.868    666.1    937.9
     1     1    17     8     1     6     0     0   -22.0   46.826 -119.842    656.9    935.3
     1     1    17     8     1     5     0     0   -23.0   46.771 -119.825    638.4    938.4
     1     1    17     8     1     4     0     0   -24.0   46.729 -119.817    633.1    940.9
     1     1    17     8     1     3     0     0   -25.0   46.692 -119.820    636.9    938.3
     1     1    17     8     1     2     0     0   -26.0   46.663 -119.804    638.9    939.2
     1     1    17     8     1     1     0     0   -27.0   46.632 -119.782    644.0    938.0
     1     1    17     8     1     0     0     0   -28.0   46.587 -119.783    646.7    937.3
     1     1    17     7    31    23     0     0   -29.0   46.583 -119.809    652.2    937.9
     1     1    17     7    31    22     0     0   -30.0   46.594 -119.878    651.3    936.8
     1     1    17     7    31    21     0     0   -31.0   46.591 -119.941    646.0    939.5
     1     1    17     7    31    20     0     0   -32.0   46.606 -119.976    653.7    937.1
     1     1    17     7    31    19     0     0   -33.0   46.593 -119.990    655.7    935.9
     1     1    17     7    31    18     0     0   -34.0   46.534 -119.949    652.3    937.7
     1     1    17     7    31    17     0     0   -35.0   46.457 -119.872    661.4    936.1
     1     1    17     7    31    16     0     0   -36.0   46.372 -119.823    673.9    934.9
     1     1    17     7    31    15     0     0   -37.0   46.283 -119.782    689.4    933.0
     1     1    17     7    31    14     0     0   -38.0   46.178 -119.730    679.3    933.2
     1     1    17     7    31    13     0     0   -39.0   46.064 -119.700    664.1    936.0
     1     1    17     7    31    12     0     0   -40.0   45.967 -119.686    674.5    935.3
     1     1    17     7    31    11     0     0   -41.0   45.884 -119.652    697.8    931.3
     1     1    17     7    31    10     0     0   -42.0   45.845 -119.580    692.3    932.0
     1     1    17     7    31     9     0     0   -43.0   45.820 -119.541    680.3    934.9
     1     1    17     7    31     8     0     0   -44.0   45.772 -119.536    677.4    933.2
     1     1    17     7    31     7     0     0   -45.0   45.739 -119.511    674.5    935.2
     1     1    17     7    31     6     0     0   -46.0   45.724 -119.471    675.9    934.5
     1     1    17     7    31     5     0     0   -47.0   45.714 -119.481    677.1    933.9
     1     1    17     7    31     4     0     0   -48.0   45.669 -119.504    667.3    934.5
     1     1    17     7    31     3     0     0   -49.0   45.581 -119.442    649.8    936.8
     1     1    17     7    31     2     0     0   -50.0   45.482 -119.357    644.4    939.1
     1     1    17     7    31     1     0     0   -51.0   45.391 -119.326    654.4    936.6
