     1     1
    SITE    10     3     1     0     0
     1 BACKWARD OMEGA   
    17     8    11    22   46.392 -119.412   700.0
     1 PRESSURE
     1     1    17     8    11    22     0     0     0.0   46.392 -119.412    700.0    931.4
     1     1    17     8    11    21     0     0    -1.0   46.305 -119.399    701.4    931.3
     1     1    17     8    11    20     0     0    -2.0   46.219 -119.445    725.5    928.8
     1     1    17     8    11    19     0     0    -3.0   46.130 -119.518    748.4    927.3
     1     1    17     8    11    18     0     0    -4.0   46.053 -119.548    778.5    921.7
     1     1    17     8    11    17     0     0    -5.0   45.974 -119.542    778.9    922.3
     1     1    17     8    11    16     0     0    -6.0   45.870 -119.516    769.0    923.6
     1     1    17     8    11    15     0     0    -7.0   45.797 -119.449    759.1    924.8
     1     1    17     8    11    14     0     0    -8.0   45.769 -119.341    746.2    926.1
     1     1    17     8    11    13     0     0    -9.0   45.717 -119.252    745.3    926.6
     1     1    17     8    11    12     0     0   -10.0   45.695 -119.182    751.5    925.0
     1     1    17     8    11    11     0     0   -11.0   45.682 -119.151    736.6    926.5
     1     1    17     8    11    10     0     0   -12.0   45.638 -119.111    714.3    929.6
     1     1    17     8    11     9     0     0   -13.0   45.654 -119.044    715.9    929.8
     1     1    17     8    11     8     0     0   -14.0   45.660 -119.029    724.8    927.9
     1     1    17     8    11     7     0     0   -15.0   45.631 -119.066    734.7    927.8
     1     1    17     8    11     6     0     0   -16.0   45.610 -119.093    738.5    925.9
     1     1    17     8    11     5     0     0   -17.0   45.570 -119.094    734.0    927.1
     1     1    17     8    11     4     0     0   -18.0   45.528 -119.129    736.3    927.8
     1     1    17     8    11     3     0     0   -19.0   45.512 -119.130    735.2    926.4
     1     1    17     8    11     2     0     0   -20.0   45.496 -119.108    731.2    927.7
     1     1    17     8    11     1     0     0   -21.0   45.447 -119.095    728.0    927.7
     1     1    17     8    11     0     0     0   -22.0   45.393 -119.092    734.8    928.5
