     1     1
    SITE    10     3     1     0     0
     1 BACKWARD OMEGA   
    17     8     4    17   46.392 -119.412   700.0
     1 PRESSURE
     1     1    17     8     4    17     0     0     0.0   46.392 -119.412    700.0    931.4
     1     1    17     8     4    16     0     0    -1.0   46.424 -119.393    698.8    931.6
     1     1    17     8     4    15     0     0    -2.0   46.454 -119.458    700.6    931.4
     1     1    17     8     4    14     0     0    -3.0   46.468 -119.544    698.7    931.9
     1     1    17     8     4    13     0     0    -4.0   46.417 -119.632    696.2    931.1
     1     1    17     8     4    12     0     0    -5.0   46.398 -119.711    689.0    934.5
     1     1    17     8     4    11     0     0    -6.0   46.393 -119.810    704.8    931.8
     1     1    17     8     4    10     0     0    -7.0   46.360 -119.965    720.4    929.5
     1     1    17     8     4     9     0     0    -8.0   46.369 -120.127    719.6    928.8
     1     1    17     8     4     8     0     0    -9.0   46.395 -120.214    702.5    931.5
     1     1    17     8     4     7     0     0   -10.0   46.395 -120.262    698.6    931.5
     1     1    17     8     4     6     0     0   -11.0   46.402 -120.301    697.1    932.0
     1     1    17     8     4     5     0     0   -12.0   46.384 -120.355    694.6    931.5
     1     1    17     8     4     4     0     0   -13.0   46.321 -120.352    686.2    932.2
     1     1    17     8     4     3     0     0   -14.0   46.273 -120.280    681.0    933.6
     1     1    17     8     4     2     0     0   -15.0   46.239 -120.266    679.5    934.2
     1     1    17     8     4     1     0     0   -16.0   46.188 -120.264    679.7    933.9
     1     1    17     8     4     0     0     0   -17.0   46.135 -120.235    685.6    933.0
     1     1    17     8     3    23     0     0   -18.0   46.107 -120.203    684.9    932.5
     1     1    17     8     3    22     0     0   -19.0   46.099 -120.144    682.6    934.2
     1     1    17     8     3    21     0     0   -20.0   46.059 -120.098    677.9    933.3
     1     1    17     8     3    20     0     0   -21.0   45.982 -120.103    666.4    935.9
     1     1    17     8     3    19     0     0   -22.0   45.914 -120.129    671.8    934.6
     1     1    17     8     3    18     0     0   -23.0   45.848 -120.139    676.4    934.5
     1     1    17     8     3    17     0     0   -24.0   45.760 -120.083    691.3    933.3
     1     1    17     8     3    16     0     0   -25.0   45.680 -119.963    703.1    929.9
     1     1    17     8     3    15     0     0   -26.0   45.634 -119.821    695.2    932.2
     1     1    17     8     3    14     0     0   -27.0   45.589 -119.702    705.5    931.2
     1     1    17     8     3    13     0     0   -28.0   45.528 -119.678    724.4    928.8
     1     1    17     8     3    12     0     0   -29.0   45.485 -119.766    727.7    925.9
     1     1    17     8     3    11     0     0   -30.0   45.529 -119.839    722.3    928.4
     1     1    17     8     3    10     0     0   -31.0   45.625 -119.877    734.9    926.5
     1     1    17     8     3     9     0     0   -32.0   45.663 -119.956    739.0    927.3
     1     1    17     8     3     8     0     0   -33.0   45.644 -120.001    747.1    925.8
     1     1    17     8     3     7     0     0   -34.0   45.610 -119.998    751.3    925.8
     1     1    17     8     3     6     0     0   -35.0   45.576 -120.005    756.6    924.8
     1     1    17     8     3     5     0     0   -36.0   45.543 -120.031    760.7    924.5
     1     1    17     8     3     4     0     0   -37.0   45.529 -120.076    761.2    924.1
     1     1    17     8     3     3     0     0   -38.0   45.533 -120.136    754.6    925.1
     1     1    17     8     3     2     0     0   -39.0   45.541 -120.206    757.5    926.1
     1     1    17     8     3     1     0     0   -40.0   45.548 -120.268    755.4    923.3
     1     1    17     8     3     0     0     0   -41.0   45.539 -120.319    752.3    927.0
     1     1    17     8     2    23     0     0   -42.0   45.529 -120.372    756.8    924.1
     1     1    17     8     2    22     0     0   -43.0   45.545 -120.431    758.1    925.2
     1     1    17     8     2    21     0     0   -44.0   45.560 -120.501    772.9    924.6
     1     1    17     8     2    20     0     0   -45.0   45.589 -120.579    786.5    920.3
     1     1    17     8     2    19     0     0   -46.0   45.652 -120.638    781.1    920.4
     1     1    17     8     2    18     0     0   -47.0   45.685 -120.750    790.0    922.1
     1     1    17     8     2    17     0     0   -48.0   45.613 -120.830    807.5    918.8
