     1     1
    SITE    10     3     1     0     0
     1 BACKWARD OMEGA   
    17     8     7    15   46.392 -119.412   700.0
     1 PRESSURE
     1     1    17     8     7    15     0     0     0.0   46.392 -119.412    700.0    931.4
     1     1    17     8     7    14     0     0    -1.0   46.282 -119.360    710.8    930.1
     1     1    17     8     7    13     0     0    -2.0   46.156 -119.327    713.9    930.2
     1     1    17     8     7    12     0     0    -3.0   46.036 -119.300    720.0    930.7
     1     1    17     8     7    11     0     0    -4.0   45.940 -119.266    742.3    926.4
     1     1    17     8     7    10     0     0    -5.0   45.903 -119.204    744.9    926.3
     1     1    17     8     7     9     0     0    -6.0   45.893 -119.135    755.1    925.7
     1     1    17     8     7     8     0     0    -7.0   45.869 -119.081    773.6    923.2
     1     1    17     8     7     7     0     0    -8.0   45.843 -119.046    781.5    920.9
     1     1    17     8     7     6     0     0    -9.0   45.813 -119.045    774.8    922.6
     1     1    17     8     7     5     0     0   -10.0   45.784 -119.058    764.6    923.6
     1     1    17     8     7     4     0     0   -11.0   45.783 -119.073    763.9    925.6
     1     1    17     8     7     3     0     0   -12.0   45.811 -119.094    766.3    922.8
     1     1    17     8     7     2     0     0   -13.0   45.816 -119.127    767.3    924.5
     1     1    17     8     7     1     0     0   -14.0   45.795 -119.137    769.2    923.0
     1     1    17     8     7     0     0     0   -15.0   45.753 -119.148    770.8    923.7
     1     1    17     8     6    23     0     0   -16.0   45.716 -119.171    769.7    922.8
     1     1    17     8     6    22     0     0   -17.0   45.691 -119.187    768.0    924.1
     1     1    17     8     6    21     0     0   -18.0   45.689 -119.210    770.8    923.3
     1     1    17     8     6    20     0     0   -19.0   45.694 -119.233    770.0    922.9
     1     1    17     8     6    19     0     0   -20.0   45.704 -119.269    765.1    924.1
     1     1    17     8     6    18     0     0   -21.0   45.752 -119.307    758.9    924.3
     1     1    17     8     6    17     0     0   -22.0   45.770 -119.356    762.7    925.5
     1     1    17     8     6    16     0     0   -23.0   45.752 -119.347    759.2    924.0
     1     1    17     8     6    15     0     0   -24.0   45.776 -119.268    735.7    926.7
     1     1    17     8     6    14     0     0   -25.0   45.838 -119.213    724.7    931.6
     1     1    17     8     6    13     0     0   -26.0   45.896 -119.168    729.7    926.0
     1     1    17     8     6    12     0     0   -27.0   45.914 -119.098    720.7    929.4
     1     1    17     8     6    11     0     0   -28.0   45.936 -119.036    719.8    928.7
     1     1    17     8     6    10     0     0   -29.0   45.988 -118.996    720.9    929.9
     1     1    17     8     6     9     0     0   -30.0   45.990 -118.962    720.1    928.0
     1     1    17     8     6     8     0     0   -31.0   45.948 -118.952    718.9    929.5
     1     1    17     8     6     7     0     0   -32.0   45.914 -118.958    722.2    929.0
     1     1    17     8     6     6     0     0   -33.0   45.882 -118.969    721.6    928.5
     1     1    17     8     6     5     0     0   -34.0   45.845 -118.955    722.8    929.3
     1     1    17     8     6     4     0     0   -35.0   45.811 -118.933    725.9    927.9
     1     1    17     8     6     3     0     0   -36.0   45.784 -118.943    732.2    928.7
     1     1    17     8     6     2     0     0   -37.0   45.753 -118.941    738.6    926.5
     1     1    17     8     6     1     0     0   -38.0   45.713 -118.940    741.9    926.3
     1     1    17     8     6     0     0     0   -39.0   45.682 -118.975    743.0    926.9
     1     1    17     8     5    23     0     0   -40.0   45.696 -119.016    758.3    925.8
     1     1    17     8     5    22     0     0   -41.0   45.704 -119.053    766.8    921.8
     1     1    17     8     5    21     0     0   -42.0   45.673 -119.083    759.5    925.4
     1     1    17     8     5    20     0     0   -43.0   45.628 -119.123    754.1    924.6
     1     1    17     8     5    19     0     0   -44.0   45.574 -119.165    760.1    926.7
     1     1    17     8     5    18     0     0   -45.0   45.515 -119.186    771.9    921.3
     1     1    17     8     5    17     0     0   -46.0   45.432 -119.173    770.8    924.2
