     1     1
    SITE    10     3     1     0     0
     1 BACKWARD OMEGA   
    17     8    18    12   46.392 -119.412   700.0
     1 PRESSURE
     1     1    17     8    18    12     0     0     0.0   46.392 -119.412    700.0    931.4
     1     1    17     8    18    11     0     0    -1.0   46.275 -119.341    717.0    929.4
     1     1    17     8    18    10     0     0    -2.0   46.149 -119.305    717.5    928.6
     1     1    17     8    18     9     0     0    -3.0   46.007 -119.325    683.1    933.7
     1     1    17     8    18     8     0     0    -4.0   45.866 -119.363    672.9    934.7
     1     1    17     8    18     7     0     0    -5.0   45.790 -119.396    676.5    934.1
     1     1    17     8    18     6     0     0    -6.0   45.793 -119.432    675.0    934.3
     1     1    17     8    18     5     0     0    -7.0   45.809 -119.478    666.1    934.9
     1     1    17     8    18     4     0     0    -8.0   45.767 -119.490    647.9    937.0
     1     1    17     8    18     3     0     0    -9.0   45.705 -119.461    646.2    937.7
     1     1    17     8    18     2     0     0   -10.0   45.691 -119.464    642.4    938.2
     1     1    17     8    18     1     0     0   -11.0   45.682 -119.467    645.4    938.4
     1     1    17     8    18     0     0     0   -12.0   45.650 -119.429    649.9    937.1
     1     1    17     8    17    23     0     0   -13.0   45.608 -119.380    644.4    937.0
     1     1    17     8    17    22     0     0   -14.0   45.621 -119.394    638.8    939.7
     1     1    17     8    17    21     0     0   -15.0   45.644 -119.471    643.7    938.1
     1     1    17     8    17    20     0     0   -16.0   45.584 -119.500    655.8    937.7
     1     1    17     8    17    19     0     0   -17.0   45.509 -119.477    647.7    937.2
     1     1    17     8    17    18     0     0   -18.0   45.427 -119.500    638.5    938.7
