     1     1
    SITE    10     3     1     0     0
     1 BACKWARD OMEGA   
    17     8     4     2   46.392 -119.412   700.0
     1 PRESSURE
     1     1    17     8     4     2     0     0     0.0   46.392 -119.412    700.0    931.4
     1     1    17     8     4     1     0     0    -1.0   46.340 -119.410    713.2    929.9
     1     1    17     8     4     0     0     0    -2.0   46.288 -119.381    724.4    927.5
     1     1    17     8     3    23     0     0    -3.0   46.258 -119.348    731.8    928.3
     1     1    17     8     3    22     0     0    -4.0   46.250 -119.287    733.1    926.5
     1     1    17     8     3    21     0     0    -5.0   46.211 -119.243    745.4    929.0
     1     1    17     8     3    20     0     0    -6.0   46.136 -119.249    770.7    923.1
     1     1    17     8     3    19     0     0    -7.0   46.067 -119.275    775.9    922.6
     1     1    17     8     3    18     0     0    -8.0   46.000 -119.283    755.6    924.7
     1     1    17     8     3    17     0     0    -9.0   45.912 -119.223    734.4    927.7
     1     1    17     8     3    16     0     0   -10.0   45.832 -119.106    746.3    925.4
     1     1    17     8     3    15     0     0   -11.0   45.786 -118.967    744.4    926.7
     1     1    17     8     3    14     0     0   -12.0   45.740 -118.847    738.9    927.2
     1     1    17     8     3    13     0     0   -13.0   45.677 -118.822    735.8    927.1
     1     1    17     8     3    12     0     0   -14.0   45.632 -118.910    745.4    927.0
     1     1    17     8     3    11     0     0   -15.0   45.675 -118.982    757.7    924.6
     1     1    17     8     3    10     0     0   -16.0   45.773 -119.019    768.5    923.9
     1     1    17     8     3     9     0     0   -17.0   45.812 -119.097    772.4    923.3
     1     1    17     8     3     8     0     0   -18.0   45.791 -119.141    780.8    921.9
     1     1    17     8     3     7     0     0   -19.0   45.757 -119.138    784.8    922.1
     1     1    17     8     3     6     0     0   -20.0   45.722 -119.146    787.7    921.2
     1     1    17     8     3     5     0     0   -21.0   45.689 -119.174    786.6    921.5
     1     1    17     8     3     4     0     0   -22.0   45.675 -119.220    790.0    921.9
     1     1    17     8     3     3     0     0   -23.0   45.679 -119.280    790.8    920.0
     1     1    17     8     3     2     0     0   -24.0   45.686 -119.352    790.9    922.3
     1     1    17     8     3     1     0     0   -25.0   45.694 -119.415    795.4    920.0
     1     1    17     8     3     0     0     0   -26.0   45.684 -119.466    797.4    920.7
     1     1    17     8     2    23     0     0   -27.0   45.674 -119.519    809.9    920.0
     1     1    17     8     2    22     0     0   -28.0   45.692 -119.578    819.8    916.7
     1     1    17     8     2    21     0     0   -29.0   45.708 -119.650    826.6    918.1
     1     1    17     8     2    20     0     0   -30.0   45.737 -119.729    846.7    915.2
     1     1    17     8     2    19     0     0   -31.0   45.800 -119.790    882.7    914.0
     1     1    17     8     2    18     0     0   -32.0   45.832 -119.906    895.9    908.8
     1     1    17     8     2    17     0     0   -33.0   45.760 -119.989    898.0    910.7
     1     1    17     8     2    16     0     0   -34.0   45.750 -119.960    900.1    908.1
     1     1    17     8     2    15     0     0   -35.0   45.749 -119.940    866.8    913.3
     1     1    17     8     2    14     0     0   -36.0   45.613 -119.943    884.2    911.9
     1     1    17     8     2    13     0     0   -37.0   45.461 -119.941    918.0    907.7
