     1     1
    SITE    10     3     1     0     0
     1 BACKWARD OMEGA   
    17     8     5    18   46.392 -119.412   700.0
     1 PRESSURE
     1     1    17     8     5    18     0     0     0.0   46.392 -119.412    700.0    931.4
     1     1    17     8     5    17     0     0    -1.0   46.309 -119.401    737.2    927.1
     1     1    17     8     5    16     0     0    -2.0   46.227 -119.335    762.9    924.2
     1     1    17     8     5    15     0     0    -3.0   46.190 -119.228    761.5    924.6
     1     1    17     8     5    14     0     0    -4.0   46.202 -119.212    765.2    923.8
     1     1    17     8     5    13     0     0    -5.0   46.207 -119.200    773.9    924.3
     1     1    17     8     5    12     0     0    -6.0   46.189 -119.085    754.5    925.3
     1     1    17     8     5    11     0     0    -7.0   46.127 -119.025    732.4    926.8
     1     1    17     8     5    10     0     0    -8.0   46.026 -119.027    709.6    930.2
     1     1    17     8     5     9     0     0    -9.0   45.949 -119.026    693.3    931.9
     1     1    17     8     5     8     0     0   -10.0   45.914 -119.040    684.5    933.5
     1     1    17     8     5     7     0     0   -11.0   45.888 -119.052    685.4    933.1
     1     1    17     8     5     6     0     0   -12.0   45.861 -119.021    687.9    933.2
     1     1    17     8     5     5     0     0   -13.0   45.854 -119.015    690.2    931.9
     1     1    17     8     5     4     0     0   -14.0   45.829 -119.023    691.1    933.0
     1     1    17     8     5     3     0     0   -15.0   45.769 -118.997    698.4    931.2
     1     1    17     8     5     2     0     0   -16.0   45.693 -118.972    712.0    930.4
     1     1    17     8     5     1     0     0   -17.0   45.618 -118.951    725.7    928.4
     1     1    17     8     5     0     0     0   -18.0   45.564 -118.895    747.6    926.1
     1     1    17     8     4    23     0     0   -19.0   45.507 -118.850    758.3    922.7
     1     1    17     8     4    22     0     0   -20.0   45.510 -118.875    724.1    928.7
     1     1    17     8     4    21     0     0   -21.0   45.591 -118.917    701.2    930.8
     1     1    17     8     4    20     0     0   -22.0   45.658 -118.948    694.2    932.6
     1     1    17     8     4    19     0     0   -23.0   45.674 -119.004    693.4    931.4
     1     1    17     8     4    18     0     0   -24.0   45.699 -119.016    680.3    936.2
     1     1    17     8     4    17     0     0   -25.0   45.770 -118.936    674.9    934.9
     1     1    17     8     4    16     0     0   -26.0   45.800 -118.921    678.1    933.9
     1     1    17     8     4    15     0     0   -27.0   45.829 -118.983    679.5    934.2
     1     1    17     8     4    14     0     0   -28.0   45.843 -119.064    677.1    933.7
     1     1    17     8     4    13     0     0   -29.0   45.794 -119.149    674.8    934.6
     1     1    17     8     4    12     0     0   -30.0   45.774 -119.228    677.9    933.9
     1     1    17     8     4    11     0     0   -31.0   45.771 -119.324    669.0    934.2
     1     1    17     8     4    10     0     0   -32.0   45.740 -119.475    668.9    934.4
     1     1    17     8     4     9     0     0   -33.0   45.748 -119.634    663.3    936.8
     1     1    17     8     4     8     0     0   -34.0   45.775 -119.719    677.5    934.2
     1     1    17     8     4     7     0     0   -35.0   45.776 -119.766    688.4    932.7
     1     1    17     8     4     6     0     0   -36.0   45.783 -119.805    683.6    932.0
     1     1    17     8     4     5     0     0   -37.0   45.766 -119.860    672.2    935.2
     1     1    17     8     4     4     0     0   -38.0   45.703 -119.856    675.8    933.9
     1     1    17     8     4     3     0     0   -39.0   45.656 -119.788    677.7    934.0
     1     1    17     8     4     2     0     0   -40.0   45.622 -119.774    677.1    933.5
     1     1    17     8     4     1     0     0   -41.0   45.570 -119.773    669.4    934.3
     1     1    17     8     4     0     0     0   -42.0   45.516 -119.745    661.2    936.3
     1     1    17     8     3    23     0     0   -43.0   45.486 -119.713    653.3    936.6
     1     1    17     8     3    22     0     0   -44.0   45.477 -119.653    645.6    938.6
     1     1    17     8     3    21     0     0   -45.0   45.438 -119.610    642.6    938.2
     1     1    17     8     3    20     0     0   -46.0   45.361 -119.613    637.2    938.7
