     1     1
    SITE    10     3     1     0     0
     1 BACKWARD OMEGA   
    17     8    20    14   46.392 -119.412   700.0
     1 PRESSURE
     1     1    17     8    20    14     0     0     0.0   46.392 -119.412    700.0    931.4
     1     1    17     8    20    13     0     0    -1.0   46.328 -119.342    697.2    931.8
     1     1    17     8    20    12     0     0    -2.0   46.248 -119.299    695.4    931.3
     1     1    17     8    20    11     0     0    -3.0   46.145 -119.292    685.2    933.9
     1     1    17     8    20    10     0     0    -4.0   46.078 -119.296    685.7    932.4
     1     1    17     8    20     9     0     0    -5.0   46.021 -119.331    683.2    933.6
     1     1    17     8    20     8     0     0    -6.0   45.957 -119.360    690.0    932.7
     1     1    17     8    20     7     0     0    -7.0   45.891 -119.354    692.9    931.7
     1     1    17     8    20     6     0     0    -8.0   45.809 -119.299    679.9    933.7
     1     1    17     8    20     5     0     0    -9.0   45.715 -119.275    691.2    932.4
     1     1    17     8    20     4     0     0   -10.0   45.631 -119.278    695.1    931.5
     1     1    17     8    20     3     0     0   -11.0   45.560 -119.276    682.4    933.5
     1     1    17     8    20     2     0     0   -12.0   45.520 -119.238    661.8    935.4
     1     1    17     8    20     1     0     0   -13.0   45.496 -119.194    652.7    939.4
     1     1    17     8    20     0     0     0   -14.0   45.458 -119.150    651.9    936.4
     1     1    17     8    19    23     0     0   -15.0   45.428 -119.155    647.4    938.4
     1     1    17     8    19    22     0     0   -16.0   45.433 -119.239    641.7    938.4
     1     1    17     8    19    21     0     0   -17.0   45.417 -119.270    639.9    938.9
     1     1    17     8    19    20     0     0   -18.0   45.376 -119.308    651.4    937.8
