     1     1
    SITE    10     3     1     0     0
     1 BACKWARD OMEGA   
    17     8     8    15   46.392 -119.412   700.0
     1 PRESSURE
     1     1    17     8     8    15     0     0     0.0   46.392 -119.412    700.0    931.4
     1     1    17     8     8    14     0     0    -1.0   46.363 -119.289    661.2    936.0
     1     1    17     8     8    13     0     0    -2.0   46.299 -119.190    655.8    936.7
     1     1    17     8     8    12     0     0    -3.0   46.220 -119.121    651.1    937.1
     1     1    17     8     8    11     0     0    -4.0   46.152 -119.076    650.8    937.2
     1     1    17     8     8    10     0     0    -5.0   46.102 -119.061    644.6    937.9
     1     1    17     8     8     9     0     0    -6.0   46.065 -119.089    638.7    939.5
     1     1    17     8     8     8     0     0    -7.0   46.036 -119.088    633.8    938.6
     1     1    17     8     8     7     0     0    -8.0   45.996 -119.041    635.9    939.1
     1     1    17     8     8     6     0     0    -9.0   45.957 -119.018    636.5    938.8
     1     1    17     8     8     5     0     0   -10.0   45.944 -119.039    644.6    939.5
     1     1    17     8     8     4     0     0   -11.0   45.933 -119.033    655.6    935.9
     1     1    17     8     8     3     0     0   -12.0   45.896 -118.992    669.4    934.8
     1     1    17     8     8     2     0     0   -13.0   45.857 -118.972    676.9    933.7
     1     1    17     8     8     1     0     0   -14.0   45.841 -118.942    680.8    933.7
     1     1    17     8     8     0     0     0   -15.0   45.812 -118.937    692.7    933.1
     1     1    17     8     7    23     0     0   -16.0   45.764 -118.964    700.5    931.0
     1     1    17     8     7    22     0     0   -17.0   45.780 -118.984    697.0    930.7
     1     1    17     8     7    21     0     0   -18.0   45.800 -119.027    678.4    934.5
     1     1    17     8     7    20     0     0   -19.0   45.757 -119.074    659.8    935.0
     1     1    17     8     7    19     0     0   -20.0   45.705 -119.103    644.4    939.9
     1     1    17     8     7    18     0     0   -21.0   45.651 -119.104    645.5    938.1
     1     1    17     8     7    17     0     0   -22.0   45.586 -119.082    643.0    937.5
     1     1    17     8     7    16     0     0   -23.0   45.502 -119.053    636.2    939.1
     1     1    17     8     7    15     0     0   -24.0   45.406 -119.008    621.9    940.1
