     1     1
    SITE    10     3     1     0     0
     1 BACKWARD OMEGA   
    17     8    17    20   46.392 -119.412   700.0
     1 PRESSURE
     1     1    17     8    17    20     0     0     0.0   46.392 -119.412    700.0    931.4
     1     1    17     8    17    19     0     0    -1.0   46.315 -119.391    686.6    933.0
     1     1    17     8    17    18     0     0    -2.0   46.235 -119.417    678.2    933.8
     1     1    17     8    17    17     0     0    -3.0   46.117 -119.503    658.1    935.5
     1     1    17     8    17    16     0     0    -4.0   45.975 -119.598    634.4    939.5
     1     1    17     8    17    15     0     0    -5.0   45.844 -119.626    642.5    938.9
     1     1    17     8    17    14     0     0    -6.0   45.735 -119.622    659.4    936.1
     1     1    17     8    17    13     0     0    -7.0   45.629 -119.602    679.2    934.8
     1     1    17     8    17    12     0     0    -8.0   45.531 -119.542    697.0    930.0
     1     1    17     8    17    11     0     0    -9.0   45.446 -119.466    687.7    933.3
     1     1    17     8    17    10     0     0   -10.0   45.357 -119.398    700.5    931.9
