     1     1
    SITE    10     3     1     0     0
     1 BACKWARD OMEGA   
    17     8    28    20   46.392 -119.412   700.0
     1 PRESSURE
     1     1    17     8    28    20     0     0     0.0   46.392 -119.412    700.0    931.4
     1     1    17     8    28    19     0     0    -1.0   46.363 -119.484    694.7    932.0
     1     1    17     8    28    18     0     0    -2.0   46.374 -119.540    696.9    931.9
     1     1    17     8    28    17     0     0    -3.0   46.442 -119.615    696.8    931.0
     1     1    17     8    28    16     0     0    -4.0   46.468 -119.712    681.7    933.6
     1     1    17     8    28    15     0     0    -5.0   46.505 -119.792    676.4    934.4
     1     1    17     8    28    14     0     0    -6.0   46.539 -119.754    673.4    934.8
     1     1    17     8    28    13     0     0    -7.0   46.568 -119.658    683.1    933.9
     1     1    17     8    28    12     0     0    -8.0   46.666 -119.616    696.3    931.3
     1     1    17     8    28    11     0     0    -9.0   46.779 -119.610    697.0    931.0
     1     1    17     8    28    10     0     0   -10.0   46.909 -119.642    710.5    931.5
     1     1    17     8    28     9     0     0   -11.0   47.052 -119.711    740.4    927.0
     1     1    17     8    28     8     0     0   -12.0   47.067 -119.754    753.5    925.3
     1     1    17     8    28     7     0     0   -13.0   47.000 -119.793    749.6    925.9
     1     1    17     8    28     6     0     0   -14.0   47.016 -119.863    733.7    927.6
     1     1    17     8    28     5     0     0   -15.0   47.070 -119.848    723.5    930.1
     1     1    17     8    28     4     0     0   -16.0   47.087 -119.778    739.8    925.7
     1     1    17     8    28     3     0     0   -17.0   47.048 -119.750    741.7    926.6
     1     1    17     8    28     2     0     0   -18.0   47.006 -119.729    742.1    926.4
     1     1    17     8    28     1     0     0   -19.0   46.958 -119.689    738.6    926.6
     1     1    17     8    28     0     0     0   -20.0   46.910 -119.645    737.8    927.8
     1     1    17     8    27    23     0     0   -21.0   46.875 -119.620    737.3    926.7
     1     1    17     8    27    22     0     0   -22.0   46.846 -119.637    735.3    927.8
     1     1    17     8    27    21     0     0   -23.0   46.836 -119.668    736.8    927.0
     1     1    17     8    27    20     0     0   -24.0   46.839 -119.716    733.5    927.2
     1     1    17     8    27    19     0     0   -25.0   46.837 -119.766    734.2    927.7
     1     1    17     8    27    18     0     0   -26.0   46.819 -119.803    739.9    927.1
     1     1    17     8    27    17     0     0   -27.0   46.779 -119.826    745.2    925.8
     1     1    17     8    27    16     0     0   -28.0   46.718 -119.844    729.3    925.9
     1     1    17     8    27    15     0     0   -29.0   46.712 -119.846    716.8    931.5
     1     1    17     8    27    14     0     0   -30.0   46.750 -119.794    721.2    929.6
     1     1    17     8    27    13     0     0   -31.0   46.768 -119.713    729.1    927.6
     1     1    17     8    27    12     0     0   -32.0   46.753 -119.634    738.3    927.3
     1     1    17     8    27    11     0     0   -33.0   46.712 -119.586    752.6    924.4
     1     1    17     8    27    10     0     0   -34.0   46.666 -119.568    754.6    924.8
     1     1    17     8    27     9     0     0   -35.0   46.621 -119.559    756.1    925.2
     1     1    17     8    27     8     0     0   -36.0   46.582 -119.540    749.0    924.6
     1     1    17     8    27     7     0     0   -37.0   46.555 -119.537    739.4    927.8
     1     1    17     8    27     6     0     0   -38.0   46.561 -119.565    736.7    927.4
     1     1    17     8    27     5     0     0   -39.0   46.590 -119.599    728.0    927.6
     1     1    17     8    27     4     0     0   -40.0   46.608 -119.641    721.3    929.8
     1     1    17     8    27     3     0     0   -41.0   46.609 -119.682    717.3    928.9
     1     1    17     8    27     2     0     0   -42.0   46.591 -119.724    707.8    930.3
     1     1    17     8    27     1     0     0   -43.0   46.553 -119.755    696.5    931.9
     1     1    17     8    27     0     0     0   -44.0   46.505 -119.789    691.9    932.7
     1     1    17     8    26    23     0     0   -45.0   46.470 -119.856    683.0    932.5
     1     1    17     8    26    22     0     0   -46.0   46.443 -119.891    678.5    935.8
     1     1    17     8    26    21     0     0   -47.0   46.437 -119.906    688.1    933.1
     1     1    17     8    26    20     0     0   -48.0   46.444 -119.940    701.7    931.2
     1     1    17     8    26    19     0     0   -49.0   46.427 -119.970    707.0    929.8
     1     1    17     8    26    18     0     0   -50.0   46.382 -119.991    702.8    930.8
     1     1    17     8    26    17     0     0   -51.0   46.386 -119.966    700.7    931.3
     1     1    17     8    26    16     0     0   -52.0   46.449 -119.894    718.1    928.9
     1     1    17     8    26    15     0     0   -53.0   46.452 -119.806    728.2    928.5
     1     1    17     8    26    14     0     0   -54.0   46.456 -119.724    745.3    926.5
     1     1    17     8    26    13     0     0   -55.0   46.492 -119.631    766.2    922.3
     1     1    17     8    26    12     0     0   -56.0   46.524 -119.543    779.4    922.2
     1     1    17     8    26    11     0     0   -57.0   46.556 -119.461    788.4    921.6
     1     1    17     8    26    10     0     0   -58.0   46.585 -119.384    787.4    920.5
     1     1    17     8    26     9     0     0   -59.0   46.599 -119.392    778.7    923.0
     1     1    17     8    26     8     0     0   -60.0   46.575 -119.420    787.8    921.5
     1     1    17     8    26     7     0     0   -61.0   46.543 -119.412    793.8    919.8
     1     1    17     8    26     6     0     0   -62.0   46.530 -119.431    788.6    921.1
     1     1    17     8    26     5     0     0   -63.0   46.524 -119.435    786.2    922.1
     1     1    17     8    26     4     0     0   -64.0   46.522 -119.438    783.6    921.8
     1     1    17     8    26     3     0     0   -65.0   46.521 -119.465    784.4    922.2
     1     1    17     8    26     2     0     0   -66.0   46.509 -119.487    785.2    921.4
     1     1    17     8    26     1     0     0   -67.0   46.498 -119.512    783.1    921.9
     1     1    17     8    26     0     0     0   -68.0   46.472 -119.550    787.2    922.3
     1     1    17     8    25    23     0     0   -69.0   46.468 -119.601    793.7    920.2
     1     1    17     8    25    22     0     0   -70.0   46.476 -119.653    795.8    921.2
     1     1    17     8    25    21     0     0   -71.0   46.439 -119.703    788.9    920.1
     1     1    17     8    25    20     0     0   -72.0   46.377 -119.744    782.4    921.9
