     1     1
    SITE    10     3     1     0     0
     1 BACKWARD OMEGA   
    17     8     8     3   46.392 -119.412   700.0
     1 PRESSURE
     1     1    17     8     8     3     0     0     0.0   46.392 -119.412    700.0    931.4
     1     1    17     8     8     2     0     0    -1.0   46.353 -119.392    704.4    930.9
     1     1    17     8     8     1     0     0    -2.0   46.336 -119.362    697.8    932.1
     1     1    17     8     8     0     0     0    -3.0   46.305 -119.356    693.6    932.0
     1     1    17     8     7    23     0     0    -4.0   46.256 -119.382    693.9    932.9
     1     1    17     8     7    22     0     0    -5.0   46.270 -119.401    719.7    931.7
     1     1    17     8     7    21     0     0    -6.0   46.287 -119.443    729.2    927.5
     1     1    17     8     7    20     0     0    -7.0   46.243 -119.490    732.3    927.4
     1     1    17     8     7    19     0     0    -8.0   46.190 -119.518    733.5    926.3
     1     1    17     8     7    18     0     0    -9.0   46.136 -119.520    717.8    928.7
     1     1    17     8     7    17     0     0   -10.0   46.070 -119.499    710.7    931.3
     1     1    17     8     7    16     0     0   -11.0   45.987 -119.474    702.5    931.4
     1     1    17     8     7    15     0     0   -12.0   45.890 -119.430    698.8    930.7
     1     1    17     8     7    14     0     0   -13.0   45.780 -119.376    705.7    930.5
     1     1    17     8     7    13     0     0   -14.0   45.656 -119.341    710.8    931.4
     1     1    17     8     7    12     0     0   -15.0   45.538 -119.316    723.9    927.9
     1     1    17     8     7    11     0     0   -16.0   45.439 -119.283    720.0    929.4
     1     1    17     8     7    10     0     0   -17.0   45.399 -119.221    732.7    927.6
