     1     1
    SITE    10     3     1     0     0
     1 BACKWARD OMEGA   
    17     8    14     3   46.392 -119.412   700.0
     1 PRESSURE
     1     1    17     8    14     3     0     0     0.0   46.392 -119.412    700.0    931.4
     1     1    17     8    14     2     0     0    -1.0   46.323 -119.401    670.0    935.0
     1     1    17     8    14     1     0     0    -2.0   46.255 -119.388    657.7    936.7
     1     1    17     8    14     0     0     0    -3.0   46.193 -119.383    650.8    937.1
     1     1    17     8    13    23     0     0    -4.0   46.120 -119.371    648.0    938.9
     1     1    17     8    13    22     0     0    -5.0   46.047 -119.369    653.4    936.8
     1     1    17     8    13    21     0     0    -6.0   46.076 -119.471    652.2    937.6
     1     1    17     8    13    20     0     0    -7.0   46.236 -119.657    655.3    937.3
     1     1    17     8    13    19     0     0    -8.0   46.392 -119.819    692.6    932.8
     1     1    17     8    13    18     0     0    -9.0   46.508 -119.988    688.9    932.9
     1     1    17     8    13    17     0     0   -10.0   46.606 -120.200    697.2    932.2
     1     1    17     8    13    16     0     0   -11.0   46.582 -120.407    692.4    931.5
     1     1    17     8    13    15     0     0   -12.0   46.431 -120.534    663.8    935.1
     1     1    17     8    13    14     0     0   -13.0   46.258 -120.580    651.1    936.6
     1     1    17     8    13    13     0     0   -14.0   46.088 -120.604    633.6    940.0
     1     1    17     8    13    12     0     0   -15.0   45.899 -120.662    635.2    939.5
     1     1    17     8    13    11     0     0   -16.0   45.691 -120.764    642.1    938.0
