     1     1
    SITE    10     3     1     0     0
     1 BACKWARD OMEGA   
    17     8     1     6   46.392 -119.412   700.0
     1 PRESSURE
     1     1    17     8     1     6     0     0     0.0   46.392 -119.412    700.0    931.4
     1     1    17     8     1     5     0     0    -1.0   46.337 -119.396    703.0    931.1
     1     1    17     8     1     4     0     0    -2.0   46.295 -119.389    703.4    930.1
     1     1    17     8     1     3     0     0    -3.0   46.257 -119.392    701.4    931.8
     1     1    17     8     1     2     0     0    -4.0   46.227 -119.377    700.8    930.9
     1     1    17     8     1     1     0     0    -5.0   46.195 -119.356    696.8    931.7
     1     1    17     8     1     0     0     0    -6.0   46.149 -119.355    698.6    932.3
     1     1    17     7    31    23     0     0    -7.0   46.147 -119.380    689.1    930.6
     1     1    17     7    31    22     0     0    -8.0   46.160 -119.449    680.7    934.9
     1     1    17     7    31    21     0     0    -9.0   46.157 -119.511    680.2    933.1
     1     1    17     7    31    20     0     0   -10.0   46.171 -119.545    673.9    934.2
     1     1    17     7    31    19     0     0   -11.0   46.157 -119.559    666.8    935.6
     1     1    17     7    31    18     0     0   -12.0   46.094 -119.522    674.1    935.2
     1     1    17     7    31    17     0     0   -13.0   46.013 -119.444    702.6    931.3
     1     1    17     7    31    16     0     0   -14.0   45.928 -119.398    723.7    928.0
     1     1    17     7    31    15     0     0   -15.0   45.838 -119.359    737.8    927.6
     1     1    17     7    31    14     0     0   -16.0   45.733 -119.305    732.1    927.8
     1     1    17     7    31    13     0     0   -17.0   45.619 -119.273    732.2    926.6
     1     1    17     7    31    12     0     0   -18.0   45.520 -119.262    715.4    930.3
     1     1    17     7    31    11     0     0   -19.0   45.432 -119.230    711.0    929.5
     1     1    17     7    31    10     0     0   -20.0   45.393 -119.161    701.9    931.6
