     1     1
    SITE    10     3     1     0     0
     1 BACKWARD OMEGA   
    17     8     3    15   46.392 -119.412   700.0
     1 PRESSURE
     1     1    17     8     3    15     0     0     0.0   46.392 -119.412    700.0    931.4
     1     1    17     8     3    14     0     0    -1.0   46.344 -119.290    704.2    930.9
     1     1    17     8     3    13     0     0    -2.0   46.280 -119.266    710.9    930.1
     1     1    17     8     3    12     0     0    -3.0   46.237 -119.354    720.3    928.5
     1     1    17     8     3    11     0     0    -4.0   46.281 -119.428    713.2    930.6
     1     1    17     8     3    10     0     0    -5.0   46.379 -119.466    735.1    927.1
     1     1    17     8     3     9     0     0    -6.0   46.416 -119.545    747.5    926.0
     1     1    17     8     3     8     0     0    -7.0   46.394 -119.589    752.2    925.1
     1     1    17     8     3     7     0     0    -8.0   46.361 -119.586    745.7    926.3
     1     1    17     8     3     6     0     0    -9.0   46.327 -119.592    740.5    926.9
     1     1    17     8     3     5     0     0   -10.0   46.294 -119.619    731.1    927.2
     1     1    17     8     3     4     0     0   -11.0   46.279 -119.666    718.8    930.1
     1     1    17     8     3     3     0     0   -12.0   46.283 -119.727    729.2    929.4
     1     1    17     8     3     2     0     0   -13.0   46.291 -119.798    751.2    925.2
     1     1    17     8     3     1     0     0   -14.0   46.299 -119.860    759.6    923.4
     1     1    17     8     3     0     0     0   -15.0   46.290 -119.912    755.3    925.0
     1     1    17     8     2    23     0     0   -16.0   46.280 -119.964    754.4    925.6
     1     1    17     8     2    22     0     0   -17.0   46.297 -120.023    766.9    924.7
     1     1    17     8     2    21     0     0   -18.0   46.313 -120.094    779.6    921.0
     1     1    17     8     2    20     0     0   -19.0   46.341 -120.173    752.8    923.5
     1     1    17     8     2    19     0     0   -20.0   46.403 -120.235    749.1    926.2
     1     1    17     8     2    18     0     0   -21.0   46.435 -120.353    728.2    926.8
     1     1    17     8     2    17     0     0   -22.0   46.363 -120.436    725.4    930.0
     1     1    17     8     2    16     0     0   -23.0   46.352 -120.404    741.5    925.5
     1     1    17     8     2    15     0     0   -24.0   46.352 -120.381    730.7    927.6
     1     1    17     8     2    14     0     0   -25.0   46.218 -120.380    719.2    930.4
     1     1    17     8     2    13     0     0   -26.0   46.067 -120.383    738.8    926.7
     1     1    17     8     2    12     0     0   -27.0   45.904 -120.381    756.1    925.3
     1     1    17     8     2    11     0     0   -28.0   45.725 -120.375    769.7    923.9
     1     1    17     8     2    10     0     0   -29.0   45.626 -120.218    819.2    918.2
     1     1    17     8     2     9     0     0   -30.0   45.739 -120.089    882.3    910.2
     1     1    17     8     2     8     0     0   -31.0   45.961 -120.140    851.6    914.7
     1     1    17     8     2     7     0     0   -32.0   46.161 -120.241    845.9    914.9
     1     1    17     8     2     6     0     0   -33.0   46.327 -120.368    856.2    914.1
     1     1    17     8     2     5     0     0   -34.0   46.468 -120.465    857.6    914.5
     1     1    17     8     2     4     0     0   -35.0   46.602 -120.528    857.0    913.4
     1     1    17     8     2     3     0     0   -36.0   46.745 -120.602    897.5    910.8
     1     1    17     8     2     2     0     0   -37.0   46.894 -120.715    908.7    907.8
     1     1    17     8     2     1     0     0   -38.0   47.019 -120.824    921.0    907.2
