     1     1
    SITE    10     3     1     0     0
     1 BACKWARD OMEGA   
    17     8    22    22   46.392 -119.412   700.0
     1 PRESSURE
     1     1    17     8    22    22     0     0     0.0   46.392 -119.412    700.0    931.4
     1     1    17     8    22    21     0     0    -1.0   46.300 -119.404    702.9    931.1
     1     1    17     8    22    20     0     0    -2.0   46.203 -119.376    712.0    930.1
     1     1    17     8    22    19     0     0    -3.0   46.118 -119.371    717.5    929.2
     1     1    17     8    22    18     0     0    -4.0   46.044 -119.362    710.9    929.8
     1     1    17     8    22    17     0     0    -5.0   45.961 -119.328    704.0    931.7
     1     1    17     8    22    16     0     0    -6.0   45.860 -119.296    670.0    933.3
     1     1    17     8    22    15     0     0    -7.0   45.742 -119.260    618.3    942.4
     1     1    17     8    22    14     0     0    -8.0   45.641 -119.191    620.3    940.6
     1     1    17     8    22    13     0     0    -9.0   45.578 -119.123    617.4    941.3
     1     1    17     8    22    12     0     0   -10.0   45.543 -119.062    623.8    940.6
     1     1    17     8    22    11     0     0   -11.0   45.512 -119.010    631.8    938.9
     1     1    17     8    22    10     0     0   -12.0   45.454 -118.969    637.7    939.3
     1     1    17     8    22     9     0     0   -13.0   45.382 -118.935    667.0    935.4
