     1     1
    SITE    10     3     1     0     0
     1 BACKWARD OMEGA   
    17     8     3    20   46.392 -119.412   700.0
     1 PRESSURE
     1     1    17     8     3    20     0     0     0.0   46.392 -119.412    700.0    931.4
     1     1    17     8     3    19     0     0    -1.0   46.323 -119.441    685.5    933.1
     1     1    17     8     3    18     0     0    -2.0   46.256 -119.451    685.8    933.5
     1     1    17     8     3    17     0     0    -3.0   46.166 -119.396    660.3    935.0
     1     1    17     8     3    16     0     0    -4.0   46.086 -119.277    646.1    937.8
     1     1    17     8     3    15     0     0    -5.0   46.041 -119.136    621.5    939.4
     1     1    17     8     3    14     0     0    -6.0   45.997 -119.016    599.4    943.9
     1     1    17     8     3    13     0     0    -7.0   45.934 -118.993    613.5    941.5
     1     1    17     8     3    12     0     0    -8.0   45.889 -119.082    634.4    939.2
     1     1    17     8     3    11     0     0    -9.0   45.932 -119.156    636.2    938.8
     1     1    17     8     3    10     0     0   -10.0   46.029 -119.194    640.0    939.1
     1     1    17     8     3     9     0     0   -11.0   46.066 -119.274    651.3    937.3
     1     1    17     8     3     8     0     0   -12.0   46.046 -119.318    660.0    936.2
     1     1    17     8     3     7     0     0   -13.0   46.012 -119.316    668.6    935.3
     1     1    17     8     3     6     0     0   -14.0   45.977 -119.323    672.8    934.1
     1     1    17     8     3     5     0     0   -15.0   45.944 -119.350    665.1    934.7
     1     1    17     8     3     4     0     0   -16.0   45.931 -119.396    656.1    938.1
     1     1    17     8     3     3     0     0   -17.0   45.938 -119.454    661.7    935.8
     1     1    17     8     3     2     0     0   -18.0   45.946 -119.524    650.3    935.8
     1     1    17     8     3     1     0     0   -19.0   45.952 -119.587    642.9    940.1
     1     1    17     8     3     0     0     0   -20.0   45.942 -119.639    649.7    937.2
     1     1    17     8     2    23     0     0   -21.0   45.931 -119.691    641.5    937.0
     1     1    17     8     2    22     0     0   -22.0   45.947 -119.748    621.1    941.3
     1     1    17     8     2    21     0     0   -23.0   45.963 -119.821    612.9    942.3
     1     1    17     8     2    20     0     0   -24.0   45.993 -119.898    620.7    941.9
     1     1    17     8     2    19     0     0   -25.0   46.055 -119.956    614.4    940.3
     1     1    17     8     2    18     0     0   -26.0   46.088 -120.074    595.2    942.9
     1     1    17     8     2    17     0     0   -27.0   46.016 -120.159    609.6    944.0
     1     1    17     8     2    16     0     0   -28.0   46.007 -120.128    615.5    941.1
     1     1    17     8     2    15     0     0   -29.0   46.005 -120.106    624.8    940.8
     1     1    17     8     2    14     0     0   -30.0   45.872 -120.107    610.9    942.7
     1     1    17     8     2    13     0     0   -31.0   45.723 -120.105    619.0    940.6
     1     1    17     8     2    12     0     0   -32.0   45.559 -120.106    596.2    943.7
     1     1    17     8     2    11     0     0   -33.0   45.376 -120.106    630.6    940.3
