     1     1
    SITE    10     3     1     0     0
     1 BACKWARD OMEGA   
    17     8     6    12   46.392 -119.412   700.0
     1 PRESSURE
     1     1    17     8     6    12     0     0     0.0   46.392 -119.412    700.0    931.4
     1     1    17     8     6    11     0     0    -1.0   46.415 -119.347    694.7    932.1
     1     1    17     8     6    10     0     0    -2.0   46.466 -119.305    699.6    932.8
     1     1    17     8     6     9     0     0    -3.0   46.467 -119.270    708.4    929.4
     1     1    17     8     6     8     0     0    -4.0   46.426 -119.260    710.6    929.7
     1     1    17     8     6     7     0     0    -5.0   46.391 -119.266    710.4    930.7
     1     1    17     8     6     6     0     0    -6.0   46.361 -119.279    711.2    929.7
     1     1    17     8     6     5     0     0    -7.0   46.324 -119.266    712.4    930.2
     1     1    17     8     6     4     0     0    -8.0   46.290 -119.245    715.2    929.3
     1     1    17     8     6     3     0     0    -9.0   46.263 -119.256    715.6    929.6
     1     1    17     8     6     2     0     0   -10.0   46.232 -119.254    705.1    929.4
     1     1    17     8     6     1     0     0   -11.0   46.193 -119.253    682.4    933.2
     1     1    17     8     6     0     0     0   -12.0   46.162 -119.288    659.3    937.1
     1     1    17     8     5    23     0     0   -13.0   46.175 -119.330    650.9    938.1
     1     1    17     8     5    22     0     0   -14.0   46.182 -119.368    652.0    936.8
     1     1    17     8     5    21     0     0   -15.0   46.152 -119.399    642.9    937.3
     1     1    17     8     5    20     0     0   -16.0   46.106 -119.434    637.5    940.2
     1     1    17     8     5    19     0     0   -17.0   46.049 -119.471    631.1    938.9
     1     1    17     8     5    18     0     0   -18.0   45.989 -119.489    627.8    940.9
     1     1    17     8     5    17     0     0   -19.0   45.906 -119.476    635.1    939.2
     1     1    17     8     5    16     0     0   -20.0   45.823 -119.409    626.9    939.7
     1     1    17     8     5    15     0     0   -21.0   45.785 -119.306    614.4    941.2
     1     1    17     8     5    14     0     0   -22.0   45.797 -119.293    595.1    943.4
     1     1    17     8     5    13     0     0   -23.0   45.801 -119.283    584.8    946.0
     1     1    17     8     5    12     0     0   -24.0   45.783 -119.167    593.1    943.5
     1     1    17     8     5    11     0     0   -25.0   45.721 -119.106    587.2    943.9
     1     1    17     8     5    10     0     0   -26.0   45.621 -119.110    569.9    946.7
     1     1    17     8     5     9     0     0   -27.0   45.546 -119.113    565.9    946.4
     1     1    17     8     5     8     0     0   -28.0   45.512 -119.128    559.0    947.2
     1     1    17     8     5     7     0     0   -29.0   45.486 -119.139    554.7    948.1
     1     1    17     8     5     6     0     0   -30.0   45.458 -119.108    552.6    947.7
     1     1    17     8     5     5     0     0   -31.0   45.451 -119.101    551.0    948.0
     1     1    17     8     5     4     0     0   -32.0   45.424 -119.109    549.1    948.9
     1     1    17     8     5     3     0     0   -33.0   45.363 -119.081    560.8    948.1
