     1     1
    SITE    10     3     1     0     0
     1 BACKWARD OMEGA   
    17     8    19    20   46.392 -119.412   700.0
     1 PRESSURE
     1     1    17     8    19    20     0     0     0.0   46.392 -119.412    700.0    931.4
     1     1    17     8    19    19     0     0    -1.0   46.348 -119.452    684.5    933.2
     1     1    17     8    19    18     0     0    -2.0   46.265 -119.416    676.1    933.4
     1     1    17     8    19    17     0     0    -3.0   46.164 -119.353    666.2    935.8
     1     1    17     8    19    16     0     0    -4.0   46.069 -119.302    669.2    935.8
     1     1    17     8    19    15     0     0    -5.0   45.968 -119.256    699.7    931.5
     1     1    17     8    19    14     0     0    -6.0   45.892 -119.166    706.7    929.7
     1     1    17     8    19    13     0     0    -7.0   45.823 -119.074    671.7    934.8
     1     1    17     8    19    12     0     0    -8.0   45.812 -119.073    659.1    936.4
     1     1    17     8    19    11     0     0    -9.0   45.879 -119.145    646.5    937.9
     1     1    17     8    19    10     0     0   -10.0   45.949 -119.209    640.1    939.0
     1     1    17     8    19     9     0     0   -11.0   46.025 -119.270    630.9    939.0
     1     1    17     8    19     8     0     0   -12.0   46.082 -119.366    618.4    941.7
     1     1    17     8    19     7     0     0   -13.0   46.074 -119.436    629.7    939.5
     1     1    17     8    19     6     0     0   -14.0   46.014 -119.454    639.0    940.0
     1     1    17     8    19     5     0     0   -15.0   45.946 -119.481    637.1    936.4
     1     1    17     8    19     4     0     0   -16.0   45.875 -119.506    624.9    940.5
     1     1    17     8    19     3     0     0   -17.0   45.800 -119.506    635.2    939.4
     1     1    17     8    19     2     0     0   -18.0   45.735 -119.532    641.8    938.4
     1     1    17     8    19     1     0     0   -19.0   45.691 -119.546    645.2    937.8
     1     1    17     8    19     0     0     0   -20.0   45.638 -119.563    635.0    938.1
     1     1    17     8    18    23     0     0   -21.0   45.629 -119.717    645.7    941.6
     1     1    17     8    18    22     0     0   -22.0   45.750 -119.941    666.3    934.2
     1     1    17     8    18    21     0     0   -23.0   45.949 -120.128    629.6    939.6
     1     1    17     8    18    20     0     0   -24.0   46.138 -120.355    627.3    939.8
     1     1    17     8    18    19     0     0   -25.0   46.309 -120.576    623.6    941.5
     1     1    17     8    18    18     0     0   -26.0   46.494 -120.778    632.2    939.9
