     1     1
    SITE    10     3     1     0     0
     1 BACKWARD OMEGA   
    17     8    21    15   46.392 -119.412   700.0
     1 PRESSURE
     1     1    17     8    21    15     0     0     0.0   46.392 -119.412    700.0    931.4
     1     1    17     8    21    14     0     0    -1.0   46.420 -119.336    690.7    932.5
     1     1    17     8    21    13     0     0    -2.0   46.483 -119.267    676.7    934.1
     1     1    17     8    21    12     0     0    -3.0   46.509 -119.166    672.9    935.9
     1     1    17     8    21    11     0     0    -4.0   46.557 -119.118    669.9    935.2
     1     1    17     8    21    10     0     0    -5.0   46.640 -119.118    675.9    933.6
     1     1    17     8    21     9     0     0    -6.0   46.660 -119.060    673.9    934.8
     1     1    17     8    21     8     0     0    -7.0   46.632 -119.006    677.5    933.6
     1     1    17     8    21     7     0     0    -8.0   46.599 -118.968    679.6    933.9
     1     1    17     8    21     6     0     0    -9.0   46.580 -118.927    685.3    933.5
     1     1    17     8    21     5     0     0   -10.0   46.568 -118.907    689.7    932.3
     1     1    17     8    21     4     0     0   -11.0   46.555 -118.892    693.7    932.5
     1     1    17     8    21     3     0     0   -12.0   46.543 -118.891    697.0    931.1
     1     1    17     8    21     2     0     0   -13.0   46.520 -118.924    698.7    932.1
     1     1    17     8    21     1     0     0   -14.0   46.490 -118.935    701.0    931.0
     1     1    17     8    21     0     0     0   -15.0   46.463 -118.960    706.1    931.0
     1     1    17     8    20    23     0     0   -16.0   46.485 -119.011    707.6    929.7
     1     1    17     8    20    22     0     0   -17.0   46.553 -119.042    688.8    933.0
     1     1    17     8    20    21     0     0   -18.0   46.575 -119.076    684.2    934.6
     1     1    17     8    20    20     0     0   -19.0   46.544 -119.109    685.7    932.6
     1     1    17     8    20    19     0     0   -20.0   46.496 -119.125    689.0    933.2
     1     1    17     8    20    18     0     0   -21.0   46.457 -119.070    688.0    932.1
     1     1    17     8    20    17     0     0   -22.0   46.423 -118.954    682.8    933.6
     1     1    17     8    20    16     0     0   -23.0   46.361 -118.871    663.9    935.5
     1     1    17     8    20    15     0     0   -24.0   46.274 -118.842    661.2    936.1
     1     1    17     8    20    14     0     0   -25.0   46.191 -118.823    657.0    936.3
     1     1    17     8    20    13     0     0   -26.0   46.127 -118.751    666.3    936.0
     1     1    17     8    20    12     0     0   -27.0   46.048 -118.710    692.4    932.9
     1     1    17     8    20    11     0     0   -28.0   45.946 -118.704    704.9    930.2
     1     1    17     8    20    10     0     0   -29.0   45.877 -118.711    698.9    932.1
     1     1    17     8    20     9     0     0   -30.0   45.822 -118.748    690.7    931.8
     1     1    17     8    20     8     0     0   -31.0   45.759 -118.775    694.0    933.1
     1     1    17     8    20     7     0     0   -32.0   45.694 -118.768    706.6    928.2
     1     1    17     8    20     6     0     0   -33.0   45.610 -118.713    679.7    934.2
     1     1    17     8    20     5     0     0   -34.0   45.514 -118.688    676.2    934.4
     1     1    17     8    20     4     0     0   -35.0   45.431 -118.691    679.0    933.8
