     1     1
    SITE    10     3     1     0     0
     1 BACKWARD OMEGA   
    17     8    10     5   46.392 -119.412   700.0
     1 PRESSURE
     1     1    17     8    10     5     0     0     0.0   46.392 -119.412    700.0    931.4
     1     1    17     8    10     4     0     0    -1.0   46.368 -119.430    699.7    931.5
     1     1    17     8    10     3     0     0    -2.0   46.324 -119.421    693.7    931.5
     1     1    17     8    10     2     0     0    -3.0   46.295 -119.443    684.2    933.3
     1     1    17     8    10     1     0     0    -4.0   46.289 -119.494    675.3    934.5
     1     1    17     8    10     0     0     0    -5.0   46.257 -119.521    662.7    935.1
     1     1    17     8     9    23     0     0    -6.0   46.227 -119.576    652.6    938.0
     1     1    17     8     9    22     0     0    -7.0   46.188 -119.614    660.9    937.0
     1     1    17     8     9    21     0     0    -8.0   46.144 -119.624    660.1    936.1
     1     1    17     8     9    20     0     0    -9.0   46.133 -119.676    646.9    936.6
     1     1    17     8     9    19     0     0   -10.0   46.093 -119.708    637.0    940.4
     1     1    17     8     9    18     0     0   -11.0   46.080 -119.659    635.5    939.3
     1     1    17     8     9    17     0     0   -12.0   46.129 -119.543    613.4    939.3
     1     1    17     8     9    16     0     0   -13.0   46.173 -119.414    594.3    943.3
     1     1    17     8     9    15     0     0   -14.0   46.182 -119.297    573.3    945.3
     1     1    17     8     9    14     0     0   -15.0   46.137 -119.232    552.4    948.1
     1     1    17     8     9    13     0     0   -16.0   46.060 -119.222    529.5    950.2
     1     1    17     8     9    12     0     0   -17.0   45.985 -119.176    506.7    953.4
     1     1    17     8     9    11     0     0   -18.0   45.926 -119.132    494.7    954.8
     1     1    17     8     9    10     0     0   -19.0   45.877 -119.109    488.0    954.9
     1     1    17     8     9     9     0     0   -20.0   45.829 -119.085    487.9    956.2
     1     1    17     8     9     8     0     0   -21.0   45.773 -119.069    494.8    954.6
     1     1    17     8     9     7     0     0   -22.0   45.711 -119.047    492.1    953.6
     1     1    17     8     9     6     0     0   -23.0   45.669 -119.024    480.1    956.2
     1     1    17     8     9     5     0     0   -24.0   45.650 -119.037    479.8    957.5
     1     1    17     8     9     4     0     0   -25.0   45.627 -119.064    487.9    955.1
     1     1    17     8     9     3     0     0   -26.0   45.599 -119.094    490.1    954.2
     1     1    17     8     9     2     0     0   -27.0   45.591 -119.142    487.9    956.0
     1     1    17     8     9     1     0     0   -28.0   45.572 -119.168    493.9    954.9
     1     1    17     8     9     0     0     0   -29.0   45.548 -119.210    495.8    953.0
     1     1    17     8     8    23     0     0   -30.0   45.535 -119.266    496.7    955.6
     1     1    17     8     8    22     0     0   -31.0   45.509 -119.316    510.1    953.2
     1     1    17     8     8    21     0     0   -32.0   45.486 -119.356    516.0    950.9
     1     1    17     8     8    20     0     0   -33.0   45.470 -119.385    511.9    952.4
     1     1    17     8     8    19     0     0   -34.0   45.445 -119.423    506.1    953.0
     1     1    17     8     8    18     0     0   -35.0   45.414 -119.407    496.7    953.7
     1     1    17     8     8    17     0     0   -36.0   45.407 -119.329    488.1    956.5
     1     1    17     8     8    16     0     0   -37.0   45.402 -119.241    499.2    955.1
     1     1    17     8     8    15     0     0   -38.0   45.389 -119.134    506.8    951.2
