     1     1
    SITE    10     3     1     0     0
     1 BACKWARD OMEGA   
    17     8     8    14   46.392 -119.412   700.0
     1 PRESSURE
     1     1    17     8     8    14     0     0     0.0   46.392 -119.412    700.0    931.4
     1     1    17     8     8    13     0     0    -1.0   46.328 -119.313    691.2    932.4
     1     1    17     8     8    12     0     0    -2.0   46.249 -119.247    680.5    934.1
     1     1    17     8     8    11     0     0    -3.0   46.182 -119.201    693.0    932.3
     1     1    17     8     8    10     0     0    -4.0   46.133 -119.188    696.9    931.5
     1     1    17     8     8     9     0     0    -5.0   46.097 -119.216    697.5    932.5
     1     1    17     8     8     8     0     0    -6.0   46.067 -119.216    694.7    931.0
     1     1    17     8     8     7     0     0    -7.0   46.027 -119.171    686.9    933.2
     1     1    17     8     8     6     0     0    -8.0   45.989 -119.149    681.4    934.0
     1     1    17     8     8     5     0     0    -9.0   45.978 -119.172    676.0    933.7
     1     1    17     8     8     4     0     0   -10.0   45.969 -119.166    670.9    935.0
     1     1    17     8     8     3     0     0   -11.0   45.933 -119.123    666.0    935.8
     1     1    17     8     8     2     0     0   -12.0   45.896 -119.102    666.2    936.0
     1     1    17     8     8     1     0     0   -13.0   45.879 -119.072    664.4    934.9
     1     1    17     8     8     0     0     0   -14.0   45.848 -119.067    678.6    935.4
     1     1    17     8     7    23     0     0   -15.0   45.801 -119.095    692.0    931.5
     1     1    17     8     7    22     0     0   -16.0   45.815 -119.116    702.5    931.4
     1     1    17     8     7    21     0     0   -17.0   45.833 -119.156    698.9    933.0
     1     1    17     8     7    20     0     0   -18.0   45.790 -119.203    706.3    930.6
     1     1    17     8     7    19     0     0   -19.0   45.737 -119.231    707.5    930.3
     1     1    17     8     7    18     0     0   -20.0   45.682 -119.231    713.7    930.7
     1     1    17     8     7    17     0     0   -21.0   45.615 -119.210    720.7    928.4
     1     1    17     8     7    16     0     0   -22.0   45.533 -119.182    702.5    930.2
     1     1    17     8     7    15     0     0   -23.0   45.438 -119.133    673.6    935.3
