     1     1
    SITE    10     3     1     0     0
     1 BACKWARD OMEGA   
    17     8    12     8   46.392 -119.412   700.0
     1 PRESSURE
     1     1    17     8    12     8     0     0     0.0   46.392 -119.412    700.0    931.4
     1     1    17     8    12     7     0     0    -1.0   46.296 -119.474    692.0    932.4
     1     1    17     8    12     6     0     0    -2.0   46.244 -119.570    700.2    932.1
     1     1    17     8    12     5     0     0    -3.0   46.174 -119.568    710.2    930.2
     1     1    17     8    12     4     0     0    -4.0   46.038 -119.524    673.2    934.6
     1     1    17     8    12     3     0     0    -5.0   45.898 -119.558    651.0    936.8
     1     1    17     8    12     2     0     0    -6.0   45.816 -119.597    635.4    939.1
     1     1    17     8    12     1     0     0    -7.0   45.762 -119.646    634.4    939.9
     1     1    17     8    12     0     0     0    -8.0   45.732 -119.718    637.6    937.3
     1     1    17     8    11    23     0     0    -9.0   45.687 -119.761    634.7    938.9
     1     1    17     8    11    22     0     0   -10.0   45.602 -119.746    654.7    937.6
     1     1    17     8    11    21     0     0   -11.0   45.516 -119.736    672.7    933.6
     1     1    17     8    11    20     0     0   -12.0   45.434 -119.782    656.5    936.5
