     1     1
    SITE    10     3     1     0     0
     1 BACKWARD OMEGA   
    17     8     3     7   46.392 -119.412   700.0
     1 PRESSURE
     1     1    17     8     3     7     0     0     0.0   46.392 -119.412    700.0    931.4
     1     1    17     8     3     6     0     0    -1.0   46.357 -119.419    711.5    930.1
     1     1    17     8     3     5     0     0    -2.0   46.325 -119.446    714.4    929.3
     1     1    17     8     3     4     0     0    -3.0   46.310 -119.492    718.1    929.9
     1     1    17     8     3     3     0     0    -4.0   46.314 -119.553    716.5    928.4
     1     1    17     8     3     2     0     0    -5.0   46.322 -119.626    718.9    930.4
     1     1    17     8     3     1     0     0    -6.0   46.329 -119.689    732.4    927.9
     1     1    17     8     3     0     0     0    -7.0   46.319 -119.741    741.3    925.8
     1     1    17     8     2    23     0     0    -8.0   46.308 -119.794    737.5    926.5
     1     1    17     8     2    22     0     0    -9.0   46.326 -119.854    733.3    928.0
     1     1    17     8     2    21     0     0   -10.0   46.342 -119.926    730.5    928.0
     1     1    17     8     2    20     0     0   -11.0   46.370 -120.006    723.0    927.8
     1     1    17     8     2    19     0     0   -12.0   46.434 -120.067    712.7    930.2
     1     1    17     8     2    18     0     0   -13.0   46.468 -120.182    718.7    929.4
     1     1    17     8     2    17     0     0   -14.0   46.395 -120.265    707.3    931.5
     1     1    17     8     2    16     0     0   -15.0   46.385 -120.237    729.9    927.5
     1     1    17     8     2    15     0     0   -16.0   46.382 -120.217    757.3    926.2
     1     1    17     8     2    14     0     0   -17.0   46.247 -120.220    792.8    921.4
     1     1    17     8     2    13     0     0   -18.0   46.096 -120.222    797.8    920.7
     1     1    17     8     2    12     0     0   -19.0   45.931 -120.223    814.0    918.4
     1     1    17     8     2    11     0     0   -20.0   45.750 -120.217    851.9    916.0
     1     1    17     8     2    10     0     0   -21.0   45.652 -120.062    946.2    904.1
     1     1    17     8     2     9     0     0   -22.0   45.765 -119.930    911.2    909.3
     1     1    17     8     2     8     0     0   -23.0   45.987 -119.979    925.2    907.5
     1     1    17     8     2     7     0     0   -24.0   46.187 -120.080    944.2    904.8
     1     1    17     8     2     6     0     0   -25.0   46.352 -120.207    964.2    901.8
     1     1    17     8     2     5     0     0   -26.0   46.494 -120.303    987.3    900.2
     1     1    17     8     2     4     0     0   -27.0   46.629 -120.366    997.6    899.3
     1     1    17     8     2     3     0     0   -28.0   46.772 -120.442   1001.1    898.5
     1     1    17     8     2     2     0     0   -29.0   46.921 -120.556   1041.6    895.9
     1     1    17     8     2     1     0     0   -30.0   47.047 -120.667   1115.3    885.8
     1     1    17     8     2     0     0     0   -31.0   47.122 -120.749   1129.5    884.1
     1     1    17     8     1    23     0     0   -32.0   47.135 -120.815   1123.3    884.6
     1     1    17     8     1    22     0     0   -33.0   47.119 -120.865   1116.4    886.1
