     1     1
    SITE    10     3     1     0     0
     1 BACKWARD OMEGA   
    17     8     2     3   46.392 -119.412   700.0
     1 PRESSURE
     1     1    17     8     2     3     0     0     0.0   46.392 -119.412    700.0    931.4
     1     1    17     8     2     2     0     0    -1.0   46.542 -119.522    663.5    935.9
     1     1    17     8     2     1     0     0    -2.0   46.670 -119.627    664.4    935.3
     1     1    17     8     2     0     0     0    -3.0   46.748 -119.711    648.4    937.9
     1     1    17     8     1    23     0     0    -4.0   46.762 -119.777    653.4    936.9
     1     1    17     8     1    22     0     0    -5.0   46.745 -119.826    660.2    936.7
     1     1    17     8     1    21     0     0    -6.0   46.748 -119.859    669.4    934.8
     1     1    17     8     1    20     0     0    -7.0   46.769 -119.897    681.4    934.3
     1     1    17     8     1    19     0     0    -8.0   46.765 -119.946    694.5    931.5
     1     1    17     8     1    18     0     0    -9.0   46.788 -119.916    694.0    931.1
     1     1    17     8     1    17     0     0   -10.0   46.864 -119.797    687.0    932.0
     1     1    17     8     1    16     0     0   -11.0   46.884 -119.675    692.5    933.3
     1     1    17     8     1    15     0     0   -12.0   46.856 -119.673    683.1    933.2
     1     1    17     8     1    14     0     0   -13.0   46.832 -119.674    677.3    934.3
     1     1    17     8     1    13     0     0   -14.0   46.767 -119.623    692.6    932.5
     1     1    17     8     1    12     0     0   -15.0   46.705 -119.695    694.3    932.3
     1     1    17     8     1    11     0     0   -16.0   46.739 -119.781    666.8    934.4
     1     1    17     8     1    10     0     0   -17.0   46.827 -119.805    663.9    937.1
     1     1    17     8     1     9     0     0   -18.0   46.845 -119.820    687.9    932.2
     1     1    17     8     1     8     0     0   -19.0   46.797 -119.813    693.8    931.9
     1     1    17     8     1     7     0     0   -20.0   46.750 -119.781    686.2    931.4
     1     1    17     8     1     6     0     0   -21.0   46.696 -119.759    680.2    935.8
     1     1    17     8     1     5     0     0   -22.0   46.641 -119.742    687.6    931.8
     1     1    17     8     1     4     0     0   -23.0   46.600 -119.733    681.2    933.1
     1     1    17     8     1     3     0     0   -24.0   46.561 -119.735    678.7    934.7
     1     1    17     8     1     2     0     0   -25.0   46.531 -119.719    681.2    933.4
     1     1    17     8     1     1     0     0   -26.0   46.499 -119.697    674.6    934.0
     1     1    17     8     1     0     0     0   -27.0   46.453 -119.700    669.2    935.7
     1     1    17     7    31    23     0     0   -28.0   46.451 -119.728    675.1    935.1
     1     1    17     7    31    22     0     0   -29.0   46.464 -119.799    679.9    932.6
     1     1    17     7    31    21     0     0   -30.0   46.462 -119.863    672.2    934.7
     1     1    17     7    31    20     0     0   -31.0   46.476 -119.896    671.2    935.4
     1     1    17     7    31    19     0     0   -32.0   46.463 -119.912    669.7    934.4
     1     1    17     7    31    18     0     0   -33.0   46.402 -119.873    666.1    935.2
     1     1    17     7    31    17     0     0   -34.0   46.322 -119.795    649.2    937.2
     1     1    17     7    31    16     0     0   -35.0   46.237 -119.749    625.5    940.4
     1     1    17     7    31    15     0     0   -36.0   46.148 -119.714    618.0    941.2
     1     1    17     7    31    14     0     0   -37.0   46.039 -119.659    603.2    942.0
     1     1    17     7    31    13     0     0   -38.0   45.925 -119.625    593.5    943.3
     1     1    17     7    31    12     0     0   -39.0   45.829 -119.613    589.5    944.0
     1     1    17     7    31    11     0     0   -40.0   45.742 -119.579    591.2    944.2
     1     1    17     7    31    10     0     0   -41.0   45.701 -119.508    612.2    941.9
     1     1    17     7    31     9     0     0   -42.0   45.676 -119.469    631.1    938.5
     1     1    17     7    31     8     0     0   -43.0   45.629 -119.464    638.0    938.9
     1     1    17     7    31     7     0     0   -44.0   45.597 -119.437    641.4    937.8
     1     1    17     7    31     6     0     0   -45.0   45.583 -119.395    636.2    938.4
     1     1    17     7    31     5     0     0   -46.0   45.573 -119.405    628.4    940.0
     1     1    17     7    31     4     0     0   -47.0   45.531 -119.430    613.6    940.3
     1     1    17     7    31     3     0     0   -48.0   45.444 -119.369    622.3    940.3
