     1     1
    SITE    10     3     1     0     0
     1 BACKWARD OMEGA   
    17     8     2     5   46.392 -119.412   700.0
     1 PRESSURE
     1     1    17     8     2     5     0     0     0.0   46.392 -119.412    700.0    931.4
     1     1    17     8     2     4     0     0    -1.0   46.527 -119.477    694.2    932.1
     1     1    17     8     2     3     0     0    -2.0   46.671 -119.553    687.4    933.0
     1     1    17     8     2     2     0     0    -3.0   46.818 -119.666    679.2    933.4
     1     1    17     8     2     1     0     0    -4.0   46.944 -119.773    668.2    935.5
     1     1    17     8     2     0     0     0    -5.0   47.020 -119.854    686.1    933.0
     1     1    17     8     1    23     0     0    -6.0   47.034 -119.920    697.2    931.8
     1     1    17     8     1    22     0     0    -7.0   47.018 -119.970    699.2    930.9
     1     1    17     8     1    21     0     0    -8.0   47.021 -120.003    702.9    931.8
     1     1    17     8     1    20     0     0    -9.0   47.042 -120.043    709.4    929.8
     1     1    17     8     1    19     0     0   -10.0   47.039 -120.093    718.4    930.0
     1     1    17     8     1    18     0     0   -11.0   47.060 -120.067    734.2    927.9
     1     1    17     8     1    17     0     0   -12.0   47.136 -119.947    731.2    927.4
     1     1    17     8     1    16     0     0   -13.0   47.152 -119.820    729.6    928.5
     1     1    17     8     1    15     0     0   -14.0   47.124 -119.813    742.2    926.2
     1     1    17     8     1    14     0     0   -15.0   47.101 -119.812    764.6    924.3
     1     1    17     8     1    13     0     0   -16.0   47.034 -119.763    755.1    923.8
     1     1    17     8     1    12     0     0   -17.0   46.972 -119.836    731.6    928.0
     1     1    17     8     1    11     0     0   -18.0   47.006 -119.921    736.3    928.5
     1     1    17     8     1    10     0     0   -19.0   47.094 -119.944    771.6    922.2
     1     1    17     8     1     9     0     0   -20.0   47.114 -119.961    775.5    922.9
     1     1    17     8     1     8     0     0   -21.0   47.068 -119.953    778.0    922.1
     1     1    17     8     1     7     0     0   -22.0   47.023 -119.921    768.6    922.8
     1     1    17     8     1     6     0     0   -23.0   46.971 -119.897    756.9    925.5
     1     1    17     8     1     5     0     0   -24.0   46.917 -119.881    761.1    925.4
     1     1    17     8     1     4     0     0   -25.0   46.876 -119.874    768.5    922.7
     1     1    17     8     1     3     0     0   -26.0   46.838 -119.877    768.0    923.5
     1     1    17     8     1     2     0     0   -27.0   46.809 -119.861    763.3    923.9
     1     1    17     8     1     1     0     0   -28.0   46.777 -119.840    757.8    925.0
     1     1    17     8     1     0     0     0   -29.0   46.732 -119.840    755.6    925.1
     1     1    17     7    31    23     0     0   -30.0   46.729 -119.866    752.1    925.2
     1     1    17     7    31    22     0     0   -31.0   46.741 -119.938    736.8    926.1
     1     1    17     7    31    21     0     0   -32.0   46.739 -120.003    724.2    928.8
     1     1    17     7    31    20     0     0   -33.0   46.753 -120.037    727.2    929.4
     1     1    17     7    31    19     0     0   -34.0   46.739 -120.052    734.0    926.8
     1     1    17     7    31    18     0     0   -35.0   46.679 -120.013    739.2    927.8
     1     1    17     7    31    17     0     0   -36.0   46.599 -119.936    768.9    923.9
     1     1    17     7    31    16     0     0   -37.0   46.513 -119.890    780.1    922.0
     1     1    17     7    31    15     0     0   -38.0   46.424 -119.851    767.3    923.2
     1     1    17     7    31    14     0     0   -39.0   46.320 -119.800    743.2    925.0
     1     1    17     7    31    13     0     0   -40.0   46.207 -119.768    710.7    930.1
     1     1    17     7    31    12     0     0   -41.0   46.108 -119.755    680.2    933.0
     1     1    17     7    31    11     0     0   -42.0   46.024 -119.723    665.9    936.1
     1     1    17     7    31    10     0     0   -43.0   45.986 -119.648    678.6    933.9
     1     1    17     7    31     9     0     0   -44.0   45.961 -119.607    674.1    932.7
     1     1    17     7    31     8     0     0   -45.0   45.911 -119.602    671.1    935.5
     1     1    17     7    31     7     0     0   -46.0   45.878 -119.577    668.7    934.6
     1     1    17     7    31     6     0     0   -47.0   45.863 -119.536    673.4    935.5
     1     1    17     7    31     5     0     0   -48.0   45.852 -119.547    685.3    933.1
     1     1    17     7    31     4     0     0   -49.0   45.808 -119.573    680.3    932.8
     1     1    17     7    31     3     0     0   -50.0   45.722 -119.510    643.6    938.2
     1     1    17     7    31     2     0     0   -51.0   45.624 -119.428    645.4    936.8
     1     1    17     7    31     1     0     0   -52.0   45.532 -119.399    618.2    941.8
     1     1    17     7    31     0     0     0   -53.0   45.495 -119.373    616.3    941.4
     1     1    17     7    30    23     0     0   -54.0   45.565 -119.397    634.9    940.4
     1     1    17     7    30    22     0     0   -55.0   45.697 -119.504    677.9    935.5
     1     1    17     7    30    21     0     0   -56.0   45.825 -119.639    764.6    924.5
     1     1    17     7    30    20     0     0   -57.0   45.937 -119.811    801.9    917.9
     1     1    17     7    30    19     0     0   -58.0   45.930 -119.897    785.4    922.8
     1     1    17     7    30    18     0     0   -59.0   45.813 -119.834    787.4    922.2
     1     1    17     7    30    17     0     0   -60.0   45.706 -119.708    783.4    922.4
     1     1    17     7    30    16     0     0   -61.0   45.591 -119.630    790.1    920.2
     1     1    17     7    30    15     0     0   -62.0   45.469 -119.627    761.2    924.5
     1     1    17     7    30    14     0     0   -63.0   45.338 -119.671    719.8    929.2
