     1     1
    SITE    10     3     1     0     0
     1 BACKWARD OMEGA   
    17     8     8    17   46.392 -119.412   700.0
     1 PRESSURE
     1     1    17     8     8    17     0     0     0.0   46.392 -119.412    700.0    931.4
     1     1    17     8     8    16     0     0    -1.0   46.388 -119.321    699.0    931.6
     1     1    17     8     8    15     0     0    -2.0   46.373 -119.204    700.3    931.2
     1     1    17     8     8    14     0     0    -3.0   46.345 -119.085    713.5    930.1
     1     1    17     8     8    13     0     0    -4.0   46.283 -118.986    722.7    928.7
     1     1    17     8     8    12     0     0    -5.0   46.205 -118.917    717.0    929.6
     1     1    17     8     8    11     0     0    -6.0   46.141 -118.871    711.9    930.0
     1     1    17     8     8    10     0     0    -7.0   46.093 -118.857    706.3    930.7
     1     1    17     8     8     9     0     0    -8.0   46.057 -118.886    693.5    931.8
     1     1    17     8     8     8     0     0    -9.0   46.028 -118.886    677.5    934.2
     1     1    17     8     8     7     0     0   -10.0   45.987 -118.841    668.5    937.5
     1     1    17     8     8     6     0     0   -11.0   45.949 -118.818    674.1    933.5
     1     1    17     8     8     5     0     0   -12.0   45.936 -118.840    673.6    934.4
     1     1    17     8     8     4     0     0   -13.0   45.926 -118.835    662.4    935.0
     1     1    17     8     8     3     0     0   -14.0   45.889 -118.795    659.1    937.5
     1     1    17     8     8     2     0     0   -15.0   45.852 -118.775    663.4    935.0
     1     1    17     8     8     1     0     0   -16.0   45.837 -118.746    669.3    935.9
     1     1    17     8     8     0     0     0   -17.0   45.807 -118.741    683.8    933.4
     1     1    17     8     7    23     0     0   -18.0   45.759 -118.768    680.3    932.5
     1     1    17     8     7    22     0     0   -19.0   45.773 -118.787    675.2    935.9
     1     1    17     8     7    21     0     0   -20.0   45.792 -118.828    687.2    932.6
     1     1    17     8     7    20     0     0   -21.0   45.750 -118.875    694.0    932.5
     1     1    17     8     7    19     0     0   -22.0   45.699 -118.903    707.1    931.4
     1     1    17     8     7    18     0     0   -23.0   45.645 -118.905    716.3    928.3
     1     1    17     8     7    17     0     0   -24.0   45.576 -118.883    723.9    929.7
     1     1    17     8     7    16     0     0   -25.0   45.492 -118.855    733.1    928.2
     1     1    17     8     7    15     0     0   -26.0   45.397 -118.809    746.4    926.0
