     1     1
    SITE    10     3     1     0     0
     1 BACKWARD OMEGA   
    17     8     2     6   46.392 -119.412   700.0
     1 PRESSURE
     1     1    17     8     2     6     0     0     0.0   46.392 -119.412    700.0    931.4
     1     1    17     8     2     5     0     0    -1.0   46.532 -119.509    734.8    927.2
     1     1    17     8     2     4     0     0    -2.0   46.665 -119.574    732.5    928.6
     1     1    17     8     2     3     0     0    -3.0   46.807 -119.650    739.7    926.7
     1     1    17     8     2     2     0     0    -4.0   46.955 -119.767    717.4    929.9
     1     1    17     8     2     1     0     0    -5.0   47.079 -119.879    756.7    924.8
     1     1    17     8     2     0     0     0    -6.0   47.154 -119.961    783.3    921.7
     1     1    17     8     1    23     0     0    -7.0   47.168 -120.026    798.2    920.1
     1     1    17     8     1    22     0     0    -8.0   47.151 -120.076    808.3    919.1
     1     1    17     8     1    21     0     0    -9.0   47.154 -120.110    821.3    918.2
     1     1    17     8     1    20     0     0   -10.0   47.174 -120.150    830.6    916.6
     1     1    17     8     1    19     0     0   -11.0   47.171 -120.200    838.3    916.3
     1     1    17     8     1    18     0     0   -12.0   47.193 -120.170    836.7    914.8
     1     1    17     8     1    17     0     0   -13.0   47.269 -120.050    825.6    917.6
