     1     1
    SITE    10     3     1     0     0
     1 BACKWARD OMEGA   
    17     8    25     7   46.392 -119.412   700.0
     1 PRESSURE
     1     1    17     8    25     7     0     0     0.0   46.392 -119.412    700.0    931.4
     1     1    17     8    25     6     0     0    -1.0   46.366 -119.381    700.5    931.4
     1     1    17     8    25     5     0     0    -2.0   46.367 -119.337    698.3    931.7
     1     1    17     8    25     4     0     0    -3.0   46.362 -119.302    696.1    931.8
     1     1    17     8    25     3     0     0    -4.0   46.362 -119.302    696.6    932.2
     1     1    17     8    25     2     0     0    -5.0   46.356 -119.326    695.2    931.6
     1     1    17     8    25     1     0     0    -6.0   46.326 -119.349    692.2    932.0
     1     1    17     8    25     0     0     0    -7.0   46.274 -119.349    685.9    933.1
     1     1    17     8    24    23     0     0    -8.0   46.206 -119.333    692.0    932.7
     1     1    17     8    24    22     0     0    -9.0   46.168 -119.396    709.4    930.5
     1     1    17     8    24    21     0     0   -10.0   46.226 -119.557    739.1    927.6
     1     1    17     8    24    20     0     0   -11.0   46.415 -119.786    776.3    922.4
     1     1    17     8    24    19     0     0   -12.0   46.661 -120.040    752.1    926.3
     1     1    17     8    24    18     0     0   -13.0   46.900 -120.306    769.8    924.2
     1     1    17     8    24    17     0     0   -14.0   47.146 -120.585    810.6    920.3
