     1     1
    SITE    10     3     1     0     0
     1 BACKWARD OMEGA   
    17     8    27    22   46.392 -119.412   700.0
     1 PRESSURE
     1     1    17     8    27    22     0     0     0.0   46.392 -119.412    700.0    931.4
     1     1    17     8    27    21     0     0    -1.0   46.382 -119.443    695.7    931.9
     1     1    17     8    27    20     0     0    -2.0   46.385 -119.491    696.5    932.2
     1     1    17     8    27    19     0     0    -3.0   46.384 -119.541    698.8    930.9
     1     1    17     8    27    18     0     0    -4.0   46.365 -119.577    701.0    932.0
     1     1    17     8    27    17     0     0    -5.0   46.325 -119.599    706.2    930.4
     1     1    17     8    27    16     0     0    -6.0   46.265 -119.615    704.5    929.9
     1     1    17     8    27    15     0     0    -7.0   46.258 -119.615    713.0    932.1
     1     1    17     8    27    14     0     0    -8.0   46.297 -119.563    722.7    928.6
     1     1    17     8    27    13     0     0    -9.0   46.316 -119.482    718.4    927.0
     1     1    17     8    27    12     0     0   -10.0   46.302 -119.404    717.9    932.3
     1     1    17     8    27    11     0     0   -11.0   46.261 -119.357    731.0    924.5
     1     1    17     8    27    10     0     0   -12.0   46.216 -119.340    727.1    929.3
     1     1    17     8    27     9     0     0   -13.0   46.169 -119.329    723.1    927.6
     1     1    17     8    27     8     0     0   -14.0   46.131 -119.310    717.5    930.3
     1     1    17     8    27     7     0     0   -15.0   46.106 -119.308    722.5    929.0
     1     1    17     8    27     6     0     0   -16.0   46.111 -119.335    729.8    928.0
     1     1    17     8    27     5     0     0   -17.0   46.141 -119.368    735.8    927.4
     1     1    17     8    27     4     0     0   -18.0   46.159 -119.410    737.3    926.4
     1     1    17     8    27     3     0     0   -19.0   46.160 -119.451    735.2    927.7
     1     1    17     8    27     2     0     0   -20.0   46.141 -119.492    729.4    927.3
     1     1    17     8    27     1     0     0   -21.0   46.104 -119.522    718.3    929.4
     1     1    17     8    27     0     0     0   -22.0   46.056 -119.556    716.7    930.7
     1     1    17     8    26    23     0     0   -23.0   46.021 -119.623    720.3    928.9
     1     1    17     8    26    22     0     0   -24.0   45.994 -119.657    725.8    928.4
     1     1    17     8    26    21     0     0   -25.0   45.988 -119.672    727.1    927.7
     1     1    17     8    26    20     0     0   -26.0   45.994 -119.707    722.3    929.4
     1     1    17     8    26    19     0     0   -27.0   45.977 -119.737    721.7    928.9
     1     1    17     8    26    18     0     0   -28.0   45.933 -119.756    720.9    929.0
     1     1    17     8    26    17     0     0   -29.0   45.935 -119.731    700.7    929.1
     1     1    17     8    26    16     0     0   -30.0   46.000 -119.656    707.5    931.0
     1     1    17     8    26    15     0     0   -31.0   46.004 -119.567    716.0    928.3
     1     1    17     8    26    14     0     0   -32.0   46.008 -119.484    706.9    930.1
     1     1    17     8    26    13     0     0   -33.0   46.045 -119.392    724.4    928.9
     1     1    17     8    26    12     0     0   -34.0   46.077 -119.305    730.3    927.6
     1     1    17     8    26    11     0     0   -35.0   46.109 -119.222    721.7    928.7
     1     1    17     8    26    10     0     0   -36.0   46.140 -119.146    716.8    930.2
     1     1    17     8    26     9     0     0   -37.0   46.154 -119.155    726.8    929.0
     1     1    17     8    26     8     0     0   -38.0   46.129 -119.184    725.8    928.6
     1     1    17     8    26     7     0     0   -39.0   46.098 -119.177    720.7    928.2
     1     1    17     8    26     6     0     0   -40.0   46.085 -119.197    711.2    930.3
     1     1    17     8    26     5     0     0   -41.0   46.079 -119.200    712.3    930.9
     1     1    17     8    26     4     0     0   -42.0   46.077 -119.203    718.0    928.8
     1     1    17     8    26     3     0     0   -43.0   46.076 -119.230    717.6    929.5
     1     1    17     8    26     2     0     0   -44.0   46.064 -119.252    715.6    929.5
     1     1    17     8    26     1     0     0   -45.0   46.052 -119.277    713.8    929.9
     1     1    17     8    26     0     0     0   -46.0   46.026 -119.313    705.6    929.9
     1     1    17     8    25    23     0     0   -47.0   46.021 -119.362    699.5    932.1
     1     1    17     8    25    22     0     0   -48.0   46.028 -119.413    702.4    931.8
     1     1    17     8    25    21     0     0   -49.0   45.989 -119.462    709.2    930.9
     1     1    17     8    25    20     0     0   -50.0   45.926 -119.504    723.0    928.3
     1     1    17     8    25    19     0     0   -51.0   45.846 -119.512    719.5    927.6
     1     1    17     8    25    18     0     0   -52.0   45.743 -119.486    706.7    930.9
     1     1    17     8    25    17     0     0   -53.0   45.640 -119.459    697.3    931.6
     1     1    17     8    25    16     0     0   -54.0   45.551 -119.421    708.0    931.3
     1     1    17     8    25    15     0     0   -55.0   45.477 -119.369    731.4    927.6
     1     1    17     8    25    14     0     0   -56.0   45.399 -119.315    740.9    925.9
