     1     1
    SITE    10     3     1     0     0
     1 BACKWARD OMEGA   
    17     8     4    11   46.392 -119.412   700.0
     1 PRESSURE
     1     1    17     8     4    11     0     0     0.0   46.392 -119.412    700.0    931.4
     1     1    17     8     4    10     0     0    -1.0   46.361 -119.564    707.6    930.5
     1     1    17     8     4     9     0     0    -2.0   46.369 -119.725    703.3    931.5
     1     1    17     8     4     8     0     0    -3.0   46.396 -119.810    706.1    930.4
     1     1    17     8     4     7     0     0    -4.0   46.397 -119.858    693.8    931.9
     1     1    17     8     4     6     0     0    -5.0   46.404 -119.897    679.2    934.4
     1     1    17     8     4     5     0     0    -6.0   46.386 -119.950    669.4    935.1
     1     1    17     8     4     4     0     0    -7.0   46.324 -119.945    655.7    935.8
     1     1    17     8     4     3     0     0    -8.0   46.276 -119.876    650.7    937.5
     1     1    17     8     4     2     0     0    -9.0   46.243 -119.861    656.2    936.7
     1     1    17     8     4     1     0     0   -10.0   46.192 -119.858    648.9    936.4
     1     1    17     8     4     0     0     0   -11.0   46.140 -119.827    640.2    939.3
     1     1    17     8     3    23     0     0   -12.0   46.110 -119.794    636.8    938.8
     1     1    17     8     3    22     0     0   -13.0   46.101 -119.733    624.0    939.8
     1     1    17     8     3    21     0     0   -14.0   46.062 -119.689    612.8    942.4
     1     1    17     8     3    20     0     0   -15.0   45.985 -119.696    612.4    941.8
     1     1    17     8     3    19     0     0   -16.0   45.916 -119.726    598.8    942.8
     1     1    17     8     3    18     0     0   -17.0   45.851 -119.733    592.2    944.0
     1     1    17     8     3    17     0     0   -18.0   45.761 -119.672    569.7    945.6
     1     1    17     8     3    16     0     0   -19.0   45.680 -119.553    557.4    947.1
     1     1    17     8     3    15     0     0   -20.0   45.635 -119.416    543.3    947.9
     1     1    17     8     3    14     0     0   -21.0   45.588 -119.297    524.2    952.2
     1     1    17     8     3    13     0     0   -22.0   45.526 -119.272    530.4    950.5
     1     1    17     8     3    12     0     0   -23.0   45.483 -119.361    538.9    949.4
     1     1    17     8     3    11     0     0   -24.0   45.526 -119.437    560.0    947.7
     1     1    17     8     3    10     0     0   -25.0   45.623 -119.476    557.7    946.9
     1     1    17     8     3     9     0     0   -26.0   45.660 -119.555    544.3    949.5
     1     1    17     8     3     8     0     0   -27.0   45.637 -119.599    550.1    948.1
     1     1    17     8     3     7     0     0   -28.0   45.603 -119.595    547.9    948.0
     1     1    17     8     3     6     0     0   -29.0   45.569 -119.601    546.1    949.0
     1     1    17     8     3     5     0     0   -30.0   45.536 -119.627    545.4    948.5
     1     1    17     8     3     4     0     0   -31.0   45.522 -119.672    550.6    949.0
     1     1    17     8     3     3     0     0   -32.0   45.526 -119.733    558.9    947.1
     1     1    17     8     3     2     0     0   -33.0   45.533 -119.802    559.5    947.0
     1     1    17     8     3     1     0     0   -34.0   45.541 -119.862    553.8    947.3
     1     1    17     8     3     0     0     0   -35.0   45.531 -119.913    547.1    949.1
     1     1    17     8     2    23     0     0   -36.0   45.522 -119.966    549.8    948.8
     1     1    17     8     2    22     0     0   -37.0   45.540 -120.024    550.5    947.3
     1     1    17     8     2    21     0     0   -38.0   45.556 -120.094    544.4    949.6
     1     1    17     8     2    20     0     0   -39.0   45.585 -120.172    553.2    948.8
     1     1    17     8     2    19     0     0   -40.0   45.651 -120.232    574.3    945.1
     1     1    17     8     2    18     0     0   -41.0   45.683 -120.343    583.7    944.2
     1     1    17     8     2    17     0     0   -42.0   45.611 -120.426    554.9    947.9
     1     1    17     8     2    16     0     0   -43.0   45.601 -120.401    544.4    949.3
     1     1    17     8     2    15     0     0   -44.0   45.602 -120.382    522.8    951.0
     1     1    17     8     2    14     0     0   -45.0   45.465 -120.385    513.7    952.2
