     1     1
    SITE    10     3     1     0     0
     1 BACKWARD OMEGA   
    17     8    19     9   46.392 -119.412   700.0
     1 PRESSURE
     1     1    17     8    19     9     0     0     0.0   46.392 -119.412    700.0    931.4
     1     1    17     8    19     8     0     0    -1.0   46.450 -119.508    685.8    933.0
     1     1    17     8    19     7     0     0    -2.0   46.441 -119.578    666.1    935.7
     1     1    17     8    19     6     0     0    -3.0   46.382 -119.599    658.1    936.4
     1     1    17     8    19     5     0     0    -4.0   46.314 -119.624    660.9    937.4
     1     1    17     8    19     4     0     0    -5.0   46.243 -119.645    660.6    936.0
     1     1    17     8    19     3     0     0    -6.0   46.165 -119.648    668.3    936.0
     1     1    17     8    19     2     0     0    -7.0   46.096 -119.671    679.3    932.5
     1     1    17     8    19     1     0     0    -8.0   46.051 -119.684    669.7    935.3
     1     1    17     8    19     0     0     0    -9.0   45.997 -119.701    675.7    934.2
     1     1    17     8    18    23     0     0   -10.0   45.990 -119.860    683.8    933.8
     1     1    17     8    18    22     0     0   -11.0   46.111 -120.079    677.4    933.7
     1     1    17     8    18    21     0     0   -12.0   46.313 -120.260    657.9    936.4
     1     1    17     8    18    20     0     0   -13.0   46.504 -120.484    664.0    935.8
     1     1    17     8    18    19     0     0   -14.0   46.673 -120.710    663.1    936.3
     1     1    17     8    18    18     0     0   -15.0   46.848 -120.916    640.8    937.2
