     1     1
    SITE    10     3     1     0     0
     1 BACKWARD OMEGA   
    17     8     9     5   46.392 -119.412   700.0
     1 PRESSURE
     1     1    17     8     9     5     0     0     0.0   46.392 -119.412    700.0    931.4
     1     1    17     8     9     4     0     0    -1.0   46.369 -119.440    701.6    931.2
     1     1    17     8     9     3     0     0    -2.0   46.342 -119.471    698.6    931.8
     1     1    17     8     9     2     0     0    -3.0   46.333 -119.520    694.4    932.3
     1     1    17     8     9     1     0     0    -4.0   46.315 -119.546    692.3    932.2
     1     1    17     8     9     0     0     0    -5.0   46.293 -119.588    688.4    933.2
     1     1    17     8     8    23     0     0    -6.0   46.282 -119.646    685.1    933.2
     1     1    17     8     8    22     0     0    -7.0   46.256 -119.699    685.2    933.6
     1     1    17     8     8    21     0     0    -8.0   46.232 -119.742    692.5    932.4
     1     1    17     8     8    20     0     0    -9.0   46.217 -119.771    699.8    931.4
     1     1    17     8     8    19     0     0   -10.0   46.189 -119.808    713.4    930.6
     1     1    17     8     8    18     0     0   -11.0   46.157 -119.792    723.1    927.6
     1     1    17     8     8    17     0     0   -12.0   46.153 -119.711    733.1    928.9
     1     1    17     8     8    16     0     0   -13.0   46.150 -119.620    739.0    925.8
     1     1    17     8     8    15     0     0   -14.0   46.138 -119.507    719.3    926.7
     1     1    17     8     8    14     0     0   -15.0   46.111 -119.387    703.8    930.8
     1     1    17     8     8    13     0     0   -16.0   46.047 -119.288    701.0    931.7
     1     1    17     8     8    12     0     0   -17.0   45.964 -119.219    697.9    931.6
     1     1    17     8     8    11     0     0   -18.0   45.899 -119.171    689.7    933.0
     1     1    17     8     8    10     0     0   -19.0   45.848 -119.156    700.4    931.8
     1     1    17     8     8     9     0     0   -20.0   45.812 -119.183    714.2    928.6
     1     1    17     8     8     8     0     0   -21.0   45.782 -119.182    716.6    929.6
     1     1    17     8     8     7     0     0   -22.0   45.741 -119.135    706.7    929.1
     1     1    17     8     8     6     0     0   -23.0   45.704 -119.112    695.2    933.2
     1     1    17     8     8     5     0     0   -24.0   45.692 -119.134    705.1    931.5
     1     1    17     8     8     4     0     0   -25.0   45.683 -119.128    718.6    929.3
     1     1    17     8     8     3     0     0   -26.0   45.646 -119.087    722.8    927.2
     1     1    17     8     8     2     0     0   -27.0   45.608 -119.067    718.6    929.8
     1     1    17     8     8     1     0     0   -28.0   45.592 -119.038    717.7    929.4
     1     1    17     8     8     0     0     0   -29.0   45.560 -119.031    723.4    929.0
     1     1    17     8     7    23     0     0   -30.0   45.513 -119.057    731.9    927.1
     1     1    17     8     7    22     0     0   -31.0   45.529 -119.073    743.6    927.3
     1     1    17     8     7    21     0     0   -32.0   45.548 -119.113    735.0    927.4
     1     1    17     8     7    20     0     0   -33.0   45.506 -119.158    728.5    929.0
     1     1    17     8     7    19     0     0   -34.0   45.453 -119.185    722.0    928.2
     1     1    17     8     7    18     0     0   -35.0   45.398 -119.187    718.7    930.3
