     1     1
    SITE    10     3     1     0     0
     1 BACKWARD OMEGA   
    17     8     1     4   46.392 -119.412   700.0
     1 PRESSURE
     1     1    17     8     1     4     0     0     0.0   46.392 -119.412    700.0    931.4
     1     1    17     8     1     3     0     0    -1.0   46.354 -119.414    701.5    931.2
     1     1    17     8     1     2     0     0    -2.0   46.324 -119.400    696.1    932.2
     1     1    17     8     1     1     0     0    -3.0   46.292 -119.378    688.1    932.3
     1     1    17     8     1     0     0     0    -4.0   46.246 -119.378    678.4    934.2
     1     1    17     7    31    23     0     0    -5.0   46.244 -119.404    679.3    935.0
     1     1    17     7    31    22     0     0    -6.0   46.259 -119.474    693.6    931.0
     1     1    17     7    31    21     0     0    -7.0   46.256 -119.537    701.4    930.5
     1     1    17     7    31    20     0     0    -8.0   46.271 -119.571    696.4    931.3
     1     1    17     7    31    19     0     0    -9.0   46.258 -119.585    689.1    932.9
     1     1    17     7    31    18     0     0   -10.0   46.199 -119.542    681.2    933.7
     1     1    17     7    31    17     0     0   -11.0   46.119 -119.465    695.5    932.2
     1     1    17     7    31    16     0     0   -12.0   46.033 -119.420    707.5    930.1
     1     1    17     7    31    15     0     0   -13.0   45.942 -119.382    699.7    932.0
     1     1    17     7    31    14     0     0   -14.0   45.837 -119.325    708.2    930.3
     1     1    17     7    31    13     0     0   -15.0   45.726 -119.293    697.7    932.0
     1     1    17     7    31    12     0     0   -16.0   45.627 -119.283    692.6    931.9
     1     1    17     7    31    11     0     0   -17.0   45.539 -119.249    707.3    930.6
     1     1    17     7    31    10     0     0   -18.0   45.499 -119.176    713.5    930.1
     1     1    17     7    31     9     0     0   -19.0   45.473 -119.135    720.0    929.1
     1     1    17     7    31     8     0     0   -20.0   45.424 -119.129    726.8    928.1
     1     1    17     7    31     7     0     0   -21.0   45.390 -119.104    724.1    927.8
