     1     1
    SITE    10     3     1     0     0
     1 BACKWARD OMEGA   
    17     8     2    20   46.392 -119.412   700.0
     1 PRESSURE
     1     1    17     8     2    20     0     0     0.0   46.392 -119.412    700.0    931.4
     1     1    17     8     2    19     0     0    -1.0   46.456 -119.472    696.3    931.8
     1     1    17     8     2    18     0     0    -2.0   46.489 -119.587    697.6    932.5
     1     1    17     8     2    17     0     0    -3.0   46.419 -119.670    723.6    927.6
     1     1    17     8     2    16     0     0    -4.0   46.411 -119.644    725.2    929.0
     1     1    17     8     2    15     0     0    -5.0   46.408 -119.623    713.3    929.7
     1     1    17     8     2    14     0     0    -6.0   46.272 -119.623    695.7    931.2
     1     1    17     8     2    13     0     0    -7.0   46.120 -119.622    687.1    933.1
     1     1    17     8     2    12     0     0    -8.0   45.958 -119.621    703.5    931.4
     1     1    17     8     2    11     0     0    -9.0   45.776 -119.617    704.1    930.5
     1     1    17     8     2    10     0     0   -10.0   45.679 -119.460    716.9    928.8
     1     1    17     8     2     9     0     0   -11.0   45.792 -119.330    686.2    932.0
     1     1    17     8     2     8     0     0   -12.0   46.014 -119.379    674.5    934.1
     1     1    17     8     2     7     0     0   -13.0   46.218 -119.479    662.0    936.9
     1     1    17     8     2     6     0     0   -14.0   46.383 -119.604    695.8    931.2
     1     1    17     8     2     5     0     0   -15.0   46.523 -119.704    685.2    934.3
     1     1    17     8     2     4     0     0   -16.0   46.656 -119.771    699.2    930.8
     1     1    17     8     2     3     0     0   -17.0   46.796 -119.846    700.1    931.5
     1     1    17     8     2     2     0     0   -18.0   46.945 -119.963    704.5    930.6
     1     1    17     8     2     1     0     0   -19.0   47.072 -120.068    748.9    925.7
     1     1    17     8     2     0     0     0   -20.0   47.146 -120.152    768.0    923.7
     1     1    17     8     1    23     0     0   -21.0   47.160 -120.218    766.6    923.5
     1     1    17     8     1    22     0     0   -22.0   47.143 -120.268    762.5    924.7
     1     1    17     8     1    21     0     0   -23.0   47.146 -120.302    766.4    924.0
     1     1    17     8     1    20     0     0   -24.0   47.166 -120.342    756.7    922.7
     1     1    17     8     1    19     0     0   -25.0   47.162 -120.390    741.0    928.0
     1     1    17     8     1    18     0     0   -26.0   47.182 -120.361    740.4    926.6
     1     1    17     8     1    17     0     0   -27.0   47.258 -120.241    718.0    929.9
     1     1    17     8     1    16     0     0   -28.0   47.277 -120.115    728.0    928.7
     1     1    17     8     1    15     0     0   -29.0   47.249 -120.112    731.7    927.4
     1     1    17     8     1    14     0     0   -30.0   47.227 -120.112    713.5    929.4
     1     1    17     8     1    13     0     0   -31.0   47.159 -120.059    668.3    935.8
     1     1    17     8     1    12     0     0   -32.0   47.093 -120.132    672.7    935.6
     1     1    17     8     1    11     0     0   -33.0   47.123 -120.218    699.3    930.6
     1     1    17     8     1    10     0     0   -34.0   47.209 -120.241    702.5    931.0
     1     1    17     8     1     9     0     0   -35.0   47.228 -120.258    702.2    931.3
     1     1    17     8     1     8     0     0   -36.0   47.182 -120.250    717.2    930.5
     1     1    17     8     1     7     0     0   -37.0   47.135 -120.216    744.2    926.0
     1     1    17     8     1     6     0     0   -38.0   47.082 -120.192    760.3    923.8
     1     1    17     8     1     5     0     0   -39.0   47.028 -120.177    753.5    923.9
     1     1    17     8     1     4     0     0   -40.0   46.986 -120.170    744.0    927.2
     1     1    17     8     1     3     0     0   -41.0   46.948 -120.172    738.2    926.5
     1     1    17     8     1     2     0     0   -42.0   46.918 -120.157    727.2    928.2
     1     1    17     8     1     1     0     0   -43.0   46.886 -120.135    716.5    929.7
     1     1    17     8     1     0     0     0   -44.0   46.841 -120.135    713.9    930.2
     1     1    17     7    31    23     0     0   -45.0   46.839 -120.161    721.5    929.8
     1     1    17     7    31    22     0     0   -46.0   46.852 -120.232    734.4    928.6
     1     1    17     7    31    21     0     0   -47.0   46.850 -120.294    743.0    926.0
     1     1    17     7    31    20     0     0   -48.0   46.864 -120.328    748.9    925.9
     1     1    17     7    31    19     0     0   -49.0   46.851 -120.345    749.4    924.9
     1     1    17     7    31    18     0     0   -50.0   46.790 -120.305    734.7    925.4
     1     1    17     7    31    17     0     0   -51.0   46.711 -120.229    735.7    927.0
     1     1    17     7    31    16     0     0   -52.0   46.626 -120.184    738.8    926.8
     1     1    17     7    31    15     0     0   -53.0   46.535 -120.146    740.1    926.3
     1     1    17     7    31    14     0     0   -54.0   46.429 -120.091    732.4    928.3
     1     1    17     7    31    13     0     0   -55.0   46.317 -120.063    749.2    924.4
     1     1    17     7    31    12     0     0   -56.0   46.219 -120.051    741.4    926.6
     1     1    17     7    31    11     0     0   -57.0   46.132 -120.019    726.2    927.5
     1     1    17     7    31    10     0     0   -58.0   46.093 -119.945    716.2    929.9
     1     1    17     7    31     9     0     0   -59.0   46.069 -119.904    724.8    928.6
     1     1    17     7    31     8     0     0   -60.0   46.020 -119.899    722.0    927.3
     1     1    17     7    31     7     0     0   -61.0   45.986 -119.874    711.5    930.6
     1     1    17     7    31     6     0     0   -62.0   45.971 -119.833    703.1    930.5
     1     1    17     7    31     5     0     0   -63.0   45.960 -119.845    704.9    932.5
     1     1    17     7    31     4     0     0   -64.0   45.916 -119.867    711.6    929.7
     1     1    17     7    31     3     0     0   -65.0   45.831 -119.803    732.2    927.5
     1     1    17     7    31     2     0     0   -66.0   45.734 -119.720    736.1    927.4
     1     1    17     7    31     1     0     0   -67.0   45.643 -119.694    744.6    926.6
     1     1    17     7    31     0     0     0   -68.0   45.608 -119.667    762.9    924.1
     1     1    17     7    30    23     0     0   -69.0   45.675 -119.686    768.1    922.5
     1     1    17     7    30    22     0     0   -70.0   45.805 -119.796    750.1    926.0
     1     1    17     7    30    21     0     0   -71.0   45.937 -119.937    761.2    925.4
     1     1    17     7    30    20     0     0   -72.0   46.047 -120.115    780.4    922.5
