     1     1
    SITE    10     3     1     0     0
     1 BACKWARD OMEGA   
    17     8     4     4   46.392 -119.412   700.0
     1 PRESSURE
     1     1    17     8     4     4     0     0     0.0   46.392 -119.412    700.0    931.4
     1     1    17     8     4     3     0     0    -1.0   46.345 -119.341    704.2    930.9
     1     1    17     8     4     2     0     0    -2.0   46.312 -119.325    699.5    931.7
     1     1    17     8     4     1     0     0    -3.0   46.261 -119.324    699.7    931.5
     1     1    17     8     4     0     0     0    -4.0   46.208 -119.295    699.0    931.6
     1     1    17     8     3    23     0     0    -5.0   46.179 -119.263    696.1    931.5
     1     1    17     8     3    22     0     0    -6.0   46.170 -119.204    688.3    932.5
     1     1    17     8     3    21     0     0    -7.0   46.131 -119.160    688.9    933.7
     1     1    17     8     3    20     0     0    -8.0   46.057 -119.165    669.0    935.0
     1     1    17     8     3    19     0     0    -9.0   45.990 -119.192    657.4    937.1
     1     1    17     8     3    18     0     0   -10.0   45.922 -119.201    656.8    936.6
     1     1    17     8     3    17     0     0   -11.0   45.831 -119.143    678.2    934.8
     1     1    17     8     3    16     0     0   -12.0   45.754 -119.027    684.6    931.6
     1     1    17     8     3    15     0     0   -13.0   45.709 -118.887    658.3    936.8
     1     1    17     8     3    14     0     0   -14.0   45.660 -118.765    661.5    936.6
     1     1    17     8     3    13     0     0   -15.0   45.595 -118.740    678.3    934.2
     1     1    17     8     3    12     0     0   -16.0   45.551 -118.828    679.3    933.7
     1     1    17     8     3    11     0     0   -17.0   45.593 -118.903    705.9    931.8
     1     1    17     8     3    10     0     0   -18.0   45.690 -118.942    724.1    928.8
     1     1    17     8     3     9     0     0   -19.0   45.729 -119.020    733.6    927.4
     1     1    17     8     3     8     0     0   -20.0   45.709 -119.063    734.6    927.4
     1     1    17     8     3     7     0     0   -21.0   45.675 -119.060    736.1    927.5
     1     1    17     8     3     6     0     0   -22.0   45.641 -119.066    735.7    926.9
     1     1    17     8     3     5     0     0   -23.0   45.608 -119.093    735.4    927.7
     1     1    17     8     3     4     0     0   -24.0   45.595 -119.138    728.5    927.5
     1     1    17     8     3     3     0     0   -25.0   45.599 -119.197    721.7    929.3
     1     1    17     8     3     2     0     0   -26.0   45.607 -119.267    728.6    929.3
     1     1    17     8     3     1     0     0   -27.0   45.615 -119.329    737.6    926.4
     1     1    17     8     3     0     0     0   -28.0   45.605 -119.381    740.1    926.6
     1     1    17     8     2    23     0     0   -29.0   45.595 -119.433    747.3    926.8
     1     1    17     8     2    22     0     0   -30.0   45.613 -119.489    744.6    924.3
     1     1    17     8     2    21     0     0   -31.0   45.631 -119.560    737.5    928.2
     1     1    17     8     2    20     0     0   -32.0   45.661 -119.640    749.9    926.9
     1     1    17     8     2    19     0     0   -33.0   45.724 -119.700    767.2    923.2
     1     1    17     8     2    18     0     0   -34.0   45.756 -119.815    794.7    921.4
     1     1    17     8     2    17     0     0   -35.0   45.683 -119.899    825.7    918.2
     1     1    17     8     2    16     0     0   -36.0   45.674 -119.869    827.5    916.8
     1     1    17     8     2    15     0     0   -37.0   45.671 -119.849    826.2    918.3
     1     1    17     8     2    14     0     0   -38.0   45.535 -119.850    874.8    912.1
     1     1    17     8     2    13     0     0   -39.0   45.384 -119.849    859.7    913.8
