     1     1
    SITE    10     3     1     0     0
     1 BACKWARD OMEGA   
    17     8    21     1   46.392 -119.412   700.0
     1 PRESSURE
     1     1    17     8    21     1     0     0     0.0   46.392 -119.412    700.0    931.4
     1     1    17     8    21     0     0     0    -1.0   46.364 -119.438    722.6    928.8
     1     1    17     8    20    23     0     0    -2.0   46.387 -119.489    736.5    926.2
     1     1    17     8    20    22     0     0    -3.0   46.454 -119.521    734.5    927.6
     1     1    17     8    20    21     0     0    -4.0   46.476 -119.554    734.8    927.2
     1     1    17     8    20    20     0     0    -5.0   46.443 -119.585    730.5    928.0
     1     1    17     8    20    19     0     0    -6.0   46.395 -119.602    732.2    928.3
     1     1    17     8    20    18     0     0    -7.0   46.353 -119.546    729.9    926.6
     1     1    17     8    20    17     0     0    -8.0   46.318 -119.429    708.2    930.9
     1     1    17     8    20    16     0     0    -9.0   46.255 -119.350    717.9    929.7
     1     1    17     8    20    15     0     0   -10.0   46.168 -119.324    731.7    926.9
     1     1    17     8    20    14     0     0   -11.0   46.085 -119.306    738.7    927.7
     1     1    17     8    20    13     0     0   -12.0   46.024 -119.237    753.2    924.5
     1     1    17     8    20    12     0     0   -13.0   45.944 -119.196    732.8    926.7
     1     1    17     8    20    11     0     0   -14.0   45.839 -119.189    717.6    929.8
     1     1    17     8    20    10     0     0   -15.0   45.771 -119.195    711.3    929.9
     1     1    17     8    20     9     0     0   -16.0   45.717 -119.230    710.1    930.3
     1     1    17     8    20     8     0     0   -17.0   45.656 -119.257    721.7    929.8
     1     1    17     8    20     7     0     0   -18.0   45.592 -119.253    741.2    925.9
     1     1    17     8    20     6     0     0   -19.0   45.509 -119.202    731.6    928.2
     1     1    17     8    20     5     0     0   -20.0   45.416 -119.181    721.3    928.8
