     1     1
    SITE    10     3     1     0     0
     1 BACKWARD OMEGA   
    17     8     7     7   46.392 -119.412   700.0
     1 PRESSURE
     1     1    17     8     7     7     0     0     0.0   46.392 -119.412    700.0    931.4
     1     1    17     8     7     6     0     0    -1.0   46.362 -119.410    692.1    932.3
     1     1    17     8     7     5     0     0    -2.0   46.332 -119.425    680.8    933.3
     1     1    17     8     7     4     0     0    -3.0   46.331 -119.441    668.6    935.4
     1     1    17     8     7     3     0     0    -4.0   46.359 -119.463    663.6    935.8
     1     1    17     8     7     2     0     0    -5.0   46.365 -119.495    659.3    936.2
     1     1    17     8     7     1     0     0    -6.0   46.344 -119.507    658.8    936.8
     1     1    17     8     7     0     0     0    -7.0   46.302 -119.519    655.8    936.1
     1     1    17     8     6    23     0     0    -8.0   46.263 -119.542    646.3    938.2
     1     1    17     8     6    22     0     0    -9.0   46.239 -119.557    633.0    938.8
     1     1    17     8     6    21     0     0   -10.0   46.237 -119.580    627.0    941.4
     1     1    17     8     6    20     0     0   -11.0   46.242 -119.604    630.6    939.5
     1     1    17     8     6    19     0     0   -12.0   46.252 -119.640    628.0    939.9
     1     1    17     8     6    18     0     0   -13.0   46.298 -119.678    634.5    939.9
     1     1    17     8     6    17     0     0   -14.0   46.316 -119.726    642.0    937.2
     1     1    17     8     6    16     0     0   -15.0   46.295 -119.718    634.5    938.5
     1     1    17     8     6    15     0     0   -16.0   46.318 -119.639    641.2    939.9
     1     1    17     8     6    14     0     0   -17.0   46.381 -119.582    657.7    935.7
     1     1    17     8     6    13     0     0   -18.0   46.439 -119.535    678.7    935.1
     1     1    17     8     6    12     0     0   -19.0   46.457 -119.464    693.6    930.8
     1     1    17     8     6    11     0     0   -20.0   46.480 -119.400    691.5    932.1
     1     1    17     8     6    10     0     0   -21.0   46.532 -119.359    686.2    933.8
     1     1    17     8     6     9     0     0   -22.0   46.533 -119.325    683.0    932.7
     1     1    17     8     6     8     0     0   -23.0   46.492 -119.315    676.1    933.6
     1     1    17     8     6     7     0     0   -24.0   46.458 -119.321    670.5    935.7
     1     1    17     8     6     6     0     0   -25.0   46.426 -119.332    671.4    934.8
     1     1    17     8     6     5     0     0   -26.0   46.389 -119.320    673.3    934.7
     1     1    17     8     6     4     0     0   -27.0   46.354 -119.300    675.5    934.0
     1     1    17     8     6     3     0     0   -28.0   46.327 -119.311    673.8    934.4
     1     1    17     8     6     2     0     0   -29.0   46.296 -119.310    668.0    934.8
     1     1    17     8     6     1     0     0   -30.0   46.258 -119.311    655.5    936.5
     1     1    17     8     6     0     0     0   -31.0   46.228 -119.346    645.7    938.4
     1     1    17     8     5    23     0     0   -32.0   46.241 -119.387    646.2    938.2
     1     1    17     8     5    22     0     0   -33.0   46.249 -119.424    649.5    936.9
     1     1    17     8     5    21     0     0   -34.0   46.219 -119.455    652.7    937.3
     1     1    17     8     5    20     0     0   -35.0   46.173 -119.493    665.6    936.3
     1     1    17     8     5    19     0     0   -36.0   46.117 -119.532    670.7    934.4
     1     1    17     8     5    18     0     0   -37.0   46.057 -119.549    670.0    934.7
     1     1    17     8     5    17     0     0   -38.0   45.974 -119.535    677.3    935.3
     1     1    17     8     5    16     0     0   -39.0   45.891 -119.468    685.3    932.7
     1     1    17     8     5    15     0     0   -40.0   45.853 -119.364    689.1    932.9
     1     1    17     8     5    14     0     0   -41.0   45.866 -119.350    681.7    933.4
     1     1    17     8     5    13     0     0   -42.0   45.871 -119.340    689.8    932.6
     1     1    17     8     5    12     0     0   -43.0   45.852 -119.223    711.8    929.8
     1     1    17     8     5    11     0     0   -44.0   45.788 -119.157    722.5    928.6
     1     1    17     8     5    10     0     0   -45.0   45.687 -119.159    715.7    928.9
     1     1    17     8     5     9     0     0   -46.0   45.612 -119.164    706.5    930.9
     1     1    17     8     5     8     0     0   -47.0   45.578 -119.180    701.3    931.1
     1     1    17     8     5     7     0     0   -48.0   45.552 -119.191    700.3    932.5
     1     1    17     8     5     6     0     0   -49.0   45.524 -119.161    704.6    930.8
     1     1    17     8     5     5     0     0   -50.0   45.516 -119.155    702.9    930.2
     1     1    17     8     5     4     0     0   -51.0   45.489 -119.163    702.5    932.5
     1     1    17     8     5     3     0     0   -52.0   45.428 -119.134    712.9    930.0
     1     1    17     8     5     2     0     0   -53.0   45.350 -119.106    722.0    928.4
