     1     1
    SITE    10     3     1     0     0
     1 BACKWARD OMEGA   
    17     8    22    17   46.392 -119.412   700.0
     1 PRESSURE
     1     1    17     8    22    17     0     0     0.0   46.392 -119.412    700.0    931.4
     1     1    17     8    22    16     0     0    -1.0   46.291 -119.380    658.3    936.3
     1     1    17     8    22    15     0     0    -2.0   46.174 -119.341    642.6    939.0
     1     1    17     8    22    14     0     0    -3.0   46.073 -119.277    645.0    938.2
     1     1    17     8    22    13     0     0    -4.0   46.009 -119.209    632.7    939.2
     1     1    17     8    22    12     0     0    -5.0   45.974 -119.145    621.0    940.8
     1     1    17     8    22    11     0     0    -6.0   45.943 -119.092    616.1    941.1
     1     1    17     8    22    10     0     0    -7.0   45.887 -119.051    603.6    942.0
     1     1    17     8    22     9     0     0    -8.0   45.816 -119.017    599.5    943.4
     1     1    17     8    22     8     0     0    -9.0   45.745 -118.988    604.7    942.3
     1     1    17     8    22     7     0     0   -10.0   45.687 -118.962    611.9    941.9
     1     1    17     8    22     6     0     0   -11.0   45.657 -118.953    620.3    940.2
     1     1    17     8    22     5     0     0   -12.0   45.660 -118.964    623.3    940.3
     1     1    17     8    22     4     0     0   -13.0   45.678 -118.992    621.9    940.2
     1     1    17     8    22     3     0     0   -14.0   45.706 -119.011    619.0    941.3
     1     1    17     8    22     2     0     0   -15.0   45.716 -119.028    617.2    940.7
     1     1    17     8    22     1     0     0   -16.0   45.706 -119.067    607.9    941.9
     1     1    17     8    22     0     0     0   -17.0   45.695 -119.076    604.5    943.1
     1     1    17     8    21    23     0     0   -18.0   45.671 -119.052    608.0    941.7
     1     1    17     8    21    22     0     0   -19.0   45.645 -119.043    608.2    942.2
     1     1    17     8    21    21     0     0   -20.0   45.659 -119.057    613.6    942.0
     1     1    17     8    21    20     0     0   -21.0   45.729 -119.113    618.3    939.8
     1     1    17     8    21    19     0     0   -22.0   45.805 -119.199    607.0    942.3
     1     1    17     8    21    18     0     0   -23.0   45.884 -119.273    609.6    942.7
     1     1    17     8    21    17     0     0   -24.0   45.920 -119.357    629.8    939.9
     1     1    17     8    21    16     0     0   -25.0   45.893 -119.386    638.1    938.1
     1     1    17     8    21    15     0     0   -26.0   45.869 -119.313    620.8    939.6
     1     1    17     8    21    14     0     0   -27.0   45.898 -119.238    616.9    943.2
     1     1    17     8    21    13     0     0   -28.0   45.963 -119.172    648.0    938.6
     1     1    17     8    21    12     0     0   -29.0   45.992 -119.073    670.6    932.9
     1     1    17     8    21    11     0     0   -30.0   46.036 -119.024    671.0    935.2
     1     1    17     8    21    10     0     0   -31.0   46.118 -119.024    666.0    934.7
     1     1    17     8    21     9     0     0   -32.0   46.139 -118.969    659.9    936.5
     1     1    17     8    21     8     0     0   -33.0   46.112 -118.913    666.3    935.3
     1     1    17     8    21     7     0     0   -34.0   46.081 -118.874    679.8    935.0
     1     1    17     8    21     6     0     0   -35.0   46.064 -118.833    692.3    931.1
     1     1    17     8    21     5     0     0   -36.0   46.052 -118.813    692.9    932.1
     1     1    17     8    21     4     0     0   -37.0   46.040 -118.797    686.5    932.5
     1     1    17     8    21     3     0     0   -38.0   46.027 -118.796    677.2    934.5
     1     1    17     8    21     2     0     0   -39.0   46.004 -118.829    666.0    934.4
     1     1    17     8    21     1     0     0   -40.0   45.977 -118.840    655.7    937.7
     1     1    17     8    21     0     0     0   -41.0   45.949 -118.867    662.0    936.9
     1     1    17     8    20    23     0     0   -42.0   45.972 -118.917    672.9    935.5
     1     1    17     8    20    22     0     0   -43.0   46.041 -118.949    708.7    930.3
     1     1    17     8    20    21     0     0   -44.0   46.063 -118.980    720.1    928.7
     1     1    17     8    20    20     0     0   -45.0   46.030 -119.013    722.5    929.5
     1     1    17     8    20    19     0     0   -46.0   45.981 -119.030    727.9    927.3
     1     1    17     8    20    18     0     0   -47.0   45.939 -118.973    749.5    928.5
     1     1    17     8    20    17     0     0   -48.0   45.903 -118.857    792.4    920.8
     1     1    17     8    20    16     0     0   -49.0   45.839 -118.777    810.6    919.5
     1     1    17     8    20    15     0     0   -50.0   45.751 -118.751    818.8    918.7
     1     1    17     8    20    14     0     0   -51.0   45.667 -118.734    830.4    916.6
     1     1    17     8    20    13     0     0   -52.0   45.605 -118.665    821.7    916.8
     1     1    17     8    20    12     0     0   -53.0   45.527 -118.624    810.2    919.3
     1     1    17     8    20    11     0     0   -54.0   45.425 -118.616    803.6    919.9
