     1     1
    SITE    10     3     1     0     0
     1 BACKWARD OMEGA   
    17     8    10    13   46.392 -119.412   700.0
     1 PRESSURE
     1     1    17     8    10    13     0     0     0.0   46.392 -119.412    700.0    931.4
     1     1    17     8    10    12     0     0    -1.0   46.363 -119.335    694.1    932.1
     1     1    17     8    10    11     0     0    -2.0   46.318 -119.303    691.3    932.3
     1     1    17     8    10    10     0     0    -3.0   46.266 -119.288    697.5    933.3
     1     1    17     8    10     9     0     0    -4.0   46.217 -119.258    698.7    929.4
     1     1    17     8    10     8     0     0    -5.0   46.155 -119.216    686.0    933.2
     1     1    17     8    10     7     0     0    -6.0   46.090 -119.191    677.0    934.0
     1     1    17     8    10     6     0     0    -7.0   46.049 -119.168    679.6    935.4
     1     1    17     8    10     5     0     0    -8.0   46.026 -119.168    681.9    932.0
     1     1    17     8    10     4     0     0    -9.0   46.001 -119.187    675.9    934.7
     1     1    17     8    10     3     0     0   -10.0   45.958 -119.177    662.4    935.0
     1     1    17     8    10     2     0     0   -11.0   45.931 -119.200    650.7    938.6
     1     1    17     8    10     1     0     0   -12.0   45.924 -119.253    645.2    937.4
     1     1    17     8    10     0     0     0   -13.0   45.890 -119.281    644.5    939.1
     1     1    17     8     9    23     0     0   -14.0   45.859 -119.334    654.4    936.6
     1     1    17     8     9    22     0     0   -15.0   45.819 -119.371    650.8    935.4
     1     1    17     8     9    21     0     0   -16.0   45.777 -119.382    645.6    938.3
     1     1    17     8     9    20     0     0   -17.0   45.766 -119.436    649.4    936.8
     1     1    17     8     9    19     0     0   -18.0   45.729 -119.470    648.1    937.3
     1     1    17     8     9    18     0     0   -19.0   45.717 -119.421    658.3    936.2
     1     1    17     8     9    17     0     0   -20.0   45.765 -119.307    646.2    936.6
     1     1    17     8     9    16     0     0   -21.0   45.808 -119.183    616.5    941.1
     1     1    17     8     9    15     0     0   -22.0   45.820 -119.065    622.2    940.9
     1     1    17     8     9    14     0     0   -23.0   45.774 -119.001    615.0    941.0
     1     1    17     8     9    13     0     0   -24.0   45.695 -118.989    599.9    943.1
     1     1    17     8     9    12     0     0   -25.0   45.624 -118.945    594.6    943.5
     1     1    17     8     9    11     0     0   -26.0   45.567 -118.896    591.5    943.7
     1     1    17     8     9    10     0     0   -27.0   45.517 -118.872    592.3    944.4
     1     1    17     8     9     9     0     0   -28.0   45.468 -118.852    592.3    943.3
     1     1    17     8     9     8     0     0   -29.0   45.410 -118.836    596.9    944.1
     1     1    17     8     9     7     0     0   -30.0   45.344 -118.812    610.1    941.5
