     1     1
    SITE    10     3     1     0     0
     1 BACKWARD OMEGA   
    17     8    26    22   46.392 -119.412   700.0
     1 PRESSURE
     1     1    17     8    26    22     0     0     0.0   46.392 -119.412    700.0    931.4
     1     1    17     8    26    21     0     0    -1.0   46.385 -119.427    703.2    931.0
     1     1    17     8    26    20     0     0    -2.0   46.391 -119.463    705.9    930.9
     1     1    17     8    26    19     0     0    -3.0   46.373 -119.492    706.6    930.0
     1     1    17     8    26    18     0     0    -4.0   46.330 -119.512    711.3    931.2
     1     1    17     8    26    17     0     0    -5.0   46.334 -119.488    708.6    928.9
     1     1    17     8    26    16     0     0    -6.0   46.397 -119.415    721.2    929.8
     1     1    17     8    26    15     0     0    -7.0   46.401 -119.327    733.1    924.5
     1     1    17     8    26    14     0     0    -8.0   46.405 -119.245    735.9    929.0
     1     1    17     8    26    13     0     0    -9.0   46.441 -119.154    734.8    926.2
     1     1    17     8    26    12     0     0   -10.0   46.473 -119.067    736.7    927.2
     1     1    17     8    26    11     0     0   -11.0   46.505 -118.984    747.8    926.2
     1     1    17     8    26    10     0     0   -12.0   46.536 -118.907    762.0    924.5
     1     1    17     8    26     9     0     0   -13.0   46.551 -118.914    765.7    922.4
     1     1    17     8    26     8     0     0   -14.0   46.527 -118.944    767.1    923.8
     1     1    17     8    26     7     0     0   -15.0   46.495 -118.936    772.6    923.1
     1     1    17     8    26     6     0     0   -16.0   46.482 -118.955    774.1    922.5
     1     1    17     8    26     5     0     0   -17.0   46.475 -118.958    777.2    923.2
     1     1    17     8    26     4     0     0   -18.0   46.473 -118.960    776.9    922.5
     1     1    17     8    26     3     0     0   -19.0   46.472 -118.986    772.4    923.0
     1     1    17     8    26     2     0     0   -20.0   46.460 -119.009    773.3    923.8
     1     1    17     8    26     1     0     0   -21.0   46.448 -119.035    776.8    922.1
     1     1    17     8    26     0     0     0   -22.0   46.422 -119.071    767.6    922.8
     1     1    17     8    25    23     0     0   -23.0   46.418 -119.122    762.0    924.3
     1     1    17     8    25    22     0     0   -24.0   46.426 -119.175    762.9    924.9
     1     1    17     8    25    21     0     0   -25.0   46.388 -119.226    761.0    923.8
     1     1    17     8    25    20     0     0   -26.0   46.326 -119.270    745.9    924.9
     1     1    17     8    25    19     0     0   -27.0   46.243 -119.278    724.6    929.0
     1     1    17     8    25    18     0     0   -28.0   46.137 -119.253    732.3    928.1
     1     1    17     8    25    17     0     0   -29.0   46.032 -119.227    754.3    925.8
     1     1    17     8    25    16     0     0   -30.0   45.943 -119.191    756.5    924.2
     1     1    17     8    25    15     0     0   -31.0   45.868 -119.142    738.7    927.2
     1     1    17     8    25    14     0     0   -32.0   45.788 -119.090    722.4    929.4
     1     1    17     8    25    13     0     0   -33.0   45.709 -119.078    728.9    927.7
     1     1    17     8    25    12     0     0   -34.0   45.648 -119.072    729.3    928.1
     1     1    17     8    25    11     0     0   -35.0   45.589 -119.052    735.5    927.4
     1     1    17     8    25    10     0     0   -36.0   45.534 -119.031    742.4    926.7
     1     1    17     8    25     9     0     0   -37.0   45.530 -118.982    743.0    925.1
     1     1    17     8    25     8     0     0   -38.0   45.537 -118.929    741.6    927.8
     1     1    17     8    25     7     0     0   -39.0   45.507 -118.897    752.3    925.8
     1     1    17     8    25     6     0     0   -40.0   45.482 -118.867    756.3    923.7
     1     1    17     8    25     5     0     0   -41.0   45.483 -118.823    755.6    925.4
     1     1    17     8    25     4     0     0   -42.0   45.477 -118.788    752.8    924.6
     1     1    17     8    25     3     0     0   -43.0   45.477 -118.788    750.0    926.3
     1     1    17     8    25     2     0     0   -44.0   45.472 -118.814    747.2    925.0
     1     1    17     8    25     1     0     0   -45.0   45.442 -118.838    737.7    927.2
     1     1    17     8    25     0     0     0   -46.0   45.391 -118.838    717.2    928.1
