     1     1
    SITE    10     3     1     0     0
     1 BACKWARD OMEGA   
    17     8    24     4   46.392 -119.412   700.0
     1 PRESSURE
     1     1    17     8    24     4     0     0     0.0   46.392 -119.412    700.0    931.4
     1     1    17     8    24     3     0     0    -1.0   46.376 -119.434    692.2    932.3
     1     1    17     8    24     2     0     0    -2.0   46.310 -119.431    676.1    934.5
     1     1    17     8    24     1     0     0    -3.0   46.247 -119.391    664.4    935.1
     1     1    17     8    24     0     0     0    -4.0   46.200 -119.383    650.5    937.9
     1     1    17     8    23    23     0     0    -5.0   46.177 -119.414    648.6    937.2
     1     1    17     8    23    22     0     0    -6.0   46.152 -119.431    648.6    938.0
     1     1    17     8    23    21     0     0    -7.0   46.165 -119.477    651.5    936.8
     1     1    17     8    23    20     0     0    -8.0   46.162 -119.517    660.8    937.1
     1     1    17     8    23    19     0     0    -9.0   46.095 -119.476    674.5    933.7
     1     1    17     8    23    18     0     0   -10.0   46.024 -119.391    678.7    933.8
     1     1    17     8    23    17     0     0   -11.0   45.940 -119.322    677.6    933.7
     1     1    17     8    23    16     0     0   -12.0   45.842 -119.281    672.5    935.2
     1     1    17     8    23    15     0     0   -13.0   45.722 -119.232    681.7    933.6
     1     1    17     8    23    14     0     0   -14.0   45.594 -119.129    683.6    931.6
     1     1    17     8    23    13     0     0   -15.0   45.466 -119.017    665.3    935.3
