     1     1
    SITE    10     3     1     0     0
     1 BACKWARD OMEGA   
    17     8    21    18   46.392 -119.412   700.0
     1 PRESSURE
     1     1    17     8    21    18     0     0     0.0   46.392 -119.412    700.0    931.4
     1     1    17     8    21    17     0     0    -1.0   46.426 -119.491    662.8    935.8
     1     1    17     8    21    16     0     0    -2.0   46.400 -119.520    655.2    936.8
     1     1    17     8    21    15     0     0    -3.0   46.376 -119.448    641.9    938.0
     1     1    17     8    21    14     0     0    -4.0   46.403 -119.372    636.4    940.7
     1     1    17     8    21    13     0     0    -5.0   46.467 -119.303    634.0    939.1
     1     1    17     8    21    12     0     0    -6.0   46.492 -119.200    634.1    939.9
     1     1    17     8    21    11     0     0    -7.0   46.541 -119.152    624.0    940.7
     1     1    17     8    21    10     0     0    -8.0   46.624 -119.152    635.6    938.4
     1     1    17     8    21     9     0     0    -9.0   46.645 -119.094    631.9    939.8
     1     1    17     8    21     8     0     0   -10.0   46.616 -119.041    635.3    939.0
     1     1    17     8    21     7     0     0   -11.0   46.583 -119.003    636.2    938.9
     1     1    17     8    21     6     0     0   -12.0   46.564 -118.962    640.6    939.0
     1     1    17     8    21     5     0     0   -13.0   46.552 -118.942    644.8    937.5
     1     1    17     8    21     4     0     0   -14.0   46.539 -118.926    646.4    938.0
     1     1    17     8    21     3     0     0   -15.0   46.526 -118.925    647.0    937.3
     1     1    17     8    21     2     0     0   -16.0   46.503 -118.958    647.2    937.9
     1     1    17     8    21     1     0     0   -17.0   46.473 -118.970    646.4    937.6
     1     1    17     8    21     0     0     0   -18.0   46.446 -118.997    651.3    937.9
     1     1    17     8    20    23     0     0   -19.0   46.469 -119.048    654.5    936.1
     1     1    17     8    20    22     0     0   -20.0   46.536 -119.080    634.3    939.2
     1     1    17     8    20    21     0     0   -21.0   46.558 -119.113    625.1    942.1
     1     1    17     8    20    20     0     0   -22.0   46.527 -119.146    629.9    939.5
     1     1    17     8    20    19     0     0   -23.0   46.480 -119.162    635.9    939.2
     1     1    17     8    20    18     0     0   -24.0   46.441 -119.107    634.1    938.2
     1     1    17     8    20    17     0     0   -25.0   46.408 -118.990    632.2    939.7
     1     1    17     8    20    16     0     0   -26.0   46.346 -118.907    613.4    941.5
     1     1    17     8    20    15     0     0   -27.0   46.259 -118.876    615.7    941.3
     1     1    17     8    20    14     0     0   -28.0   46.175 -118.856    612.2    941.6
     1     1    17     8    20    13     0     0   -29.0   46.112 -118.784    616.6    941.4
     1     1    17     8    20    12     0     0   -30.0   46.034 -118.741    650.2    938.5
     1     1    17     8    20    11     0     0   -31.0   45.932 -118.734    667.8    934.7
     1     1    17     8    20    10     0     0   -32.0   45.863 -118.740    666.3    936.3
     1     1    17     8    20     9     0     0   -33.0   45.807 -118.776    666.8    934.8
     1     1    17     8    20     8     0     0   -34.0   45.744 -118.803    671.6    935.1
     1     1    17     8    20     7     0     0   -35.0   45.678 -118.795    681.3    932.7
     1     1    17     8    20     6     0     0   -36.0   45.594 -118.739    662.6    936.2
     1     1    17     8    20     5     0     0   -37.0   45.498 -118.715    666.6    935.5
     1     1    17     8    20     4     0     0   -38.0   45.415 -118.719    679.4    933.7
