     1     1
    SITE    10     3     1     0     0
     1 BACKWARD OMEGA   
    17     8    19     5   46.392 -119.412   700.0
     1 PRESSURE
     1     1    17     8    19     5     0     0     0.0   46.392 -119.412    700.0    931.4
     1     1    17     8    19     4     0     0    -1.0   46.322 -119.434    675.0    934.4
     1     1    17     8    19     3     0     0    -2.0   46.244 -119.433    683.5    933.2
     1     1    17     8    19     2     0     0    -3.0   46.176 -119.454    680.6    933.6
     1     1    17     8    19     1     0     0    -4.0   46.131 -119.467    670.8    934.7
     1     1    17     8    19     0     0     0    -5.0   46.078 -119.485    670.2    936.5
     1     1    17     8    18    23     0     0    -6.0   46.067 -119.647    677.9    933.8
     1     1    17     8    18    22     0     0    -7.0   46.190 -119.866    672.7    935.1
     1     1    17     8    18    21     0     0    -8.0   46.391 -120.054    718.6    929.2
     1     1    17     8    18    20     0     0    -9.0   46.576 -120.283    698.8    931.6
     1     1    17     8    18    19     0     0   -10.0   46.749 -120.511    711.3    931.1
     1     1    17     8    18    18     0     0   -11.0   46.929 -120.717    756.1    925.7
