     1     1
    SITE    10     3     1     0     0
     1 BACKWARD OMEGA   
    17     8    10     7   46.392 -119.412   700.0
     1 PRESSURE
     1     1    17     8    10     7     0     0     0.0   46.392 -119.412    700.0    931.4
     1     1    17     8    10     6     0     0    -1.0   46.351 -119.387    697.3    931.7
     1     1    17     8    10     5     0     0    -2.0   46.329 -119.386    698.9    931.2
     1     1    17     8    10     4     0     0    -3.0   46.306 -119.404    695.7    931.7
     1     1    17     8    10     3     0     0    -4.0   46.262 -119.394    694.7    932.6
     1     1    17     8    10     2     0     0    -5.0   46.233 -119.417    698.2    931.2
     1     1    17     8    10     1     0     0    -6.0   46.227 -119.468    697.1    932.6
     1     1    17     8    10     0     0     0    -7.0   46.195 -119.498    689.9    930.9
     1     1    17     8     9    23     0     0    -8.0   46.165 -119.551    672.8    935.2
     1     1    17     8     9    22     0     0    -9.0   46.126 -119.586    663.3    935.7
     1     1    17     8     9    21     0     0   -10.0   46.082 -119.595    657.9    936.2
     1     1    17     8     9    20     0     0   -11.0   46.071 -119.648    646.3    937.7
     1     1    17     8     9    19     0     0   -12.0   46.032 -119.679    632.9    939.7
     1     1    17     8     9    18     0     0   -13.0   46.020 -119.630    605.8    943.1
     1     1    17     8     9    17     0     0   -14.0   46.069 -119.513    590.1    944.1
     1     1    17     8     9    16     0     0   -15.0   46.114 -119.383    579.8    944.0
     1     1    17     8     9    15     0     0   -16.0   46.123 -119.264    547.6    948.3
     1     1    17     8     9    14     0     0   -17.0   46.077 -119.200    525.6    951.1
     1     1    17     8     9    13     0     0   -18.0   45.999 -119.189    504.5    953.2
     1     1    17     8     9    12     0     0   -19.0   45.925 -119.147    486.8    955.0
     1     1    17     8     9    11     0     0   -20.0   45.866 -119.102    476.0    957.0
     1     1    17     8     9    10     0     0   -21.0   45.817 -119.078    470.7    956.5
     1     1    17     8     9     9     0     0   -22.0   45.769 -119.054    464.2    958.7
     1     1    17     8     9     8     0     0   -23.0   45.712 -119.037    464.8    958.2
     1     1    17     8     9     7     0     0   -24.0   45.648 -119.013    460.7    957.7
     1     1    17     8     9     6     0     0   -25.0   45.604 -118.989    452.5    959.7
     1     1    17     8     9     5     0     0   -26.0   45.584 -119.004    454.7    960.3
     1     1    17     8     9     4     0     0   -27.0   45.561 -119.031    471.1    956.9
     1     1    17     8     9     3     0     0   -28.0   45.533 -119.062    472.9    955.2
     1     1    17     8     9     2     0     0   -29.0   45.525 -119.110    467.5    958.6
     1     1    17     8     9     1     0     0   -30.0   45.506 -119.135    474.5    957.3
     1     1    17     8     9     0     0     0   -31.0   45.483 -119.176    477.9    955.7
     1     1    17     8     8    23     0     0   -32.0   45.470 -119.233    476.5    957.2
     1     1    17     8     8    22     0     0   -33.0   45.443 -119.283    483.8    956.3
     1     1    17     8     8    21     0     0   -34.0   45.419 -119.324    488.1    954.3
     1     1    17     8     8    20     0     0   -35.0   45.403 -119.353    486.1    955.6
     1     1    17     8     8    19     0     0   -36.0   45.376 -119.392    489.8    955.4
