     1     1
    SITE    10     3     1     0     0
     1 BACKWARD OMEGA   
    17     8     5     9   46.392 -119.412   700.0
     1 PRESSURE
     1     1    17     8     5     9     0     0     0.0   46.392 -119.412    700.0    931.4
     1     1    17     8     5     8     0     0    -1.0   46.357 -119.427    686.1    933.1
     1     1    17     8     5     7     0     0    -2.0   46.331 -119.438    691.3    933.2
     1     1    17     8     5     6     0     0    -3.0   46.302 -119.406    698.9    931.1
     1     1    17     8     5     5     0     0    -4.0   46.294 -119.399    703.9    930.9
     1     1    17     8     5     4     0     0    -5.0   46.268 -119.405    701.6    931.1
     1     1    17     8     5     3     0     0    -6.0   46.209 -119.376    697.2    932.1
     1     1    17     8     5     2     0     0    -7.0   46.132 -119.348    695.3    931.8
     1     1    17     8     5     1     0     0    -8.0   46.056 -119.326    707.1    930.7
     1     1    17     8     5     0     0     0    -9.0   46.004 -119.269    709.8    929.6
     1     1    17     8     4    23     0     0   -10.0   45.948 -119.223    707.4    932.2
     1     1    17     8     4    22     0     0   -11.0   45.954 -119.248    704.3    930.4
     1     1    17     8     4    21     0     0   -12.0   46.037 -119.291    687.5    932.3
     1     1    17     8     4    20     0     0   -13.0   46.106 -119.323    689.6    933.0
     1     1    17     8     4    19     0     0   -14.0   46.122 -119.381    710.7    930.2
     1     1    17     8     4    18     0     0   -15.0   46.147 -119.392    719.0    927.8
     1     1    17     8     4    17     0     0   -16.0   46.219 -119.308    731.8    927.5
     1     1    17     8     4    16     0     0   -17.0   46.251 -119.291    753.0    925.3
     1     1    17     8     4    15     0     0   -18.0   46.281 -119.353    765.0    922.0
     1     1    17     8     4    14     0     0   -19.0   46.294 -119.438    754.0    924.2
     1     1    17     8     4    13     0     0   -20.0   46.242 -119.525    745.2    926.2
     1     1    17     8     4    12     0     0   -21.0   46.220 -119.601    743.8    926.4
     1     1    17     8     4    11     0     0   -22.0   46.215 -119.699    752.2    926.3
     1     1    17     8     4    10     0     0   -23.0   46.182 -119.854    782.1    922.9
     1     1    17     8     4     9     0     0   -24.0   46.190 -120.015    809.5    918.7
     1     1    17     8     4     8     0     0   -25.0   46.216 -120.098    817.4    918.2
     1     1    17     8     4     7     0     0   -26.0   46.217 -120.145    825.7    917.1
     1     1    17     8     4     6     0     0   -27.0   46.223 -120.184    829.2    916.7
     1     1    17     8     4     5     0     0   -28.0   46.205 -120.238    829.3    917.0
     1     1    17     8     4     4     0     0   -29.0   46.143 -120.233    846.7    916.7
     1     1    17     8     4     3     0     0   -30.0   46.097 -120.163    842.8    915.3
     1     1    17     8     4     2     0     0   -31.0   46.064 -120.147    845.9    916.2
     1     1    17     8     4     1     0     0   -32.0   46.012 -120.145    876.0    913.9
     1     1    17     8     4     0     0     0   -33.0   45.959 -120.115    895.9    909.0
     1     1    17     8     3    23     0     0   -34.0   45.930 -120.084    896.6    908.8
     1     1    17     8     3    22     0     0   -35.0   45.921 -120.023    897.1    910.7
     1     1    17     8     3    21     0     0   -36.0   45.881 -119.979    898.1    908.7
     1     1    17     8     3    20     0     0   -37.0   45.805 -119.986    903.2    909.6
     1     1    17     8     3    19     0     0   -38.0   45.737 -120.014    911.1    907.9
     1     1    17     8     3    18     0     0   -39.0   45.670 -120.025    907.8    908.9
     1     1    17     8     3    17     0     0   -40.0   45.581 -119.969    921.2    907.8
     1     1    17     8     3    16     0     0   -41.0   45.503 -119.851    961.8    902.5
     1     1    17     8     3    15     0     0   -42.0   45.458 -119.712    967.5    902.1
     1     1    17     8     3    14     0     0   -43.0   45.411 -119.595    946.7    904.1
