     1     1
    SITE    10     3     1     0     0
     1 BACKWARD OMEGA   
    17     8     6     1   46.392 -119.412   700.0
     1 PRESSURE
     1     1    17     8     6     1     0     0     0.0   46.392 -119.412    700.0    931.4
     1     1    17     8     6     0     0     0    -1.0   46.361 -119.447    692.4    932.3
     1     1    17     8     5    23     0     0    -2.0   46.374 -119.489    694.9    932.8
     1     1    17     8     5    22     0     0    -3.0   46.381 -119.527    701.3    930.7
     1     1    17     8     5    21     0     0    -4.0   46.351 -119.557    703.2    931.2
     1     1    17     8     5    20     0     0    -5.0   46.306 -119.596    698.7    930.6
     1     1    17     8     5    19     0     0    -6.0   46.249 -119.639    685.7    933.3
     1     1    17     8     5    18     0     0    -7.0   46.190 -119.659    672.9    934.5
     1     1    17     8     5    17     0     0    -8.0   46.107 -119.645    664.8    936.6
     1     1    17     8     5    16     0     0    -9.0   46.025 -119.581    657.7    936.3
     1     1    17     8     5    15     0     0   -10.0   45.987 -119.478    660.8    935.9
     1     1    17     8     5    14     0     0   -11.0   46.000 -119.462    651.3    937.0
     1     1    17     8     5    13     0     0   -12.0   46.005 -119.446    631.4    939.1
     1     1    17     8     5    12     0     0   -13.0   45.985 -119.328    630.0    940.0
     1     1    17     8     5    11     0     0   -14.0   45.922 -119.267    657.3    936.9
     1     1    17     8     5    10     0     0   -15.0   45.822 -119.273    700.0    931.0
     1     1    17     8     5     9     0     0   -16.0   45.747 -119.276    710.6    930.8
     1     1    17     8     5     8     0     0   -17.0   45.713 -119.292    717.8    929.1
     1     1    17     8     5     7     0     0   -18.0   45.686 -119.304    716.1    929.6
     1     1    17     8     5     6     0     0   -19.0   45.657 -119.273    716.8    929.8
     1     1    17     8     5     5     0     0   -20.0   45.650 -119.267    720.7    928.7
     1     1    17     8     5     4     0     0   -21.0   45.624 -119.275    718.4    928.5
     1     1    17     8     5     3     0     0   -22.0   45.564 -119.250    702.9    930.9
     1     1    17     8     5     2     0     0   -23.0   45.489 -119.226    699.9    931.9
     1     1    17     8     5     1     0     0   -24.0   45.414 -119.208    693.2    932.0
