     1     1
    SITE    10     3     1     0     0
     1 BACKWARD OMEGA   
    17     8     8    18   46.392 -119.412   700.0
     1 PRESSURE
     1     1    17     8     8    18     0     0     0.0   46.392 -119.412    700.0    931.4
     1     1    17     8     8    17     0     0    -1.0   46.387 -119.332    700.9    931.3
     1     1    17     8     8    16     0     0    -2.0   46.382 -119.241    709.7    931.2
     1     1    17     8     8    15     0     0    -3.0   46.368 -119.126    717.1    929.2
     1     1    17     8     8    14     0     0    -4.0   46.341 -119.008    734.1    927.8
     1     1    17     8     8    13     0     0    -5.0   46.279 -118.911    743.0    926.2
     1     1    17     8     8    12     0     0    -6.0   46.201 -118.844    733.1    927.8
     1     1    17     8     8    11     0     0    -7.0   46.135 -118.798    733.3    928.0
     1     1    17     8     8    10     0     0    -8.0   46.085 -118.784    748.8    925.6
     1     1    17     8     8     9     0     0    -9.0   46.050 -118.812    752.4    924.8
     1     1    17     8     8     8     0     0   -10.0   46.021 -118.812    736.6    925.8
     1     1    17     8     8     7     0     0   -11.0   45.981 -118.765    735.1    929.8
     1     1    17     8     8     6     0     0   -12.0   45.943 -118.742    742.1    924.7
     1     1    17     8     8     5     0     0   -13.0   45.931 -118.764    736.5    927.3
     1     1    17     8     8     4     0     0   -14.0   45.921 -118.759    725.0    928.5
     1     1    17     8     8     3     0     0   -15.0   45.884 -118.718    729.4    928.9
     1     1    17     8     8     2     0     0   -16.0   45.846 -118.698    734.1    926.5
     1     1    17     8     8     1     0     0   -17.0   45.830 -118.669    732.7    928.1
     1     1    17     8     8     0     0     0   -18.0   45.798 -118.662    741.2    927.5
     1     1    17     8     7    23     0     0   -19.0   45.750 -118.688    749.0    924.2
     1     1    17     8     7    22     0     0   -20.0   45.765 -118.706    747.1    926.2
     1     1    17     8     7    21     0     0   -21.0   45.784 -118.748    766.0    923.7
     1     1    17     8     7    20     0     0   -22.0   45.743 -118.794    765.9    921.7
     1     1    17     8     7    19     0     0   -23.0   45.691 -118.822    763.0    926.0
     1     1    17     8     7    18     0     0   -24.0   45.636 -118.824    763.3    922.9
     1     1    17     8     7    17     0     0   -25.0   45.570 -118.805    741.0    925.7
     1     1    17     8     7    16     0     0   -26.0   45.487 -118.781    732.4    928.6
     1     1    17     8     7    15     0     0   -27.0   45.393 -118.736    732.7    926.9
