     1     1
    SITE    10     3     1     0     0
     1 BACKWARD OMEGA   
    17     8    19    23   46.392 -119.412   700.0
     1 PRESSURE
     1     1    17     8    19    23     0     0     0.0   46.392 -119.412    700.0    931.4
     1     1    17     8    19    22     0     0    -1.0   46.397 -119.493    707.7    930.5
     1     1    17     8    19    21     0     0    -2.0   46.382 -119.523    706.2    930.0
     1     1    17     8    19    20     0     0    -3.0   46.341 -119.559    695.3    932.8
     1     1    17     8    19    19     0     0    -4.0   46.295 -119.597    693.0    932.0
     1     1    17     8    19    18     0     0    -5.0   46.211 -119.557    699.8    931.2
     1     1    17     8    19    17     0     0    -6.0   46.113 -119.490    684.2    934.6
     1     1    17     8    19    16     0     0    -7.0   46.016 -119.439    686.3    933.3
     1     1    17     8    19    15     0     0    -8.0   45.916 -119.391    698.2    931.3
     1     1    17     8    19    14     0     0    -9.0   45.841 -119.299    712.5    930.1
     1     1    17     8    19    13     0     0   -10.0   45.772 -119.203    721.9    928.8
     1     1    17     8    19    12     0     0   -11.0   45.761 -119.198    725.5    928.4
     1     1    17     8    19    11     0     0   -12.0   45.825 -119.269    741.9    927.1
     1     1    17     8    19    10     0     0   -13.0   45.894 -119.334    753.6    923.7
     1     1    17     8    19     9     0     0   -14.0   45.970 -119.398    744.3    926.1
     1     1    17     8    19     8     0     0   -15.0   46.026 -119.494    730.3    927.6
     1     1    17     8    19     7     0     0   -16.0   46.018 -119.568    718.3    929.9
     1     1    17     8    19     6     0     0   -17.0   45.960 -119.592    726.8    928.7
     1     1    17     8    19     5     0     0   -18.0   45.892 -119.618    733.1    927.2
     1     1    17     8    19     4     0     0   -19.0   45.823 -119.639    723.1    928.5
     1     1    17     8    19     3     0     0   -20.0   45.748 -119.638    707.7    930.5
     1     1    17     8    19     2     0     0   -21.0   45.680 -119.659    710.2    930.3
     1     1    17     8    19     1     0     0   -22.0   45.636 -119.671    714.0    929.8
     1     1    17     8    19     0     0     0   -23.0   45.581 -119.690    699.0    929.6
     1     1    17     8    18    23     0     0   -24.0   45.574 -119.843    682.4    932.3
     1     1    17     8    18    22     0     0   -25.0   45.702 -120.059    695.9    931.4
     1     1    17     8    18    21     0     0   -26.0   45.903 -120.242    697.4    931.9
     1     1    17     8    18    20     0     0   -27.0   46.088 -120.469    724.2    929.6
     1     1    17     8    18    19     0     0   -28.0   46.257 -120.692    713.7    931.3
     1     1    17     8    18    18     0     0   -29.0   46.440 -120.897    715.5    930.8
