     1     1
    SITE    10     3     1     0     0
     1 BACKWARD OMEGA   
    17     8    11    14   46.392 -119.412   700.0
     1 PRESSURE
     1     1    17     8    11    14     0     0     0.0   46.392 -119.412    700.0    931.4
     1     1    17     8    11    13     0     0    -1.0   46.340 -119.324    700.3    931.4
     1     1    17     8    11    12     0     0    -2.0   46.319 -119.256    701.0    930.6
     1     1    17     8    11    11     0     0    -3.0   46.305 -119.226    681.8    933.3
     1     1    17     8    11    10     0     0    -4.0   46.263 -119.187    667.6    936.7
     1     1    17     8    11     9     0     0    -5.0   46.279 -119.120    658.2    936.0
     1     1    17     8    11     8     0     0    -6.0   46.285 -119.105    640.1    939.7
     1     1    17     8    11     7     0     0    -7.0   46.256 -119.144    634.6    940.4
     1     1    17     8    11     6     0     0    -8.0   46.234 -119.171    635.0    938.5
     1     1    17     8    11     5     0     0    -9.0   46.193 -119.174    623.7    939.9
     1     1    17     8    11     4     0     0   -10.0   46.150 -119.213    620.6    942.0
     1     1    17     8    11     3     0     0   -11.0   46.134 -119.214    617.7    940.4
     1     1    17     8    11     2     0     0   -12.0   46.118 -119.192    616.8    941.5
     1     1    17     8    11     1     0     0   -13.0   46.070 -119.180    623.6    940.7
     1     1    17     8    11     0     0     0   -14.0   46.016 -119.179    632.2    939.2
     1     1    17     8    10    23     0     0   -15.0   45.979 -119.235    634.1    938.7
     1     1    17     8    10    22     0     0   -16.0   46.005 -119.297    642.9    938.1
     1     1    17     8    10    21     0     0   -17.0   46.031 -119.342    637.4    939.0
     1     1    17     8    10    20     0     0   -18.0   46.000 -119.385    639.1    939.2
     1     1    17     8    10    19     0     0   -19.0   45.975 -119.429    641.0    938.0
     1     1    17     8    10    18     0     0   -20.0   45.928 -119.451    632.5    938.8
     1     1    17     8    10    17     0     0   -21.0   45.887 -119.401    625.4    940.3
     1     1    17     8    10    16     0     0   -22.0   45.879 -119.302    620.3    941.1
     1     1    17     8    10    15     0     0   -23.0   45.883 -119.199    619.3    940.7
     1     1    17     8    10    14     0     0   -24.0   45.898 -119.097    620.3    941.4
     1     1    17     8    10    13     0     0   -25.0   45.895 -118.993    638.5    938.5
     1     1    17     8    10    12     0     0   -26.0   45.865 -118.916    648.6    937.5
     1     1    17     8    10    11     0     0   -27.0   45.819 -118.885    642.4    936.5
     1     1    17     8    10    10     0     0   -28.0   45.768 -118.870    629.1    940.8
     1     1    17     8    10     9     0     0   -29.0   45.719 -118.842    625.5    940.4
     1     1    17     8    10     8     0     0   -30.0   45.655 -118.802    616.2    940.5
     1     1    17     8    10     7     0     0   -31.0   45.590 -118.778    606.7    942.6
     1     1    17     8    10     6     0     0   -32.0   45.550 -118.754    603.9    942.1
     1     1    17     8    10     5     0     0   -33.0   45.528 -118.755    598.5    943.5
     1     1    17     8    10     4     0     0   -34.0   45.504 -118.774    592.8    943.3
     1     1    17     8    10     3     0     0   -35.0   45.459 -118.768    594.4    944.7
     1     1    17     8    10     2     0     0   -36.0   45.430 -118.795    593.3    942.1
     1     1    17     8    10     1     0     0   -37.0   45.423 -118.847    586.1    945.0
     1     1    17     8    10     0     0     0   -38.0   45.388 -118.876    572.5    944.4
