     1     1
    SITE    10     3     1     0     0
     1 BACKWARD OMEGA   
    17     8     1     2   46.392 -119.412   700.0
     1 PRESSURE
     1     1    17     8     1     2     0     0     0.0   46.392 -119.412    700.0    931.4
     1     1    17     8     1     1     0     0    -1.0   46.360 -119.390    685.1    933.2
     1     1    17     8     1     0     0     0    -2.0   46.315 -119.391    677.1    934.8
     1     1    17     7    31    23     0     0    -3.0   46.314 -119.417    688.9    934.3
     1     1    17     7    31    22     0     0    -4.0   46.328 -119.486    696.6    930.0
     1     1    17     7    31    21     0     0    -5.0   46.326 -119.549    700.7    930.4
     1     1    17     7    31    20     0     0    -6.0   46.340 -119.582    695.8    932.1
     1     1    17     7    31    19     0     0    -7.0   46.327 -119.597    695.9    932.3
     1     1    17     7    31    18     0     0    -8.0   46.267 -119.559    709.0    932.4
     1     1    17     7    31    17     0     0    -9.0   46.187 -119.483    722.4    928.3
     1     1    17     7    31    16     0     0   -10.0   46.101 -119.438    710.4    929.8
     1     1    17     7    31    15     0     0   -11.0   46.011 -119.400    676.2    933.6
     1     1    17     7    31    14     0     0   -12.0   45.906 -119.342    664.9    935.9
     1     1    17     7    31    13     0     0   -13.0   45.797 -119.311    662.8    935.2
     1     1    17     7    31    12     0     0   -14.0   45.699 -119.298    642.5    938.2
     1     1    17     7    31    11     0     0   -15.0   45.610 -119.264    641.4    939.6
     1     1    17     7    31    10     0     0   -16.0   45.570 -119.191    652.6    936.5
     1     1    17     7    31     9     0     0   -17.0   45.544 -119.153    648.2    937.9
     1     1    17     7    31     8     0     0   -18.0   45.493 -119.146    650.2    937.6
     1     1    17     7    31     7     0     0   -19.0   45.460 -119.120    650.6    937.2
     1     1    17     7    31     6     0     0   -20.0   45.446 -119.079    649.8    937.0
     1     1    17     7    31     5     0     0   -21.0   45.435 -119.089    633.4    938.0
     1     1    17     7    31     4     0     0   -22.0   45.392 -119.113    634.7    940.9
