     1     1
    SITE    10     3     1     0     0
     1 BACKWARD OMEGA   
    17     8     1    23   46.392 -119.412   700.0
     1 PRESSURE
     1     1    17     8     1    23     0     0     0.0   46.392 -119.412    700.0    931.4
     1     1    17     8     1    22     0     0    -1.0   46.375 -119.462    684.9    933.2
     1     1    17     8     1    21     0     0    -2.0   46.377 -119.497    677.8    935.2
     1     1    17     8     1    20     0     0    -3.0   46.398 -119.537    687.6    933.8
     1     1    17     8     1    19     0     0    -4.0   46.394 -119.585    697.1    930.6
     1     1    17     8     1    18     0     0    -5.0   46.417 -119.554    697.9    931.6
     1     1    17     8     1    17     0     0    -6.0   46.493 -119.433    709.5    930.3
     1     1    17     8     1    16     0     0    -7.0   46.510 -119.307    714.1    929.2
     1     1    17     8     1    15     0     0    -8.0   46.480 -119.301    695.8    932.5
     1     1    17     8     1    14     0     0    -9.0   46.456 -119.297    698.7    931.9
     1     1    17     8     1    13     0     0   -10.0   46.387 -119.247    710.3    930.3
     1     1    17     8     1    12     0     0   -11.0   46.323 -119.321    717.5    929.7
     1     1    17     8     1    11     0     0   -12.0   46.357 -119.408    713.6    929.5
     1     1    17     8     1    10     0     0   -13.0   46.444 -119.434    701.2    931.0
     1     1    17     8     1     9     0     0   -14.0   46.463 -119.453    687.2    933.3
     1     1    17     8     1     8     0     0   -15.0   46.417 -119.446    684.9    932.9
     1     1    17     8     1     7     0     0   -16.0   46.371 -119.414    685.1    933.9
     1     1    17     8     1     6     0     0   -17.0   46.318 -119.391    682.2    932.4
     1     1    17     8     1     5     0     0   -18.0   46.262 -119.376    681.6    935.1
     1     1    17     8     1     4     0     0   -19.0   46.219 -119.370    682.8    932.3
     1     1    17     8     1     3     0     0   -20.0   46.181 -119.373    681.9    934.4
     1     1    17     8     1     2     0     0   -21.0   46.152 -119.357    676.9    932.8
     1     1    17     8     1     1     0     0   -22.0   46.120 -119.335    668.5    935.7
     1     1    17     8     1     0     0     0   -23.0   46.074 -119.334    669.6    935.4
     1     1    17     7    31    23     0     0   -24.0   46.071 -119.358    667.3    934.5
     1     1    17     7    31    22     0     0   -25.0   46.085 -119.426    654.7    937.7
     1     1    17     7    31    21     0     0   -26.0   46.083 -119.488    648.9    938.8
     1     1    17     7    31    20     0     0   -27.0   46.097 -119.521    650.9    937.5
     1     1    17     7    31    19     0     0   -28.0   46.083 -119.536    656.4    936.9
     1     1    17     7    31    18     0     0   -29.0   46.023 -119.494    683.1    935.8
     1     1    17     7    31    17     0     0   -30.0   45.944 -119.416    710.8    930.4
     1     1    17     7    31    16     0     0   -31.0   45.861 -119.368    713.9    929.5
     1     1    17     7    31    15     0     0   -32.0   45.771 -119.331    705.3    929.7
     1     1    17     7    31    14     0     0   -33.0   45.663 -119.275    692.1    933.2
     1     1    17     7    31    13     0     0   -34.0   45.549 -119.242    681.4    933.2
     1     1    17     7    31    12     0     0   -35.0   45.450 -119.229    673.2    935.1
     1     1    17     7    31    11     0     0   -36.0   45.364 -119.198    665.3    934.9
