     1     1
    SITE    10     3     1     0     0
     1 BACKWARD OMEGA   
    17     8     3     9   46.392 -119.412   700.0
     1 PRESSURE
     1     1    17     8     3     9     0     0     0.0   46.392 -119.412    700.0    931.4
     1     1    17     8     3     8     0     0    -1.0   46.371 -119.457    692.6    932.3
     1     1    17     8     3     7     0     0    -2.0   46.337 -119.453    692.6    932.8
     1     1    17     8     3     6     0     0    -3.0   46.302 -119.459    697.4    932.0
     1     1    17     8     3     5     0     0    -4.0   46.269 -119.486    699.0    930.9
     1     1    17     8     3     4     0     0    -5.0   46.255 -119.532    701.3    931.7
     1     1    17     8     3     3     0     0    -6.0   46.259 -119.593    702.8    930.3
     1     1    17     8     3     2     0     0    -7.0   46.267 -119.666    707.2    931.1
     1     1    17     8     3     1     0     0    -8.0   46.274 -119.730    714.5    929.4
     1     1    17     8     3     0     0     0    -9.0   46.264 -119.782    713.9    929.3
     1     1    17     8     2    23     0     0   -10.0   46.253 -119.835    712.0    930.2
     1     1    17     8     2    22     0     0   -11.0   46.271 -119.894    719.4    930.2
     1     1    17     8     2    21     0     0   -12.0   46.288 -119.964    726.3    927.6
     1     1    17     8     2    20     0     0   -13.0   46.316 -120.040    712.0    928.3
     1     1    17     8     2    19     0     0   -14.0   46.378 -120.098    702.8    932.9
     1     1    17     8     2    18     0     0   -15.0   46.411 -120.214    703.1    931.0
     1     1    17     8     2    17     0     0   -16.0   46.340 -120.301    702.5    932.4
     1     1    17     8     2    16     0     0   -17.0   46.332 -120.272    742.0    926.1
     1     1    17     8     2    15     0     0   -18.0   46.331 -120.251    772.6    923.6
     1     1    17     8     2    14     0     0   -19.0   46.196 -120.255    787.9    921.8
     1     1    17     8     2    13     0     0   -20.0   46.044 -120.256    791.2    921.7
     1     1    17     8     2    12     0     0   -21.0   45.879 -120.258    816.5    918.8
     1     1    17     8     2    11     0     0   -22.0   45.699 -120.252    865.8    914.4
     1     1    17     8     2    10     0     0   -23.0   45.602 -120.097    938.1    906.0
     1     1    17     8     2     9     0     0   -24.0   45.715 -119.965    943.6    904.1
     1     1    17     8     2     8     0     0   -25.0   45.938 -120.015    920.5    906.6
     1     1    17     8     2     7     0     0   -26.0   46.139 -120.115    921.7    907.3
     1     1    17     8     2     6     0     0   -27.0   46.304 -120.242    956.8    903.1
     1     1    17     8     2     5     0     0   -28.0   46.446 -120.338    977.0    901.8
     1     1    17     8     2     4     0     0   -29.0   46.581 -120.401   1006.8    897.8
     1     1    17     8     2     3     0     0   -30.0   46.725 -120.477   1014.4    897.3
     1     1    17     8     2     2     0     0   -31.0   46.874 -120.591   1031.7    897.1
     1     1    17     8     2     1     0     0   -32.0   47.000 -120.701   1110.3    886.8
     1     1    17     8     2     0     0     0   -33.0   47.075 -120.784   1141.1    882.7
     1     1    17     8     1    23     0     0   -34.0   47.088 -120.849   1132.9    883.8
     1     1    17     8     1    22     0     0   -35.0   47.072 -120.900   1129.4    884.8
