     1     1
    SITE    10     3     1     0     0
     1 BACKWARD OMEGA   
    17     8     4     5   46.392 -119.412   700.0
     1 PRESSURE
     1     1    17     8     4     5     0     0     0.0   46.392 -119.412    700.0    931.4
     1     1    17     8     4     4     0     0    -1.0   46.330 -119.408    715.0    929.6
     1     1    17     8     4     3     0     0    -2.0   46.284 -119.338    704.8    931.3
     1     1    17     8     4     2     0     0    -3.0   46.251 -119.322    707.7    931.2
     1     1    17     8     4     1     0     0    -4.0   46.200 -119.320    706.3    929.4
     1     1    17     8     4     0     0     0    -5.0   46.147 -119.291    696.1    932.7
     1     1    17     8     3    23     0     0    -6.0   46.118 -119.260    691.4    932.1
     1     1    17     8     3    22     0     0    -7.0   46.110 -119.202    689.8    933.3
     1     1    17     8     3    21     0     0    -8.0   46.073 -119.158    685.5    931.5
     1     1    17     8     3    20     0     0    -9.0   45.998 -119.165    647.5    938.3
     1     1    17     8     3    19     0     0   -10.0   45.931 -119.190    642.7    938.8
     1     1    17     8     3    18     0     0   -11.0   45.864 -119.200    656.4    936.9
     1     1    17     8     3    17     0     0   -12.0   45.775 -119.143    677.1    933.5
     1     1    17     8     3    16     0     0   -13.0   45.698 -119.026    671.1    933.5
     1     1    17     8     3    15     0     0   -14.0   45.650 -118.885    646.6    938.9
     1     1    17     8     3    14     0     0   -15.0   45.601 -118.765    654.9    936.9
     1     1    17     8     3    13     0     0   -16.0   45.536 -118.743    672.2    934.8
     1     1    17     8     3    12     0     0   -17.0   45.492 -118.834    680.3    932.3
     1     1    17     8     3    11     0     0   -18.0   45.536 -118.912    681.6    934.7
     1     1    17     8     3    10     0     0   -19.0   45.633 -118.950    693.5    931.7
     1     1    17     8     3     9     0     0   -20.0   45.670 -119.025    687.8    932.3
     1     1    17     8     3     8     0     0   -21.0   45.648 -119.068    674.0    934.9
     1     1    17     8     3     7     0     0   -22.0   45.614 -119.065    676.8    934.8
     1     1    17     8     3     6     0     0   -23.0   45.580 -119.070    682.8    933.2
     1     1    17     8     3     5     0     0   -24.0   45.547 -119.095    688.9    933.0
     1     1    17     8     3     4     0     0   -25.0   45.534 -119.140    686.1    932.4
     1     1    17     8     3     3     0     0   -26.0   45.538 -119.200    678.0    934.1
     1     1    17     8     3     2     0     0   -27.0   45.545 -119.270    677.9    934.7
     1     1    17     8     3     1     0     0   -28.0   45.552 -119.332    683.0    933.3
     1     1    17     8     3     0     0     0   -29.0   45.542 -119.385    687.9    933.0
     1     1    17     8     2    23     0     0   -30.0   45.531 -119.437    690.2    931.8
     1     1    17     8     2    22     0     0   -31.0   45.549 -119.493    686.1    932.7
     1     1    17     8     2    21     0     0   -32.0   45.567 -119.561    681.2    934.4
     1     1    17     8     2    20     0     0   -33.0   45.596 -119.639    687.4    934.2
     1     1    17     8     2    19     0     0   -34.0   45.661 -119.701    704.6    931.1
     1     1    17     8     2    18     0     0   -35.0   45.694 -119.814    702.0    930.7
     1     1    17     8     2    17     0     0   -36.0   45.624 -119.898    701.0    932.0
     1     1    17     8     2    16     0     0   -37.0   45.613 -119.871    692.1    932.9
     1     1    17     8     2    15     0     0   -38.0   45.611 -119.851    717.2    930.4
     1     1    17     8     2    14     0     0   -39.0   45.476 -119.849    739.0    926.2
     1     1    17     8     2    13     0     0   -40.0   45.326 -119.849    689.1    933.1
