     1     1
    SITE    10     3     1     0     0
     1 BACKWARD OMEGA   
    17     8    10    17   46.392 -119.412   700.0
     1 PRESSURE
     1     1    17     8    10    17     0     0     0.0   46.392 -119.412    700.0    931.4
     1     1    17     8    10    16     0     0    -1.0   46.386 -119.313    699.2    931.5
     1     1    17     8    10    15     0     0    -2.0   46.389 -119.209    680.5    934.3
     1     1    17     8    10    14     0     0    -3.0   46.403 -119.107    678.6    933.6
     1     1    17     8    10    13     0     0    -4.0   46.401 -119.004    680.2    934.0
     1     1    17     8    10    12     0     0    -5.0   46.372 -118.930    684.8    933.3
     1     1    17     8    10    11     0     0    -6.0   46.327 -118.898    690.5    932.7
     1     1    17     8    10    10     0     0    -7.0   46.278 -118.880    697.4    931.8
     1     1    17     8    10     9     0     0    -8.0   46.228 -118.849    692.5    930.9
     1     1    17     8    10     8     0     0    -9.0   46.166 -118.805    687.0    934.1
     1     1    17     8    10     7     0     0   -10.0   46.101 -118.778    675.9    934.1
     1     1    17     8    10     6     0     0   -11.0   46.060 -118.750    663.2    936.7
     1     1    17     8    10     5     0     0   -12.0   46.039 -118.748    665.4    935.9
     1     1    17     8    10     4     0     0   -13.0   46.014 -118.767    667.2    934.7
     1     1    17     8    10     3     0     0   -14.0   45.969 -118.759    664.2    935.7
     1     1    17     8    10     2     0     0   -15.0   45.942 -118.784    667.4    936.0
     1     1    17     8    10     1     0     0   -16.0   45.937 -118.836    672.4    933.5
     1     1    17     8    10     0     0     0   -17.0   45.902 -118.863    664.9    935.2
     1     1    17     8     9    23     0     0   -18.0   45.869 -118.917    657.6    937.1
     1     1    17     8     9    22     0     0   -19.0   45.827 -118.955    658.7    936.6
     1     1    17     8     9    21     0     0   -20.0   45.781 -118.966    655.9    936.7
     1     1    17     8     9    20     0     0   -21.0   45.770 -119.021    657.6    936.8
     1     1    17     8     9    19     0     0   -22.0   45.732 -119.058    649.4    935.6
     1     1    17     8     9    18     0     0   -23.0   45.723 -119.011    647.9    941.2
     1     1    17     8     9    17     0     0   -24.0   45.771 -118.898    667.8    937.0
     1     1    17     8     9    16     0     0   -25.0   45.815 -118.773    693.8    931.5
     1     1    17     8     9    15     0     0   -26.0   45.823 -118.658    688.3    933.2
     1     1    17     8     9    14     0     0   -27.0   45.776 -118.594    670.8    934.4
     1     1    17     8     9    13     0     0   -28.0   45.697 -118.583    657.4    936.7
     1     1    17     8     9    12     0     0   -29.0   45.625 -118.539    660.9    936.9
     1     1    17     8     9    11     0     0   -30.0   45.569 -118.494    683.0    932.6
     1     1    17     8     9    10     0     0   -31.0   45.521 -118.470    678.1    932.9
     1     1    17     8     9     9     0     0   -32.0   45.474 -118.446    674.1    935.4
     1     1    17     8     9     8     0     0   -33.0   45.417 -118.430    674.9    934.5
     1     1    17     8     9     7     0     0   -34.0   45.351 -118.405    686.4    933.8
