     1     1
    SITE    10     3     1     0     0
     1 BACKWARD OMEGA   
    17     8    27    12   46.392 -119.412   700.0
     1 PRESSURE
     1     1    17     8    27    12     0     0     0.0   46.392 -119.412    700.0    931.4
     1     1    17     8    27    11     0     0    -1.0   46.350 -119.365    695.8    931.9
     1     1    17     8    27    10     0     0    -2.0   46.303 -119.348    684.8    932.8
     1     1    17     8    27     9     0     0    -3.0   46.257 -119.338    675.7    935.0
     1     1    17     8    27     8     0     0    -4.0   46.219 -119.320    681.2    934.7
     1     1    17     8    27     7     0     0    -5.0   46.192 -119.317    694.8    931.9
     1     1    17     8    27     6     0     0    -6.0   46.198 -119.344    699.5    931.0
     1     1    17     8    27     5     0     0    -7.0   46.227 -119.377    703.8    931.6
     1     1    17     8    27     4     0     0    -8.0   46.245 -119.418    707.3    929.8
     1     1    17     8    27     3     0     0    -9.0   46.246 -119.457    710.0    930.9
     1     1    17     8    27     2     0     0   -10.0   46.227 -119.500    715.2    929.4
     1     1    17     8    27     1     0     0   -11.0   46.189 -119.530    716.3    929.6
     1     1    17     8    27     0     0     0   -12.0   46.140 -119.562    712.6    929.6
     1     1    17     8    26    23     0     0   -13.0   46.104 -119.629    709.2    930.6
     1     1    17     8    26    22     0     0   -14.0   46.076 -119.663    708.0    930.9
     1     1    17     8    26    21     0     0   -15.0   46.069 -119.678    705.0    929.8
     1     1    17     8    26    20     0     0   -16.0   46.076 -119.712    699.5    931.2
     1     1    17     8    26    19     0     0   -17.0   46.058 -119.743    700.5    932.2
     1     1    17     8    26    18     0     0   -18.0   46.014 -119.763    706.8    930.5
     1     1    17     8    26    17     0     0   -19.0   46.018 -119.739    724.6    929.8
     1     1    17     8    26    16     0     0   -20.0   46.082 -119.667    736.1    927.8
     1     1    17     8    26    15     0     0   -21.0   46.086 -119.577    751.1    924.9
     1     1    17     8    26    14     0     0   -22.0   46.090 -119.494    764.2    924.9
     1     1    17     8    26    13     0     0   -23.0   46.125 -119.400    778.6    924.4
     1     1    17     8    26    12     0     0   -24.0   46.157 -119.313    780.5    921.8
     1     1    17     8    26    11     0     0   -25.0   46.188 -119.231    775.8    924.2
     1     1    17     8    26    10     0     0   -26.0   46.218 -119.155    777.5    922.2
     1     1    17     8    26     9     0     0   -27.0   46.231 -119.162    782.1    922.5
     1     1    17     8    26     8     0     0   -28.0   46.208 -119.191    781.5    920.9
     1     1    17     8    26     7     0     0   -29.0   46.176 -119.184    774.0    923.9
     1     1    17     8    26     6     0     0   -30.0   46.163 -119.203    772.6    922.9
     1     1    17     8    26     5     0     0   -31.0   46.157 -119.206    772.0    923.1
     1     1    17     8    26     4     0     0   -32.0   46.155 -119.209    775.0    922.4
     1     1    17     8    26     3     0     0   -33.0   46.155 -119.236    774.5    923.0
     1     1    17     8    26     2     0     0   -34.0   46.142 -119.258    777.5    922.9
     1     1    17     8    26     1     0     0   -35.0   46.131 -119.283    779.3    921.9
     1     1    17     8    26     0     0     0   -36.0   46.105 -119.320    769.3    922.6
     1     1    17     8    25    23     0     0   -37.0   46.101 -119.370    760.8    924.7
     1     1    17     8    25    22     0     0   -38.0   46.108 -119.421    770.8    925.3
     1     1    17     8    25    21     0     0   -39.0   46.070 -119.469    784.9    920.5
     1     1    17     8    25    20     0     0   -40.0   46.008 -119.511    788.4    921.4
     1     1    17     8    25    19     0     0   -41.0   45.926 -119.519    788.5    921.0
     1     1    17     8    25    18     0     0   -42.0   45.824 -119.493    783.0    922.0
     1     1    17     8    25    17     0     0   -43.0   45.722 -119.467    768.6    923.3
     1     1    17     8    25    16     0     0   -44.0   45.633 -119.429    769.7    924.4
     1     1    17     8    25    15     0     0   -45.0   45.559 -119.378    795.9    920.0
     1     1    17     8    25    14     0     0   -46.0   45.480 -119.324    813.2    919.5
     1     1    17     8    25    13     0     0   -47.0   45.399 -119.312    825.1    917.2
