     1     1
    SITE    10     3     1     0     0
     1 BACKWARD OMEGA   
    17     8     6    23   46.392 -119.412   700.0
     1 PRESSURE
     1     1    17     8     6    23     0     0     0.0   46.392 -119.412    700.0    931.4
     1     1    17     8     6    22     0     0    -1.0   46.367 -119.428    688.6    932.7
     1     1    17     8     6    21     0     0    -2.0   46.365 -119.451    679.6    934.8
     1     1    17     8     6    20     0     0    -3.0   46.370 -119.475    679.0    934.3
     1     1    17     8     6    19     0     0    -4.0   46.380 -119.512    679.7    933.5
     1     1    17     8     6    18     0     0    -5.0   46.426 -119.553    676.0    934.4
     1     1    17     8     6    17     0     0    -6.0   46.443 -119.603    676.5    934.4
     1     1    17     8     6    16     0     0    -7.0   46.425 -119.596    662.0    934.8
     1     1    17     8     6    15     0     0    -8.0   46.449 -119.515    649.1    937.6
     1     1    17     8     6    14     0     0    -9.0   46.513 -119.456    645.6    938.2
     1     1    17     8     6    13     0     0   -10.0   46.571 -119.408    644.1    937.9
     1     1    17     8     6    12     0     0   -11.0   46.590 -119.335    636.2    938.9
     1     1    17     8     6    11     0     0   -12.0   46.612 -119.272    648.2    939.9
     1     1    17     8     6    10     0     0   -13.0   46.661 -119.231    649.4    936.5
     1     1    17     8     6     9     0     0   -14.0   46.662 -119.195    651.3    937.9
     1     1    17     8     6     8     0     0   -15.0   46.622 -119.184    656.6    936.8
     1     1    17     8     6     7     0     0   -16.0   46.586 -119.190    660.0    935.8
     1     1    17     8     6     6     0     0   -17.0   46.555 -119.201    653.8    936.2
     1     1    17     8     6     5     0     0   -18.0   46.517 -119.187    649.4    938.2
     1     1    17     8     6     4     0     0   -19.0   46.482 -119.165    651.2    937.0
     1     1    17     8     6     3     0     0   -20.0   46.456 -119.175    650.9    937.3
     1     1    17     8     6     2     0     0   -21.0   46.426 -119.175    653.5    937.2
     1     1    17     8     6     1     0     0   -22.0   46.385 -119.176    637.0    937.2
     1     1    17     8     6     0     0     0   -23.0   46.354 -119.212    626.2    941.1
     1     1    17     8     5    23     0     0   -24.0   46.365 -119.253    631.4    940.4
     1     1    17     8     5    22     0     0   -25.0   46.371 -119.289    632.1    938.9
     1     1    17     8     5    21     0     0   -26.0   46.341 -119.321    626.0    939.6
     1     1    17     8     5    20     0     0   -27.0   46.296 -119.359    618.2    941.4
     1     1    17     8     5    19     0     0   -28.0   46.239 -119.399    624.3    941.3
     1     1    17     8     5    18     0     0   -29.0   46.179 -119.416    617.2    938.9
     1     1    17     8     5    17     0     0   -30.0   46.094 -119.399    598.1    943.9
     1     1    17     8     5    16     0     0   -31.0   46.009 -119.333    605.9    942.8
     1     1    17     8     5    15     0     0   -32.0   45.971 -119.228    628.9    939.3
     1     1    17     8     5    14     0     0   -33.0   45.984 -119.213    628.5    940.1
     1     1    17     8     5    13     0     0   -34.0   45.989 -119.201    622.0    939.7
     1     1    17     8     5    12     0     0   -35.0   45.972 -119.084    597.2    943.6
     1     1    17     8     5    11     0     0   -36.0   45.908 -119.023    570.9    945.2
     1     1    17     8     5    10     0     0   -37.0   45.804 -119.026    535.3    950.4
     1     1    17     8     5     9     0     0   -38.0   45.727 -119.027    534.9    950.1
     1     1    17     8     5     8     0     0   -39.0   45.693 -119.043    545.3    948.7
     1     1    17     8     5     7     0     0   -40.0   45.667 -119.054    548.6    948.0
     1     1    17     8     5     6     0     0   -41.0   45.639 -119.023    545.0    948.8
     1     1    17     8     5     5     0     0   -42.0   45.633 -119.016    543.6    949.6
     1     1    17     8     5     4     0     0   -43.0   45.606 -119.024    546.2    948.7
     1     1    17     8     5     3     0     0   -44.0   45.545 -118.997    550.5    948.5
     1     1    17     8     5     2     0     0   -45.0   45.470 -118.973    552.8    947.7
     1     1    17     8     5     1     0     0   -46.0   45.395 -118.952    543.0    948.7
