     1     1
    SITE    10     3     1     0     0
     1 BACKWARD OMEGA   
    17     8     8     4   46.392 -119.412   700.0
     1 PRESSURE
     1     1    17     8     8     4     0     0     0.0   46.392 -119.412    700.0    931.4
     1     1    17     8     8     3     0     0    -1.0   46.355 -119.370    711.0    930.1
     1     1    17     8     8     2     0     0    -2.0   46.317 -119.350    715.0    929.1
     1     1    17     8     8     1     0     0    -3.0   46.300 -119.320    710.8    930.1
     1     1    17     8     8     0     0     0    -4.0   46.268 -119.314    704.2    931.1
     1     1    17     8     7    23     0     0    -5.0   46.219 -119.342    702.9    931.8
     1     1    17     8     7    22     0     0    -6.0   46.234 -119.361    723.4    930.8
     1     1    17     8     7    21     0     0    -7.0   46.251 -119.403    742.4    924.7
     1     1    17     8     7    20     0     0    -8.0   46.208 -119.449    756.0    926.8
     1     1    17     8     7    19     0     0    -9.0   46.156 -119.477    772.3    921.1
     1     1    17     8     7    18     0     0   -10.0   46.102 -119.478    765.9    923.5
     1     1    17     8     7    17     0     0   -11.0   46.036 -119.457    756.6    924.0
     1     1    17     8     7    16     0     0   -12.0   45.952 -119.432    757.7    925.9
     1     1    17     8     7    15     0     0   -13.0   45.855 -119.389    763.0    922.9
     1     1    17     8     7    14     0     0   -14.0   45.746 -119.337    752.0    925.4
     1     1    17     8     7    13     0     0   -15.0   45.622 -119.304    750.3    926.9
     1     1    17     8     7    12     0     0   -16.0   45.505 -119.277    756.1    924.2
     1     1    17     8     7    11     0     0   -17.0   45.407 -119.244    749.6    926.3
