     1     1
    SITE    10     3     1     0     0
     1 BACKWARD OMEGA   
    17     8    17    10   46.392 -119.412   700.0
     1 PRESSURE
     1     1    17     8    17    10     0     0     0.0   46.392 -119.412    700.0    931.4
     1     1    17     8    17     9     0     0    -1.0   46.291 -119.371    716.8    929.5
     1     1    17     8    17     8     0     0    -2.0   46.171 -119.367    705.3    930.4
     1     1    17     8    17     7     0     0    -3.0   46.051 -119.385    695.9    931.8
     1     1    17     8    17     6     0     0    -4.0   45.965 -119.368    695.9    931.9
     1     1    17     8    17     5     0     0    -5.0   45.917 -119.345    700.5    931.1
     1     1    17     8    17     4     0     0    -6.0   45.871 -119.361    700.0    931.3
     1     1    17     8    17     3     0     0    -7.0   45.828 -119.404    710.3    930.8
     1     1    17     8    17     2     0     0    -8.0   45.797 -119.437    719.1    927.9
     1     1    17     8    17     1     0     0    -9.0   45.747 -119.461    710.1    929.6
     1     1    17     8    17     0     0     0   -10.0   45.689 -119.448    696.1    931.6
     1     1    17     8    16    23     0     0   -11.0   45.705 -119.521    701.0    934.7
     1     1    17     8    16    22     0     0   -12.0   45.795 -119.705    687.2    932.7
     1     1    17     8    16    21     0     0   -13.0   45.924 -119.892    655.3    938.0
     1     1    17     8    16    20     0     0   -14.0   46.124 -120.123    662.8    936.1
     1     1    17     8    16    19     0     0   -15.0   46.339 -120.371    673.1    933.5
     1     1    17     8    16    18     0     0   -16.0   46.525 -120.587    661.2    936.3
     1     1    17     8    16    17     0     0   -17.0   46.550 -120.775    699.4    931.2
