     1     1
    SITE    10     3     1     0     0
     1 BACKWARD OMEGA   
    17     8    10    23   46.392 -119.412   700.0
     1 PRESSURE
     1     1    17     8    10    23     0     0     0.0   46.392 -119.412    700.0    931.4
     1     1    17     8    10    22     0     0    -1.0   46.418 -119.477    705.6    930.8
     1     1    17     8    10    21     0     0    -2.0   46.444 -119.522    708.6    930.4
     1     1    17     8    10    20     0     0    -3.0   46.416 -119.566    701.3    930.4
     1     1    17     8    10    19     0     0    -4.0   46.390 -119.609    690.6    933.0
     1     1    17     8    10    18     0     0    -5.0   46.344 -119.631    672.5    933.2
     1     1    17     8    10    17     0     0    -6.0   46.305 -119.579    680.0    933.7
     1     1    17     8    10    16     0     0    -7.0   46.299 -119.478    689.3    932.3
     1     1    17     8    10    15     0     0    -8.0   46.302 -119.374    703.7    931.0
     1     1    17     8    10    14     0     0    -9.0   46.317 -119.272    714.8    929.6
     1     1    17     8    10    13     0     0   -10.0   46.315 -119.169    702.9    930.5
     1     1    17     8    10    12     0     0   -11.0   46.285 -119.090    687.9    933.2
     1     1    17     8    10    11     0     0   -12.0   46.240 -119.057    685.2    932.8
     1     1    17     8    10    10     0     0   -13.0   46.190 -119.041    676.6    933.9
     1     1    17     8    10     9     0     0   -14.0   46.140 -119.010    664.1    935.5
     1     1    17     8    10     8     0     0   -15.0   46.078 -118.968    654.1    937.2
     1     1    17     8    10     7     0     0   -16.0   46.012 -118.943    643.2    938.6
     1     1    17     8    10     6     0     0   -17.0   45.970 -118.918    643.5    938.4
     1     1    17     8    10     5     0     0   -18.0   45.948 -118.919    641.6    938.5
     1     1    17     8    10     4     0     0   -19.0   45.924 -118.937    649.6    938.0
     1     1    17     8    10     3     0     0   -20.0   45.880 -118.929    643.9    935.8
     1     1    17     8    10     2     0     0   -21.0   45.852 -118.953    629.6    940.9
     1     1    17     8    10     1     0     0   -22.0   45.845 -119.006    625.6    940.5
     1     1    17     8    10     0     0     0   -23.0   45.811 -119.033    621.6    940.2
     1     1    17     8     9    23     0     0   -24.0   45.781 -119.086    616.4    941.2
     1     1    17     8     9    22     0     0   -25.0   45.740 -119.122    629.1    940.7
     1     1    17     8     9    21     0     0   -26.0   45.696 -119.132    638.1    938.6
     1     1    17     8     9    20     0     0   -27.0   45.685 -119.185    644.2    939.1
     1     1    17     8     9    19     0     0   -28.0   45.646 -119.217    652.6    936.7
     1     1    17     8     9    18     0     0   -29.0   45.633 -119.167    646.4    937.8
     1     1    17     8     9    17     0     0   -30.0   45.685 -119.052    640.8    938.8
     1     1    17     8     9    16     0     0   -31.0   45.731 -118.928    633.9    939.5
     1     1    17     8     9    15     0     0   -32.0   45.742 -118.811    627.6    940.4
     1     1    17     8     9    14     0     0   -33.0   45.698 -118.746    636.7    938.8
     1     1    17     8     9    13     0     0   -34.0   45.621 -118.735    654.1    936.3
     1     1    17     8     9    12     0     0   -35.0   45.550 -118.692    645.3    938.3
     1     1    17     8     9    11     0     0   -36.0   45.492 -118.649    652.2    937.3
     1     1    17     8     9    10     0     0   -37.0   45.444 -118.626    656.0    935.3
     1     1    17     8     9     9     0     0   -38.0   45.398 -118.603    640.3    937.5
