     1     1
    SITE    10     3     1     0     0
     1 BACKWARD OMEGA   
    17     8    28    23   46.392 -119.412   700.0
     1 PRESSURE
     1     1    17     8    28    23     0     0     0.0   46.392 -119.412    700.0    931.4
     1     1    17     8    28    22     0     0    -1.0   46.352 -119.454    697.3    931.7
     1     1    17     8    28    21     0     0    -2.0   46.348 -119.490    690.8    932.1
     1     1    17     8    28    20     0     0    -3.0   46.344 -119.564    688.6    933.5
     1     1    17     8    28    19     0     0    -4.0   46.316 -119.637    693.3    932.1
     1     1    17     8    28    18     0     0    -5.0   46.328 -119.693    687.1    932.1
     1     1    17     8    28    17     0     0    -6.0   46.398 -119.764    685.8    934.7
     1     1    17     8    28    16     0     0    -7.0   46.426 -119.858    681.9    933.6
     1     1    17     8    28    15     0     0    -8.0   46.466 -119.935    685.3    932.9
     1     1    17     8    28    14     0     0    -9.0   46.501 -119.895    685.7    932.9
     1     1    17     8    28    13     0     0   -10.0   46.527 -119.798    671.2    935.0
     1     1    17     8    28    12     0     0   -11.0   46.621 -119.752    666.1    935.2
     1     1    17     8    28    11     0     0   -12.0   46.732 -119.746    654.7    936.5
     1     1    17     8    28    10     0     0   -13.0   46.860 -119.777    672.3    936.2
     1     1    17     8    28     9     0     0   -14.0   47.003 -119.843    699.5    931.8
     1     1    17     8    28     8     0     0   -15.0   47.017 -119.884    724.6    928.8
     1     1    17     8    28     7     0     0   -16.0   46.950 -119.922    739.9    926.1
     1     1    17     8    28     6     0     0   -17.0   46.965 -119.990    735.9    927.8
     1     1    17     8    28     5     0     0   -18.0   47.017 -119.976    729.8    925.8
     1     1    17     8    28     4     0     0   -19.0   47.031 -119.905    721.9    929.2
     1     1    17     8    28     3     0     0   -20.0   46.992 -119.878    725.6    928.7
     1     1    17     8    28     2     0     0   -21.0   46.949 -119.857    717.1    927.5
     1     1    17     8    28     1     0     0   -22.0   46.901 -119.815    715.4    932.3
     1     1    17     8    28     0     0     0   -23.0   46.854 -119.770    734.7    927.6
     1     1    17     8    27    23     0     0   -24.0   46.819 -119.746    740.9    925.7
     1     1    17     8    27    22     0     0   -25.0   46.790 -119.763    742.7    927.0
     1     1    17     8    27    21     0     0   -26.0   46.780 -119.795    743.5    925.7
     1     1    17     8    27    20     0     0   -27.0   46.784 -119.844    737.1    927.0
     1     1    17     8    27    19     0     0   -28.0   46.782 -119.894    733.8    927.7
     1     1    17     8    27    18     0     0   -29.0   46.765 -119.930    732.1    927.7
     1     1    17     8    27    17     0     0   -30.0   46.725 -119.954    735.4    928.2
     1     1    17     8    27    16     0     0   -31.0   46.667 -119.973    738.0    926.5
     1     1    17     8    27    15     0     0   -32.0   46.662 -119.975    735.2    927.4
     1     1    17     8    27    14     0     0   -33.0   46.701 -119.922    728.3    926.3
     1     1    17     8    27    13     0     0   -34.0   46.719 -119.841    719.1    930.7
     1     1    17     8    27    12     0     0   -35.0   46.705 -119.762    720.9    928.6
     1     1    17     8    27    11     0     0   -36.0   46.665 -119.714    717.0    930.0
     1     1    17     8    27    10     0     0   -37.0   46.619 -119.695    714.6    929.7
     1     1    17     8    27     9     0     0   -38.0   46.573 -119.686    720.4    930.1
     1     1    17     8    27     8     0     0   -39.0   46.534 -119.668    723.4    927.5
     1     1    17     8    27     7     0     0   -40.0   46.506 -119.665    721.8    929.7
     1     1    17     8    27     6     0     0   -41.0   46.511 -119.692    731.0    927.8
     1     1    17     8    27     5     0     0   -42.0   46.540 -119.725    730.4    926.7
     1     1    17     8    27     4     0     0   -43.0   46.558 -119.768    724.5    929.2
     1     1    17     8    27     3     0     0   -44.0   46.559 -119.809    724.1    928.7
     1     1    17     8    27     2     0     0   -45.0   46.539 -119.850    727.9    928.4
     1     1    17     8    27     1     0     0   -46.0   46.501 -119.880    731.0    927.5
     1     1    17     8    27     0     0     0   -47.0   46.453 -119.913    737.5    928.1
     1     1    17     8    26    23     0     0   -48.0   46.418 -119.981    745.6    924.8
     1     1    17     8    26    22     0     0   -49.0   46.389 -120.019    746.5    926.7
     1     1    17     8    26    21     0     0   -50.0   46.382 -120.033    746.9    925.4
     1     1    17     8    26    20     0     0   -51.0   46.389 -120.068    744.5    926.8
     1     1    17     8    26    19     0     0   -52.0   46.372 -120.099    742.1    926.2
     1     1    17     8    26    18     0     0   -53.0   46.328 -120.118    740.4    927.1
     1     1    17     8    26    17     0     0   -54.0   46.331 -120.094    729.9    927.3
     1     1    17     8    26    16     0     0   -55.0   46.393 -120.021    715.6    929.8
     1     1    17     8    26    15     0     0   -56.0   46.395 -119.933    718.0    930.4
     1     1    17     8    26    14     0     0   -57.0   46.399 -119.847    731.0    928.0
     1     1    17     8    26    13     0     0   -58.0   46.435 -119.752    756.5    924.1
     1     1    17     8    26    12     0     0   -59.0   46.467 -119.664    771.0    923.5
     1     1    17     8    26    11     0     0   -60.0   46.498 -119.581    767.3    921.5
     1     1    17     8    26    10     0     0   -61.0   46.529 -119.504    750.0    927.1
     1     1    17     8    26     9     0     0   -62.0   46.543 -119.510    744.0    926.6
     1     1    17     8    26     8     0     0   -63.0   46.518 -119.538    731.3    929.2
     1     1    17     8    26     7     0     0   -64.0   46.486 -119.530    731.7    928.4
     1     1    17     8    26     6     0     0   -65.0   46.474 -119.549    738.9    927.0
     1     1    17     8    26     5     0     0   -66.0   46.467 -119.553    744.6    925.9
     1     1    17     8    26     4     0     0   -67.0   46.465 -119.556    750.2    926.0
     1     1    17     8    26     3     0     0   -68.0   46.465 -119.582    755.1    924.3
     1     1    17     8    26     2     0     0   -69.0   46.452 -119.605    753.6    925.5
     1     1    17     8    26     1     0     0   -70.0   46.441 -119.630    751.5    925.1
     1     1    17     8    26     0     0     0   -71.0   46.415 -119.666    749.1    926.1
     1     1    17     8    25    23     0     0   -72.0   46.412 -119.714    748.1    925.6
