     1     1
    SITE    10     3     1     0     0
     1 BACKWARD OMEGA   
    17     8    16    23   46.392 -119.412   700.0
     1 PRESSURE
     1     1    17     8    16    23     0     0     0.0   46.392 -119.412    700.0    931.4
     1     1    17     8    16    22     0     0    -1.0   46.482 -119.601    693.3    932.2
     1     1    17     8    16    21     0     0    -2.0   46.614 -119.789    676.1    934.3
     1     1    17     8    16    20     0     0    -3.0   46.815 -120.025    679.8    933.5
     1     1    17     8    16    19     0     0    -4.0   47.024 -120.276    714.8    930.4
     1     1    17     8    16    18     0     0    -5.0   47.218 -120.491    749.3    926.1
     1     1    17     8    16    17     0     0    -6.0   47.251 -120.683    747.6    927.0
     1     1    17     8    16    16     0     0    -7.0   47.113 -120.790    787.5    921.7
     1     1    17     8    16    15     0     0    -8.0   46.969 -120.825    765.5    923.5
     1     1    17     8    16    14     0     0    -9.0   46.838 -120.848    750.5    926.3
     1     1    17     8    16    13     0     0   -10.0   46.708 -120.859    745.2    926.4
