     1     1
    SITE    10     3     1     0     0
     1 BACKWARD OMEGA   
    17     8    20    16   46.392 -119.412   700.0
     1 PRESSURE
     1     1    17     8    20    16     0     0     0.0   46.392 -119.412    700.0    931.4
     1     1    17     8    20    15     0     0    -1.0   46.303 -119.387    694.5    932.1
     1     1    17     8    20    14     0     0    -2.0   46.220 -119.374    699.0    932.3
     1     1    17     8    20    13     0     0    -3.0   46.158 -119.308    715.4    929.8
     1     1    17     8    20    12     0     0    -4.0   46.079 -119.271    718.3    928.5
     1     1    17     8    20    11     0     0    -5.0   45.975 -119.268    706.5    931.0
     1     1    17     8    20    10     0     0    -6.0   45.907 -119.275    700.7    931.3
     1     1    17     8    20     9     0     0    -7.0   45.851 -119.314    695.7    932.2
     1     1    17     8    20     8     0     0    -8.0   45.787 -119.345    701.9    931.2
     1     1    17     8    20     7     0     0    -9.0   45.721 -119.341    713.1    930.3
     1     1    17     8    20     6     0     0   -10.0   45.638 -119.287    695.6    931.2
     1     1    17     8    20     5     0     0   -11.0   45.547 -119.261    656.0    937.0
     1     1    17     8    20     4     0     0   -12.0   45.467 -119.266    653.0    937.3
     1     1    17     8    20     3     0     0   -13.0   45.395 -119.264    650.6    936.9
