     1     1
    SITE    10     3     1     0     0
     1 BACKWARD OMEGA   
    17     8     3     2   46.392 -119.412   700.0
     1 PRESSURE
     1     1    17     8     3     2     0     0     0.0   46.392 -119.412    700.0    931.4
     1     1    17     8     3     1     0     0    -1.0   46.399 -119.476    694.0    932.1
     1     1    17     8     3     0     0     0    -2.0   46.390 -119.528    689.0    931.9
     1     1    17     8     2    23     0     0    -3.0   46.380 -119.581    678.8    934.0
     1     1    17     8     2    22     0     0    -4.0   46.397 -119.639    676.8    935.2
     1     1    17     8     2    21     0     0    -5.0   46.414 -119.709    681.9    933.7
     1     1    17     8     2    20     0     0    -6.0   46.442 -119.786    691.7    933.7
     1     1    17     8     2    19     0     0    -7.0   46.507 -119.845    716.5    929.6
     1     1    17     8     2    18     0     0    -8.0   46.539 -119.961    726.2    928.1
     1     1    17     8     2    17     0     0    -9.0   46.468 -120.044    745.5    926.8
     1     1    17     8     2    16     0     0   -10.0   46.460 -120.014    753.9    924.4
     1     1    17     8     2    15     0     0   -11.0   46.460 -119.992    737.2    927.2
     1     1    17     8     2    14     0     0   -12.0   46.324 -119.991    722.4    930.4
     1     1    17     8     2    13     0     0   -13.0   46.175 -119.992    730.1    928.0
     1     1    17     8     2    12     0     0   -14.0   46.015 -119.990    712.6    930.2
     1     1    17     8     2    11     0     0   -15.0   45.837 -119.984    694.6    931.5
     1     1    17     8     2    10     0     0   -16.0   45.739 -119.832    684.7    933.4
     1     1    17     8     2     9     0     0   -17.0   45.854 -119.704    695.6    932.0
     1     1    17     8     2     8     0     0   -18.0   46.072 -119.757    718.9    928.7
     1     1    17     8     2     7     0     0   -19.0   46.270 -119.859    709.4    930.1
     1     1    17     8     2     6     0     0   -20.0   46.434 -119.985    695.4    931.5
     1     1    17     8     2     5     0     0   -21.0   46.575 -120.081    678.4    935.0
     1     1    17     8     2     4     0     0   -22.0   46.710 -120.145    705.8    930.5
     1     1    17     8     2     3     0     0   -23.0   46.853 -120.222    708.5    931.5
     1     1    17     8     2     2     0     0   -24.0   46.999 -120.339    770.3    924.0
     1     1    17     8     2     1     0     0   -25.0   47.123 -120.449    780.1    921.7
     1     1    17     8     2     0     0     0   -26.0   47.197 -120.532    757.3    925.2
     1     1    17     8     1    23     0     0   -27.0   47.211 -120.598    753.6    925.3
     1     1    17     8     1    22     0     0   -28.0   47.194 -120.648    754.2    925.1
     1     1    17     8     1    21     0     0   -29.0   47.197 -120.682    749.5    925.1
     1     1    17     8     1    20     0     0   -30.0   47.218 -120.722    743.4    926.8
     1     1    17     8     1    19     0     0   -31.0   47.215 -120.772    745.7    926.7
     1     1    17     8     1    18     0     0   -32.0   47.238 -120.742    753.1    925.7
     1     1    17     8     1    17     0     0   -33.0   47.315 -120.621    744.5    926.3
