     1     1
    SITE    10     3     1     0     0
     1 BACKWARD OMEGA   
    17     8     4    18   46.392 -119.412   700.0
     1 PRESSURE
     1     1    17     8     4    18     0     0     0.0   46.392 -119.412    700.0    931.4
     1     1    17     8     4    17     0     0    -1.0   46.465 -119.328    699.3    931.5
     1     1    17     8     4    16     0     0    -2.0   46.497 -119.312    713.4    929.5
     1     1    17     8     4    15     0     0    -3.0   46.527 -119.377    717.9    929.0
     1     1    17     8     4    14     0     0    -4.0   46.539 -119.461    716.3    929.0
     1     1    17     8     4    13     0     0    -5.0   46.488 -119.548    708.4    930.2
     1     1    17     8     4    12     0     0    -6.0   46.468 -119.626    706.3    930.7
     1     1    17     8     4    11     0     0    -7.0   46.463 -119.724    714.9    930.4
     1     1    17     8     4    10     0     0    -8.0   46.430 -119.878    743.0    926.7
     1     1    17     8     4     9     0     0    -9.0   46.437 -120.037    771.8    922.2
     1     1    17     8     4     8     0     0   -10.0   46.465 -120.121    779.4    922.3
     1     1    17     8     4     7     0     0   -11.0   46.466 -120.169    778.1    921.7
     1     1    17     8     4     6     0     0   -12.0   46.473 -120.208    779.6    923.3
     1     1    17     8     4     5     0     0   -13.0   46.456 -120.263    782.1    920.7
     1     1    17     8     4     4     0     0   -14.0   46.394 -120.256    754.2    923.8
     1     1    17     8     4     3     0     0   -15.0   46.347 -120.185    751.7    925.7
     1     1    17     8     4     2     0     0   -16.0   46.314 -120.170    750.9    924.6
     1     1    17     8     4     1     0     0   -17.0   46.263 -120.169    744.4    927.2
     1     1    17     8     4     0     0     0   -18.0   46.210 -120.141    755.5    925.5
     1     1    17     8     3    23     0     0   -19.0   46.181 -120.109    761.2    923.2
     1     1    17     8     3    22     0     0   -20.0   46.172 -120.049    761.1    924.5
     1     1    17     8     3    21     0     0   -21.0   46.131 -120.004    760.2    924.4
     1     1    17     8     3    20     0     0   -22.0   46.054 -120.010    765.0    924.0
     1     1    17     8     3    19     0     0   -23.0   45.986 -120.038    781.1    922.6
     1     1    17     8     3    18     0     0   -24.0   45.919 -120.048    800.8    919.7
     1     1    17     8     3    17     0     0   -25.0   45.832 -119.993    781.3    921.8
     1     1    17     8     3    16     0     0   -26.0   45.755 -119.876    754.2    925.6
     1     1    17     8     3    15     0     0   -27.0   45.711 -119.735    731.2    928.4
     1     1    17     8     3    14     0     0   -28.0   45.663 -119.615    735.7    927.8
     1     1    17     8     3    13     0     0   -29.0   45.602 -119.593    755.5    924.7
     1     1    17     8     3    12     0     0   -30.0   45.560 -119.681    746.7    924.2
     1     1    17     8     3    11     0     0   -31.0   45.602 -119.753    757.7    925.7
     1     1    17     8     3    10     0     0   -32.0   45.697 -119.791    754.6    923.8
     1     1    17     8     3     9     0     0   -33.0   45.735 -119.871    735.1    928.1
     1     1    17     8     3     8     0     0   -34.0   45.714 -119.914    745.8    926.1
     1     1    17     8     3     7     0     0   -35.0   45.680 -119.911    759.8    925.2
     1     1    17     8     3     6     0     0   -36.0   45.645 -119.919    766.1    922.2
     1     1    17     8     3     5     0     0   -37.0   45.611 -119.946    761.5    924.8
     1     1    17     8     3     4     0     0   -38.0   45.597 -119.992    761.4    924.6
     1     1    17     8     3     3     0     0   -39.0   45.602 -120.051    767.9    924.4
     1     1    17     8     3     2     0     0   -40.0   45.611 -120.121    778.0    921.8
     1     1    17     8     3     1     0     0   -41.0   45.618 -120.183    782.3    922.1
     1     1    17     8     3     0     0     0   -42.0   45.608 -120.234    783.5    921.6
     1     1    17     8     2    23     0     0   -43.0   45.599 -120.285    781.2    922.4
     1     1    17     8     2    22     0     0   -44.0   45.616 -120.343    778.7    922.4
     1     1    17     8     2    21     0     0   -45.0   45.633 -120.414    783.4    923.1
     1     1    17     8     2    20     0     0   -46.0   45.663 -120.492    805.0    920.0
     1     1    17     8     2    19     0     0   -47.0   45.726 -120.550    821.3    916.1
     1     1    17     8     2    18     0     0   -48.0   45.759 -120.664    815.6    918.8
     1     1    17     8     2    17     0     0   -49.0   45.687 -120.746    831.5    915.9
     1     1    17     8     2    16     0     0   -50.0   45.678 -120.718    837.2    916.3
     1     1    17     8     2    15     0     0   -51.0   45.678 -120.700    842.1    915.9
     1     1    17     8     2    14     0     0   -52.0   45.545 -120.701    821.2    917.3
     1     1    17     8     2    13     0     0   -53.0   45.392 -120.700    804.7    920.3
