     1     1
    SITE    10     3     1     0     0
     1 BACKWARD OMEGA   
    17     8    11     1   46.392 -119.412   700.0
     1 PRESSURE
     1     1    17     8    11     1     0     0     0.0   46.392 -119.412    700.0    931.4
     1     1    17     8    11     0     0     0    -1.0   46.337 -119.409    691.5    932.4
     1     1    17     8    10    23     0     0    -2.0   46.298 -119.468    693.0    932.7
     1     1    17     8    10    22     0     0    -3.0   46.322 -119.534    685.5    932.4
     1     1    17     8    10    21     0     0    -4.0   46.348 -119.579    674.0    934.3
     1     1    17     8    10    20     0     0    -5.0   46.319 -119.623    666.1    935.9
     1     1    17     8    10    19     0     0    -6.0   46.293 -119.667    657.7    935.9
     1     1    17     8    10    18     0     0    -7.0   46.245 -119.688    658.6    938.2
     1     1    17     8    10    17     0     0    -8.0   46.207 -119.638    661.5    935.1
     1     1    17     8    10    16     0     0    -9.0   46.202 -119.537    666.8    939.3
     1     1    17     8    10    15     0     0   -10.0   46.209 -119.433    673.4    933.7
     1     1    17     8    10    14     0     0   -11.0   46.224 -119.333    660.2    936.2
     1     1    17     8    10    13     0     0   -12.0   46.220 -119.228    634.2    939.0
     1     1    17     8    10    12     0     0   -13.0   46.192 -119.150    619.5    941.3
     1     1    17     8    10    11     0     0   -14.0   46.148 -119.120    611.8    940.3
     1     1    17     8    10    10     0     0   -15.0   46.097 -119.105    597.4    943.9
     1     1    17     8    10     9     0     0   -16.0   46.047 -119.075    592.4    943.9
     1     1    17     8    10     8     0     0   -17.0   45.983 -119.036    582.4    944.2
     1     1    17     8    10     7     0     0   -18.0   45.917 -119.011    581.7    945.0
     1     1    17     8    10     6     0     0   -19.0   45.876 -118.984    583.8    944.1
     1     1    17     8    10     5     0     0   -20.0   45.855 -118.984    582.5    944.6
     1     1    17     8    10     4     0     0   -21.0   45.833 -119.004    587.9    944.9
     1     1    17     8    10     3     0     0   -22.0   45.790 -118.998    590.9    943.3
     1     1    17     8    10     2     0     0   -23.0   45.761 -119.023    597.9    943.8
     1     1    17     8    10     1     0     0   -24.0   45.755 -119.074    609.2    941.3
     1     1    17     8    10     0     0     0   -25.0   45.723 -119.103    605.1    941.4
     1     1    17     8     9    23     0     0   -26.0   45.693 -119.157    597.5    943.1
     1     1    17     8     9    22     0     0   -27.0   45.651 -119.193    591.2    943.3
     1     1    17     8     9    21     0     0   -28.0   45.606 -119.202    580.6    944.9
     1     1    17     8     9    20     0     0   -29.0   45.596 -119.255    570.4    946.0
     1     1    17     8     9    19     0     0   -30.0   45.557 -119.286    561.1    947.4
     1     1    17     8     9    18     0     0   -31.0   45.544 -119.235    556.3    947.7
     1     1    17     8     9    17     0     0   -32.0   45.592 -119.117    572.6    946.0
     1     1    17     8     9    16     0     0   -33.0   45.636 -118.990    588.2    943.3
     1     1    17     8     9    15     0     0   -34.0   45.645 -118.872    582.4    944.8
     1     1    17     8     9    14     0     0   -35.0   45.600 -118.807    577.7    945.0
     1     1    17     8     9    13     0     0   -36.0   45.525 -118.797    557.9    947.3
     1     1    17     8     9    12     0     0   -37.0   45.455 -118.754    558.8    948.4
     1     1    17     8     9    11     0     0   -38.0   45.397 -118.710    576.7    944.7
