     1     1
    SITE    10     3     1     0     0
     1 BACKWARD OMEGA   
    17     8    14    11   46.392 -119.412   700.0
     1 PRESSURE
     1     1    17     8    14    11     0     0     0.0   46.392 -119.412    700.0    931.4
     1     1    17     8    14    10     0     0    -1.0   46.289 -119.353    725.6    928.4
     1     1    17     8    14     9     0     0    -2.0   46.185 -119.317    735.8    927.8
     1     1    17     8    14     8     0     0    -3.0   46.082 -119.338    748.3    926.3
     1     1    17     8    14     7     0     0    -4.0   45.994 -119.364    750.8    924.9
     1     1    17     8    14     6     0     0    -5.0   45.947 -119.370    741.9    927.1
     1     1    17     8    14     5     0     0    -6.0   45.935 -119.382    741.1    926.0
     1     1    17     8    14     4     0     0    -7.0   45.904 -119.406    728.6    927.8
     1     1    17     8    14     3     0     0    -8.0   45.842 -119.416    724.8    929.6
     1     1    17     8    14     2     0     0    -9.0   45.775 -119.407    715.0    927.9
     1     1    17     8    14     1     0     0   -10.0   45.708 -119.395    702.5    931.3
     1     1    17     8    14     0     0     0   -11.0   45.643 -119.389    704.3    931.7
     1     1    17     8    13    23     0     0   -12.0   45.569 -119.376    702.2    931.0
     1     1    17     8    13    22     0     0   -13.0   45.498 -119.373    707.0    930.9
     1     1    17     8    13    21     0     0   -14.0   45.526 -119.470    730.2    927.4
     1     1    17     8    13    20     0     0   -15.0   45.688 -119.651    740.5    926.3
     1     1    17     8    13    19     0     0   -16.0   45.840 -119.812    716.3    929.0
     1     1    17     8    13    18     0     0   -17.0   45.955 -119.976    736.0    927.5
     1     1    17     8    13    17     0     0   -18.0   46.053 -120.178    788.3    921.0
     1     1    17     8    13    16     0     0   -19.0   46.029 -120.382    814.9    918.2
     1     1    17     8    13    15     0     0   -20.0   45.878 -120.509    780.3    923.0
     1     1    17     8    13    14     0     0   -21.0   45.703 -120.551    783.4    921.7
     1     1    17     8    13    13     0     0   -22.0   45.532 -120.580    830.6    917.4
     1     1    17     8    13    12     0     0   -23.0   45.344 -120.631    825.7    917.6
