     1     1
    SITE    10     3     1     0     0
     1 BACKWARD OMEGA   
    17     8     4     0   46.392 -119.412   700.0
     1 PRESSURE
     1     1    17     8     4     0     0     0     0.0   46.392 -119.412    700.0    931.4
     1     1    17     8     3    23     0     0    -1.0   46.362 -119.379    699.3    931.5
     1     1    17     8     3    22     0     0    -2.0   46.353 -119.318    693.9    931.3
     1     1    17     8     3    21     0     0    -3.0   46.313 -119.274    685.5    933.4
     1     1    17     8     3    20     0     0    -4.0   46.238 -119.279    679.4    933.9
     1     1    17     8     3    19     0     0    -5.0   46.169 -119.306    670.4    934.8
     1     1    17     8     3    18     0     0    -6.0   46.102 -119.317    668.5    935.4
     1     1    17     8     3    17     0     0    -7.0   46.013 -119.257    663.0    936.0
     1     1    17     8     3    16     0     0    -8.0   45.934 -119.134    650.4    937.2
     1     1    17     8     3    15     0     0    -9.0   45.886 -118.990    654.6    937.2
     1     1    17     8     3    14     0     0   -10.0   45.838 -118.872    640.8    937.4
     1     1    17     8     3    13     0     0   -11.0   45.775 -118.851    616.3    941.7
     1     1    17     8     3    12     0     0   -12.0   45.730 -118.940    610.0    941.4
     1     1    17     8     3    11     0     0   -13.0   45.774 -119.013    588.6    944.7
     1     1    17     8     3    10     0     0   -14.0   45.873 -119.048    578.9    944.8
     1     1    17     8     3     9     0     0   -15.0   45.912 -119.127    564.6    946.6
     1     1    17     8     3     8     0     0   -16.0   45.891 -119.172    564.8    946.7
     1     1    17     8     3     7     0     0   -17.0   45.858 -119.168    567.4    945.9
     1     1    17     8     3     6     0     0   -18.0   45.823 -119.174    565.7    946.7
     1     1    17     8     3     5     0     0   -19.0   45.790 -119.201    575.1    946.6
     1     1    17     8     3     4     0     0   -20.0   45.775 -119.247    582.9    944.0
     1     1    17     8     3     3     0     0   -21.0   45.779 -119.308    585.0    944.7
     1     1    17     8     3     2     0     0   -22.0   45.787 -119.379    586.2    943.9
     1     1    17     8     3     1     0     0   -23.0   45.794 -119.443    585.2    944.7
     1     1    17     8     3     0     0     0   -24.0   45.785 -119.494    586.7    944.3
     1     1    17     8     2    23     0     0   -25.0   45.776 -119.544    590.6    943.7
     1     1    17     8     2    22     0     0   -26.0   45.793 -119.602    597.5    943.5
     1     1    17     8     2    21     0     0   -27.0   45.808 -119.674    599.1    942.5
     1     1    17     8     2    20     0     0   -28.0   45.836 -119.755    596.1    942.6
     1     1    17     8     2    19     0     0   -29.0   45.898 -119.815    586.4    944.9
     1     1    17     8     2    18     0     0   -30.0   45.930 -119.927    599.6    944.5
     1     1    17     8     2    17     0     0   -31.0   45.857 -120.006    598.2    943.4
     1     1    17     8     2    16     0     0   -32.0   45.849 -119.974    594.5    943.0
     1     1    17     8     2    15     0     0   -33.0   45.848 -119.950    561.5    946.6
     1     1    17     8     2    14     0     0   -34.0   45.711 -119.956    550.9    948.9
     1     1    17     8     2    13     0     0   -35.0   45.558 -119.958    581.9    944.9
     1     1    17     8     2    12     0     0   -36.0   45.396 -119.957    579.1    944.6
