     1     1
    SITE    10     3     1     0     0
     1 BACKWARD OMEGA   
    17     8     5    10   46.392 -119.412   700.0
     1 PRESSURE
     1     1    17     8     5    10     0     0     0.0   46.392 -119.412    700.0    931.4
     1     1    17     8     5     9     0     0    -1.0   46.316 -119.413    684.7    933.2
     1     1    17     8     5     8     0     0    -2.0   46.281 -119.429    678.7    933.9
     1     1    17     8     5     7     0     0    -3.0   46.254 -119.440    674.9    934.7
     1     1    17     8     5     6     0     0    -4.0   46.226 -119.409    680.6    934.6
     1     1    17     8     5     5     0     0    -5.0   46.218 -119.403    690.5    932.4
     1     1    17     8     5     4     0     0    -6.0   46.192 -119.409    692.2    931.0
     1     1    17     8     5     3     0     0    -7.0   46.132 -119.381    692.3    933.5
     1     1    17     8     5     2     0     0    -8.0   46.055 -119.353    710.5    930.9
     1     1    17     8     5     1     0     0    -9.0   45.980 -119.330    736.4    926.5
     1     1    17     8     5     0     0     0   -10.0   45.929 -119.273    722.6    928.7
     1     1    17     8     4    23     0     0   -11.0   45.872 -119.229    719.0    931.4
     1     1    17     8     4    22     0     0   -12.0   45.875 -119.254    724.6    928.4
     1     1    17     8     4    21     0     0   -13.0   45.956 -119.294    727.6    928.6
     1     1    17     8     4    20     0     0   -14.0   46.024 -119.327    726.9    928.4
     1     1    17     8     4    19     0     0   -15.0   46.041 -119.386    735.5    927.4
     1     1    17     8     4    18     0     0   -16.0   46.068 -119.399    740.0    926.0
     1     1    17     8     4    17     0     0   -17.0   46.138 -119.313    739.3    927.0
     1     1    17     8     4    16     0     0   -18.0   46.170 -119.294    754.8    925.3
     1     1    17     8     4    15     0     0   -19.0   46.200 -119.357    758.5    923.1
     1     1    17     8     4    14     0     0   -20.0   46.211 -119.439    744.2    925.8
     1     1    17     8     4    13     0     0   -21.0   46.159 -119.524    738.8    927.1
     1     1    17     8     4    12     0     0   -22.0   46.137 -119.603    741.6    926.9
     1     1    17     8     4    11     0     0   -23.0   46.133 -119.703    743.4    925.4
     1     1    17     8     4    10     0     0   -24.0   46.099 -119.860    748.2    926.3
     1     1    17     8     4     9     0     0   -25.0   46.107 -120.020    758.8    924.6
     1     1    17     8     4     8     0     0   -26.0   46.133 -120.104    764.6    923.9
     1     1    17     8     4     7     0     0   -27.0   46.134 -120.151    772.3    923.6
     1     1    17     8     4     6     0     0   -28.0   46.141 -120.189    775.9    921.9
     1     1    17     8     4     5     0     0   -29.0   46.123 -120.242    774.8    923.2
     1     1    17     8     4     4     0     0   -30.0   46.062 -120.238    777.3    923.2
     1     1    17     8     4     3     0     0   -31.0   46.017 -120.168    759.4    924.7
     1     1    17     8     4     2     0     0   -32.0   45.984 -120.153    747.1    927.1
     1     1    17     8     4     1     0     0   -33.0   45.932 -120.150    737.5    925.9
     1     1    17     8     4     0     0     0   -34.0   45.879 -120.120    729.6    929.0
     1     1    17     8     3    23     0     0   -35.0   45.850 -120.088    726.6    927.8
     1     1    17     8     3    22     0     0   -36.0   45.841 -120.028    720.7    929.3
     1     1    17     8     3    21     0     0   -37.0   45.801 -119.985    713.2    930.2
     1     1    17     8     3    20     0     0   -38.0   45.725 -119.992    720.9    928.8
     1     1    17     8     3    19     0     0   -39.0   45.657 -120.021    722.0    929.0
     1     1    17     8     3    18     0     0   -40.0   45.589 -120.032    731.7    928.2
     1     1    17     8     3    17     0     0   -41.0   45.500 -119.975    734.5    927.0
     1     1    17     8     3    16     0     0   -42.0   45.423 -119.855    738.0    926.5
