     1     1
    SITE    10     3     1     0     0
     1 BACKWARD OMEGA   
    17     8    15    11   46.392 -119.412   700.0
     1 PRESSURE
     1     1    17     8    15    11     0     0     0.0   46.392 -119.412    700.0    931.4
     1     1    17     8    15    10     0     0    -1.0   46.360 -119.444    698.1    931.7
     1     1    17     8    15     9     0     0    -2.0   46.334 -119.485    709.7    930.2
     1     1    17     8    15     8     0     0    -3.0   46.301 -119.497    714.2    929.5
     1     1    17     8    15     7     0     0    -4.0   46.272 -119.520    710.7    929.0
     1     1    17     8    15     6     0     0    -5.0   46.264 -119.530    705.6    931.4
     1     1    17     8    15     5     0     0    -6.0   46.259 -119.539    708.7    931.0
     1     1    17     8    15     4     0     0    -7.0   46.229 -119.543    707.8    929.9
     1     1    17     8    15     3     0     0    -8.0   46.221 -119.573    705.1    931.2
     1     1    17     8    15     2     0     0    -9.0   46.214 -119.572    701.3    930.5
     1     1    17     8    15     1     0     0   -10.0   46.211 -119.572    701.5    931.5
     1     1    17     8    15     0     0     0   -11.0   46.221 -119.626    697.4    930.9
     1     1    17     8    14    23     0     0   -12.0   46.226 -119.685    686.9    933.2
     1     1    17     8    14    22     0     0   -13.0   46.213 -119.746    676.7    933.8
     1     1    17     8    14    21     0     0   -14.0   46.171 -119.793    659.9    936.0
     1     1    17     8    14    20     0     0   -15.0   46.114 -119.796    637.5    938.1
     1     1    17     8    14    19     0     0   -16.0   46.050 -119.758    612.8    942.4
     1     1    17     8    14    18     0     0   -17.0   45.993 -119.661    623.2    943.5
     1     1    17     8    14    17     0     0   -18.0   45.936 -119.548    614.9    940.7
     1     1    17     8    14    16     0     0   -19.0   45.867 -119.470    607.7    942.4
     1     1    17     8    14    15     0     0   -20.0   45.781 -119.420    616.0    941.5
     1     1    17     8    14    14     0     0   -21.0   45.686 -119.361    640.2    939.1
     1     1    17     8    14    13     0     0   -22.0   45.590 -119.321    633.7    937.9
     1     1    17     8    14    12     0     0   -23.0   45.485 -119.280    617.2    941.9
     1     1    17     8    14    11     0     0   -24.0   45.381 -119.219    624.5    940.5
