     1     1
    SITE    10     3     1     0     0
     1 BACKWARD OMEGA   
    17     8    24     8   46.392 -119.412   700.0
     1 PRESSURE
     1     1    17     8    24     8     0     0     0.0   46.392 -119.412    700.0    931.4
     1     1    17     8    24     7     0     0    -1.0   46.347 -119.508    696.3    931.8
     1     1    17     8    24     6     0     0    -2.0   46.314 -119.559    685.9    933.6
     1     1    17     8    24     5     0     0    -3.0   46.260 -119.546    687.3    932.5
     1     1    17     8    24     4     0     0    -4.0   46.254 -119.541    691.7    933.6
     1     1    17     8    24     3     0     0    -5.0   46.239 -119.566    681.0    931.4
     1     1    17     8    24     2     0     0    -6.0   46.175 -119.564    685.7    933.4
     1     1    17     8    24     1     0     0    -7.0   46.115 -119.528    701.6    930.6
     1     1    17     8    24     0     0     0    -8.0   46.069 -119.522    704.6    930.6
     1     1    17     8    23    23     0     0    -9.0   46.046 -119.552    703.7    931.7
     1     1    17     8    23    22     0     0   -10.0   46.019 -119.570    704.4    930.3
     1     1    17     8    23    21     0     0   -11.0   46.030 -119.616    702.1    931.3
     1     1    17     8    23    20     0     0   -12.0   46.028 -119.657    700.1    930.8
     1     1    17     8    23    19     0     0   -13.0   45.961 -119.619    688.5    933.5
     1     1    17     8    23    18     0     0   -14.0   45.888 -119.535    671.0    935.9
     1     1    17     8    23    17     0     0   -15.0   45.804 -119.466    672.2    934.1
     1     1    17     8    23    16     0     0   -16.0   45.705 -119.417    647.4    937.8
     1     1    17     8    23    15     0     0   -17.0   45.588 -119.366    637.6    939.7
     1     1    17     8    23    14     0     0   -18.0   45.463 -119.268    641.1    938.4
     1     1    17     8    23    13     0     0   -19.0   45.336 -119.159    649.5    936.8
