     1     1
    SITE    10     3     1     0     0
     1 BACKWARD OMEGA   
    17     8    13     9   46.392 -119.412   700.0
     1 PRESSURE
     1     1    17     8    13     9     0     0     0.0   46.392 -119.412    700.0    931.4
     1     1    17     8    13     8     0     0    -1.0   46.195 -119.560    708.1    930.3
     1     1    17     8    13     7     0     0    -2.0   46.023 -119.627    698.1    931.4
     1     1    17     8    13     6     0     0    -3.0   45.898 -119.634    666.4    936.3
     1     1    17     8    13     5     0     0    -4.0   45.851 -119.694    675.6    934.2
     1     1    17     8    13     4     0     0    -5.0   45.879 -119.803    666.5    935.1
     1     1    17     8    13     3     0     0    -6.0   45.919 -119.887    656.7    936.7
     1     1    17     8    13     2     0     0    -7.0   45.914 -119.932    648.5    937.2
     1     1    17     8    13     1     0     0    -8.0   45.866 -119.941    637.8    938.5
     1     1    17     8    13     0     0     0    -9.0   45.791 -119.919    618.2    941.0
     1     1    17     8    12    23     0     0   -10.0   45.721 -119.881    602.2    942.5
     1     1    17     8    12    22     0     0   -11.0   45.673 -119.924    595.4    943.4
     1     1    17     8    12    21     0     0   -12.0   45.682 -120.067    605.9    943.2
     1     1    17     8    12    20     0     0   -13.0   45.689 -120.248    616.4    940.8
     1     1    17     8    12    19     0     0   -14.0   45.628 -120.302    580.2    945.1
     1     1    17     8    12    18     0     0   -15.0   45.544 -120.205    561.4    947.1
     1     1    17     8    12    17     0     0   -16.0   45.429 -120.124    526.6    951.2
