     1     1
    SITE    10     3     1     0     0
     1 BACKWARD OMEGA   
    17     8    21    22   46.392 -119.412   700.0
     1 PRESSURE
     1     1    17     8    21    22     0     0     0.0   46.392 -119.412    700.0    931.4
     1     1    17     8    21    21     0     0    -1.0   46.405 -119.428    713.5    929.9
     1     1    17     8    21    20     0     0    -2.0   46.474 -119.483    743.9    926.9
     1     1    17     8    21    19     0     0    -3.0   46.553 -119.569    750.6    925.6
     1     1    17     8    21    18     0     0    -4.0   46.635 -119.636    756.0    925.0
     1     1    17     8    21    17     0     0    -5.0   46.669 -119.716    775.8    922.8
     1     1    17     8    21    16     0     0    -6.0   46.641 -119.744    790.3    920.9
     1     1    17     8    21    15     0     0    -7.0   46.616 -119.669    786.7    920.5
     1     1    17     8    21    14     0     0    -8.0   46.644 -119.592    788.9    923.2
     1     1    17     8    21    13     0     0    -9.0   46.709 -119.521    800.2    917.7
     1     1    17     8    21    12     0     0   -10.0   46.737 -119.419    800.2    921.3
     1     1    17     8    21    11     0     0   -11.0   46.784 -119.374    799.2    920.0
     1     1    17     8    21    10     0     0   -12.0   46.866 -119.371    800.2    919.8
     1     1    17     8    21     9     0     0   -13.0   46.887 -119.315    795.0    920.6
     1     1    17     8    21     8     0     0   -14.0   46.861 -119.260    792.5    922.0
     1     1    17     8    21     7     0     0   -15.0   46.830 -119.221    796.2    920.3
     1     1    17     8    21     6     0     0   -16.0   46.812 -119.180    798.5    920.3
     1     1    17     8    21     5     0     0   -17.0   46.800 -119.160    802.9    919.7
     1     1    17     8    21     4     0     0   -18.0   46.787 -119.144    803.1    919.5
     1     1    17     8    21     3     0     0   -19.0   46.774 -119.142    803.0    920.1
     1     1    17     8    21     2     0     0   -20.0   46.751 -119.175    804.2    919.4
     1     1    17     8    21     1     0     0   -21.0   46.723 -119.186    803.8    919.9
     1     1    17     8    21     0     0     0   -22.0   46.695 -119.213    806.0    919.3
     1     1    17     8    20    23     0     0   -23.0   46.717 -119.265    808.0    919.2
     1     1    17     8    20    22     0     0   -24.0   46.785 -119.299    836.4    914.8
     1     1    17     8    20    21     0     0   -25.0   46.806 -119.330    830.2    917.2
     1     1    17     8    20    20     0     0   -26.0   46.774 -119.362    820.2    916.9
     1     1    17     8    20    19     0     0   -27.0   46.725 -119.378    814.6    920.0
     1     1    17     8    20    18     0     0   -28.0   46.683 -119.324    801.4    917.6
     1     1    17     8    20    17     0     0   -29.0   46.649 -119.206    771.5    924.6
     1     1    17     8    20    16     0     0   -30.0   46.586 -119.122    781.3    921.5
     1     1    17     8    20    15     0     0   -31.0   46.499 -119.095    774.3    922.8
     1     1    17     8    20    14     0     0   -32.0   46.416 -119.078    769.0    923.9
     1     1    17     8    20    13     0     0   -33.0   46.354 -119.010    776.7    921.7
     1     1    17     8    20    12     0     0   -34.0   46.275 -118.970    791.5    922.2
     1     1    17     8    20    11     0     0   -35.0   46.174 -118.964    785.9    921.4
     1     1    17     8    20    10     0     0   -36.0   46.106 -118.968    776.3    922.6
     1     1    17     8    20     9     0     0   -37.0   46.051 -119.003    777.2    922.8
     1     1    17     8    20     8     0     0   -38.0   45.989 -119.033    765.4    922.0
     1     1    17     8    20     7     0     0   -39.0   45.924 -119.027    741.9    926.5
     1     1    17     8    20     6     0     0   -40.0   45.842 -118.970    749.6    926.4
     1     1    17     8    20     5     0     0   -41.0   45.750 -118.943    770.8    922.5
     1     1    17     8    20     4     0     0   -42.0   45.669 -118.946    770.7    923.8
     1     1    17     8    20     3     0     0   -43.0   45.598 -118.944    773.5    923.0
     1     1    17     8    20     2     0     0   -44.0   45.556 -118.908    781.8    922.4
     1     1    17     8    20     1     0     0   -45.0   45.531 -118.866    785.9    920.2
     1     1    17     8    20     0     0     0   -46.0   45.490 -118.821    795.9    922.7
     1     1    17     8    19    23     0     0   -47.0   45.458 -118.823    809.7    916.5
     1     1    17     8    19    22     0     0   -48.0   45.461 -118.904    813.3    919.1
     1     1    17     8    19    21     0     0   -49.0   45.447 -118.935    809.5    918.8
     1     1    17     8    19    20     0     0   -50.0   45.407 -118.970    801.7    919.4
     1     1    17     8    19    19     0     0   -51.0   45.362 -119.009    775.4    923.4
