     1     1
    SITE    10     3     1     0     0
     1 BACKWARD OMEGA   
    17     8     3    21   46.392 -119.412   700.0
     1 PRESSURE
     1     1    17     8     3    21     0     0     0.0   46.392 -119.412    700.0    931.4
     1     1    17     8     3    20     0     0    -1.0   46.316 -119.420    697.5    931.7
     1     1    17     8     3    19     0     0    -2.0   46.246 -119.450    693.0    932.5
     1     1    17     8     3    18     0     0    -3.0   46.179 -119.464    712.2    930.3
     1     1    17     8     3    17     0     0    -4.0   46.088 -119.408    711.8    929.2
     1     1    17     8     3    16     0     0    -5.0   46.008 -119.290    684.0    933.4
     1     1    17     8     3    15     0     0    -6.0   45.963 -119.147    658.3    936.0
     1     1    17     8     3    14     0     0    -7.0   45.918 -119.025    651.7    937.2
     1     1    17     8     3    13     0     0    -8.0   45.858 -119.002    660.3    936.5
     1     1    17     8     3    12     0     0    -9.0   45.815 -119.092    667.2    932.6
     1     1    17     8     3    11     0     0   -10.0   45.858 -119.167    674.9    933.9
     1     1    17     8     3    10     0     0   -11.0   45.957 -119.202    675.9    934.9
     1     1    17     8     3     9     0     0   -12.0   45.994 -119.281    693.8    932.3
     1     1    17     8     3     8     0     0   -13.0   45.974 -119.325    704.3    930.8
     1     1    17     8     3     7     0     0   -14.0   45.940 -119.322    702.5    930.6
     1     1    17     8     3     6     0     0   -15.0   45.906 -119.329    701.5    931.8
     1     1    17     8     3     5     0     0   -16.0   45.872 -119.356    703.6    930.8
     1     1    17     8     3     4     0     0   -17.0   45.858 -119.402    697.7    931.5
     1     1    17     8     3     3     0     0   -18.0   45.864 -119.463    689.9    932.6
     1     1    17     8     3     2     0     0   -19.0   45.871 -119.535    690.3    933.8
     1     1    17     8     3     1     0     0   -20.0   45.878 -119.598    698.1    931.5
     1     1    17     8     3     0     0     0   -21.0   45.868 -119.650    700.0    930.9
     1     1    17     8     2    23     0     0   -22.0   45.857 -119.702    703.2    932.0
     1     1    17     8     2    22     0     0   -23.0   45.873 -119.759    701.1    930.2
     1     1    17     8     2    21     0     0   -24.0   45.890 -119.831    698.3    932.8
     1     1    17     8     2    20     0     0   -25.0   45.919 -119.908    698.7    931.5
     1     1    17     8     2    19     0     0   -26.0   45.983 -119.967    695.0    929.1
     1     1    17     8     2    18     0     0   -27.0   46.017 -120.082    677.3    934.7
     1     1    17     8     2    17     0     0   -28.0   45.946 -120.164    682.0    933.1
     1     1    17     8     2    16     0     0   -29.0   45.939 -120.133    652.1    937.7
     1     1    17     8     2    15     0     0   -30.0   45.939 -120.111    636.4    938.6
     1     1    17     8     2    14     0     0   -31.0   45.805 -120.109    624.3    941.0
     1     1    17     8     2    13     0     0   -32.0   45.657 -120.109    622.1    940.4
     1     1    17     8     2    12     0     0   -33.0   45.493 -120.110    611.4    941.9
