     1     1
    SITE    10     3     1     0     0
     1 BACKWARD OMEGA   
    17     8     6     6   46.392 -119.412   700.0
     1 PRESSURE
     1     1    17     8     6     6     0     0     0.0   46.392 -119.412    700.0    931.4
     1     1    17     8     6     5     0     0    -1.0   46.354 -119.399    699.6    931.5
     1     1    17     8     6     4     0     0    -2.0   46.321 -119.377    695.4    932.2
     1     1    17     8     6     3     0     0    -3.0   46.294 -119.389    694.1    932.2
     1     1    17     8     6     2     0     0    -4.0   46.264 -119.388    695.8    932.0
     1     1    17     8     6     1     0     0    -5.0   46.224 -119.388    689.9    931.8
     1     1    17     8     6     0     0     0    -6.0   46.193 -119.424    689.4    933.3
     1     1    17     8     5    23     0     0    -7.0   46.205 -119.464    693.1    932.0
     1     1    17     8     5    22     0     0    -8.0   46.212 -119.500    693.6    931.5
     1     1    17     8     5    21     0     0    -9.0   46.182 -119.531    694.8    932.3
     1     1    17     8     5    20     0     0   -10.0   46.137 -119.568    687.0    931.7
     1     1    17     8     5    19     0     0   -11.0   46.081 -119.607    671.4    936.2
     1     1    17     8     5    18     0     0   -12.0   46.021 -119.626    673.0    935.3
     1     1    17     8     5    17     0     0   -13.0   45.941 -119.612    666.6    934.0
     1     1    17     8     5    16     0     0   -14.0   45.859 -119.543    652.6    936.9
     1     1    17     8     5    15     0     0   -15.0   45.822 -119.437    649.4    938.2
     1     1    17     8     5    14     0     0   -16.0   45.835 -119.424    675.6    934.5
     1     1    17     8     5    13     0     0   -17.0   45.840 -119.414    692.8    929.0
     1     1    17     8     5    12     0     0   -18.0   45.821 -119.296    686.7    933.0
     1     1    17     8     5    11     0     0   -19.0   45.758 -119.232    691.8    932.4
     1     1    17     8     5    10     0     0   -20.0   45.656 -119.237    679.4    934.2
     1     1    17     8     5     9     0     0   -21.0   45.581 -119.241    676.2    933.8
     1     1    17     8     5     8     0     0   -22.0   45.546 -119.258    665.7    935.4
     1     1    17     8     5     7     0     0   -23.0   45.520 -119.269    654.5    936.9
     1     1    17     8     5     6     0     0   -24.0   45.492 -119.238    649.2    938.8
     1     1    17     8     5     5     0     0   -25.0   45.484 -119.232    645.0    936.8
     1     1    17     8     5     4     0     0   -26.0   45.456 -119.240    645.1    939.0
     1     1    17     8     5     3     0     0   -27.0   45.394 -119.210    653.6    937.5
