     1     1
    SITE    10     3     1     0     0
     1 BACKWARD OMEGA   
    17     8     4    22   46.392 -119.412   700.0
     1 PRESSURE
     1     1    17     8     4    22     0     0     0.0   46.392 -119.412    700.0    931.4
     1     1    17     8     4    21     0     0    -1.0   46.474 -119.456    725.2    928.5
     1     1    17     8     4    20     0     0    -2.0   46.543 -119.489    738.9    926.7
     1     1    17     8     4    19     0     0    -3.0   46.558 -119.548    732.7    927.2
     1     1    17     8     4    18     0     0    -4.0   46.583 -119.561    745.2    929.0
     1     1    17     8     4    17     0     0    -5.0   46.656 -119.478    770.5    923.3
     1     1    17     8     4    16     0     0    -6.0   46.688 -119.461    775.6    922.7
     1     1    17     8     4    15     0     0    -7.0   46.718 -119.525    790.0    923.4
     1     1    17     8     4    14     0     0    -8.0   46.732 -119.609    828.6    915.5
     1     1    17     8     4    13     0     0    -9.0   46.682 -119.696    831.8    916.5
     1     1    17     8     4    12     0     0   -10.0   46.662 -119.775    821.2    917.7
     1     1    17     8     4    11     0     0   -11.0   46.658 -119.874    809.8    920.1
     1     1    17     8     4    10     0     0   -12.0   46.624 -120.029    818.5    917.5
     1     1    17     8     4     9     0     0   -13.0   46.632 -120.192    803.7    919.4
     1     1    17     8     4     8     0     0   -14.0   46.660 -120.277    794.3    920.9
     1     1    17     8     4     7     0     0   -15.0   46.661 -120.324    793.6    920.9
     1     1    17     8     4     6     0     0   -16.0   46.668 -120.363    792.7    920.7
     1     1    17     8     4     5     0     0   -17.0   46.651 -120.417    785.2    921.3
     1     1    17     8     4     4     0     0   -18.0   46.591 -120.412    768.8    924.5
     1     1    17     8     4     3     0     0   -19.0   46.545 -120.341    758.1    925.2
     1     1    17     8     4     2     0     0   -20.0   46.512 -120.327    762.0    924.7
     1     1    17     8     4     1     0     0   -21.0   46.461 -120.327    761.4    923.6
     1     1    17     8     4     0     0     0   -22.0   46.408 -120.299    749.3    925.6
     1     1    17     8     3    23     0     0   -23.0   46.378 -120.267    749.1    927.2
     1     1    17     8     3    22     0     0   -24.0   46.368 -120.206    752.3    924.3
     1     1    17     8     3    21     0     0   -25.0   46.328 -120.161    754.3    926.6
     1     1    17     8     3    20     0     0   -26.0   46.252 -120.168    744.8    926.2
     1     1    17     8     3    19     0     0   -27.0   46.182 -120.197    736.6    926.9
     1     1    17     8     3    18     0     0   -28.0   46.115 -120.206    739.2    927.5
     1     1    17     8     3    17     0     0   -29.0   46.027 -120.149    744.2    926.6
     1     1    17     8     3    16     0     0   -30.0   45.950 -120.029    737.1    926.9
     1     1    17     8     3    15     0     0   -31.0   45.907 -119.886    723.2    928.9
     1     1    17     8     3    14     0     0   -32.0   45.861 -119.769    729.4    928.2
     1     1    17     8     3    13     0     0   -33.0   45.799 -119.748    737.9    927.0
     1     1    17     8     3    12     0     0   -34.0   45.755 -119.838    735.8    926.7
     1     1    17     8     3    11     0     0   -35.0   45.797 -119.911    719.1    929.2
     1     1    17     8     3    10     0     0   -36.0   45.894 -119.948    724.7    928.0
     1     1    17     8     3     9     0     0   -37.0   45.930 -120.027    719.8    929.6
     1     1    17     8     3     8     0     0   -38.0   45.909 -120.069    721.2    928.9
     1     1    17     8     3     7     0     0   -39.0   45.875 -120.066    725.0    928.5
     1     1    17     8     3     6     0     0   -40.0   45.842 -120.072    727.3    928.1
     1     1    17     8     3     5     0     0   -41.0   45.809 -120.098    733.4    928.0
     1     1    17     8     3     4     0     0   -42.0   45.795 -120.143    741.5    926.7
     1     1    17     8     3     3     0     0   -43.0   45.800 -120.203    744.6    925.5
     1     1    17     8     3     2     0     0   -44.0   45.807 -120.274    743.3    926.9
     1     1    17     8     3     1     0     0   -45.0   45.815 -120.337    734.0    926.2
     1     1    17     8     3     0     0     0   -46.0   45.805 -120.389    720.0    929.7
     1     1    17     8     2    23     0     0   -47.0   45.794 -120.440    718.2    930.1
     1     1    17     8     2    22     0     0   -48.0   45.811 -120.497    713.3    928.7
     1     1    17     8     2    21     0     0   -49.0   45.827 -120.568    719.9    932.0
     1     1    17     8     2    20     0     0   -50.0   45.856 -120.648    723.7    926.1
     1     1    17     8     2    19     0     0   -51.0   45.920 -120.709    725.9    929.7
     1     1    17     8     2    18     0     0   -52.0   45.951 -120.824    717.5    929.0
