     1     1
    SITE    10     3     1     0     0
     1 BACKWARD OMEGA   
    17     8    13    20   46.392 -119.412   700.0
     1 PRESSURE
     1     1    17     8    13    20     0     0     0.0   46.392 -119.412    700.0    931.4
     1     1    17     8    13    19     0     0    -1.0   46.548 -119.576    690.6    932.7
     1     1    17     8    13    18     0     0    -2.0   46.671 -119.747    714.3    929.4
     1     1    17     8    13    17     0     0    -3.0   46.773 -119.952    704.2    930.4
     1     1    17     8    13    16     0     0    -4.0   46.751 -120.162    669.8    935.5
     1     1    17     8    13    15     0     0    -5.0   46.597 -120.298    671.6    933.7
     1     1    17     8    13    14     0     0    -6.0   46.424 -120.344    656.7    936.7
     1     1    17     8    13    13     0     0    -7.0   46.255 -120.372    663.3    936.8
     1     1    17     8    13    12     0     0    -8.0   46.066 -120.421    670.7    934.9
     1     1    17     8    13    11     0     0    -9.0   45.853 -120.515    677.2    934.3
     1     1    17     8    13    10     0     0   -10.0   45.628 -120.652    711.5    930.4
     1     1    17     8    13     9     0     0   -11.0   45.411 -120.806    658.2    936.3
