     1     1
    SITE    10     3     1     0     0
     1 BACKWARD OMEGA   
    17     8    22    18   46.392 -119.412   700.0
     1 PRESSURE
     1     1    17     8    22    18     0     0     0.0   46.392 -119.412    700.0    931.4
     1     1    17     8    22    17     0     0    -1.0   46.309 -119.379    711.6    930.1
     1     1    17     8    22    16     0     0    -2.0   46.209 -119.348    700.1    930.9
     1     1    17     8    22    15     0     0    -3.0   46.094 -119.307    701.6    930.6
     1     1    17     8    22    14     0     0    -4.0   45.994 -119.242    702.7    931.2
     1     1    17     8    22    13     0     0    -5.0   45.930 -119.175    695.8    932.3
     1     1    17     8    22    12     0     0    -6.0   45.898 -119.111    690.7    932.4
     1     1    17     8    22    11     0     0    -7.0   45.867 -119.058    676.3    933.7
     1     1    17     8    22    10     0     0    -8.0   45.811 -119.017    662.4    936.4
     1     1    17     8    22     9     0     0    -9.0   45.740 -118.978    668.9    935.1
     1     1    17     8    22     8     0     0   -10.0   45.670 -118.949    675.5    934.6
     1     1    17     8    22     7     0     0   -11.0   45.612 -118.923    682.5    933.5
     1     1    17     8    22     6     0     0   -12.0   45.583 -118.913    681.9    932.5
     1     1    17     8    22     5     0     0   -13.0   45.587 -118.925    678.2    934.6
     1     1    17     8    22     4     0     0   -14.0   45.604 -118.952    676.7    934.2
     1     1    17     8    22     3     0     0   -15.0   45.632 -118.973    671.2    934.3
     1     1    17     8    22     2     0     0   -16.0   45.642 -118.990    665.3    935.3
     1     1    17     8    22     1     0     0   -17.0   45.631 -119.028    659.5    936.2
     1     1    17     8    22     0     0     0   -18.0   45.620 -119.037    659.3    937.2
     1     1    17     8    21    23     0     0   -19.0   45.597 -119.015    664.5    935.0
     1     1    17     8    21    22     0     0   -20.0   45.572 -119.006    663.3    935.5
     1     1    17     8    21    21     0     0   -21.0   45.586 -119.019    666.7    936.1
     1     1    17     8    21    20     0     0   -22.0   45.656 -119.071    665.8    934.5
     1     1    17     8    21    19     0     0   -23.0   45.734 -119.158    671.9    935.1
     1     1    17     8    21    18     0     0   -24.0   45.814 -119.229    669.1    934.9
     1     1    17     8    21    17     0     0   -25.0   45.847 -119.313    656.4    936.3
     1     1    17     8    21    16     0     0   -26.0   45.817 -119.340    652.4    937.5
     1     1    17     8    21    15     0     0   -27.0   45.794 -119.267    650.5    935.3
     1     1    17     8    21    14     0     0   -28.0   45.823 -119.190    639.6    940.3
     1     1    17     8    21    13     0     0   -29.0   45.887 -119.121    652.9    937.4
     1     1    17     8    21    12     0     0   -30.0   45.914 -119.020    647.4    935.1
     1     1    17     8    21    11     0     0   -31.0   45.959 -118.970    642.9    938.8
     1     1    17     8    21    10     0     0   -32.0   46.039 -118.967    653.7    936.7
     1     1    17     8    21     9     0     0   -33.0   46.058 -118.911    657.5    936.5
     1     1    17     8    21     8     0     0   -34.0   46.031 -118.857    657.2    936.0
     1     1    17     8    21     7     0     0   -35.0   46.000 -118.819    658.6    937.7
     1     1    17     8    21     6     0     0   -36.0   45.983 -118.778    664.5    934.8
     1     1    17     8    21     5     0     0   -37.0   45.972 -118.758    665.4    935.8
     1     1    17     8    21     4     0     0   -38.0   45.960 -118.744    664.0    935.3
     1     1    17     8    21     3     0     0   -39.0   45.946 -118.742    657.3    936.2
     1     1    17     8    21     2     0     0   -40.0   45.924 -118.774    639.8    937.9
     1     1    17     8    21     1     0     0   -41.0   45.895 -118.784    627.4    941.0
     1     1    17     8    21     0     0     0   -42.0   45.869 -118.813    624.3    940.1
     1     1    17     8    20    23     0     0   -43.0   45.890 -118.862    617.9    941.0
     1     1    17     8    20    22     0     0   -44.0   45.957 -118.892    626.6    939.9
     1     1    17     8    20    21     0     0   -45.0   45.979 -118.923    625.3    940.2
     1     1    17     8    20    20     0     0   -46.0   45.945 -118.953    628.9    939.8
     1     1    17     8    20    19     0     0   -47.0   45.897 -118.968    626.7    939.8
     1     1    17     8    20    18     0     0   -48.0   45.857 -118.913    610.3    940.7
     1     1    17     8    20    17     0     0   -49.0   45.824 -118.797    615.2    940.8
     1     1    17     8    20    16     0     0   -50.0   45.761 -118.715    611.2    941.9
     1     1    17     8    20    15     0     0   -51.0   45.673 -118.688    622.1    941.2
     1     1    17     8    20    14     0     0   -52.0   45.589 -118.670    641.8    938.8
     1     1    17     8    20    13     0     0   -53.0   45.527 -118.600    630.8    939.0
     1     1    17     8    20    12     0     0   -54.0   45.449 -118.555    604.6    942.3
