     1     1
    SITE    10     3     1     0     0
     1 BACKWARD OMEGA   
    17     8    23     9   46.392 -119.412   700.0
     1 PRESSURE
     1     1    17     8    23     9     0     0     0.0   46.392 -119.412    700.0    931.4
     1     1    17     8    23     8     0     0    -1.0   46.247 -119.451    677.2    934.1
     1     1    17     8    23     7     0     0    -2.0   46.131 -119.438    660.1    936.7
     1     1    17     8    23     6     0     0    -3.0   46.075 -119.396    671.8    934.7
     1     1    17     8    23     5     0     0    -4.0   46.046 -119.360    684.9    933.2
     1     1    17     8    23     4     0     0    -5.0   46.024 -119.368    693.9    931.4
     1     1    17     8    23     3     0     0    -6.0   46.024 -119.429    694.2    931.3
     1     1    17     8    23     2     0     0    -7.0   46.009 -119.510    686.6    933.0
     1     1    17     8    23     1     0     0    -8.0   45.926 -119.543    675.2    933.8
     1     1    17     8    23     0     0     0    -9.0   45.800 -119.556    656.8    936.1
     1     1    17     8    22    23     0     0   -10.0   45.714 -119.604    635.7    939.2
     1     1    17     8    22    22     0     0   -11.0   45.646 -119.635    619.7    940.9
     1     1    17     8    22    21     0     0   -12.0   45.556 -119.630    619.9    941.4
     1     1    17     8    22    20     0     0   -13.0   45.457 -119.604    628.4    939.6
     1     1    17     8    22    19     0     0   -14.0   45.370 -119.597    620.6    940.8
