     1     1
    SITE    10     3     1     0     0
     1 BACKWARD OMEGA   
    17     8     7    18   46.392 -119.412   700.0
     1 PRESSURE
     1     1    17     8     7    18     0     0     0.0   46.392 -119.412    700.0    931.4
     1     1    17     8     7    17     0     0    -1.0   46.325 -119.390    717.3    929.4
     1     1    17     8     7    16     0     0    -2.0   46.243 -119.364    716.3    929.9
     1     1    17     8     7    15     0     0    -3.0   46.148 -119.320    710.2    929.1
     1     1    17     8     7    14     0     0    -4.0   46.036 -119.266    700.8    933.2
     1     1    17     8     7    13     0     0    -5.0   45.909 -119.232    722.4    928.7
     1     1    17     8     7    12     0     0    -6.0   45.789 -119.206    718.3    929.8
     1     1    17     8     7    11     0     0    -7.0   45.690 -119.170    722.8    929.6
     1     1    17     8     7    10     0     0    -8.0   45.650 -119.109    738.8    926.1
     1     1    17     8     7     9     0     0    -9.0   45.639 -119.041    719.6    927.8
     1     1    17     8     7     8     0     0   -10.0   45.615 -118.986    702.1    932.0
     1     1    17     8     7     7     0     0   -11.0   45.590 -118.951    703.3    932.2
     1     1    17     8     7     6     0     0   -12.0   45.560 -118.950    709.9    929.7
     1     1    17     8     7     5     0     0   -13.0   45.530 -118.964    706.0    930.1
     1     1    17     8     7     4     0     0   -14.0   45.528 -118.979    700.1    931.8
     1     1    17     8     7     3     0     0   -15.0   45.555 -118.999    701.4    931.6
     1     1    17     8     7     2     0     0   -16.0   45.560 -119.031    703.9    930.8
     1     1    17     8     7     1     0     0   -17.0   45.539 -119.043    705.1    931.1
     1     1    17     8     7     0     0     0   -18.0   45.497 -119.055    709.6    930.6
     1     1    17     8     6    23     0     0   -19.0   45.459 -119.079    707.9    929.9
     1     1    17     8     6    22     0     0   -20.0   45.434 -119.095    703.6    930.7
     1     1    17     8     6    21     0     0   -21.0   45.432 -119.118    710.0    931.5
     1     1    17     8     6    20     0     0   -22.0   45.438 -119.141    715.1    928.5
     1     1    17     8     6    19     0     0   -23.0   45.448 -119.177    705.9    930.0
     1     1    17     8     6    18     0     0   -24.0   45.495 -119.215    696.0    931.5
     1     1    17     8     6    17     0     0   -25.0   45.512 -119.262    694.0    932.9
     1     1    17     8     6    16     0     0   -26.0   45.493 -119.250    682.3    931.9
     1     1    17     8     6    15     0     0   -27.0   45.514 -119.168    669.8    935.5
     1     1    17     8     6    14     0     0   -28.0   45.575 -119.107    667.6    936.7
     1     1    17     8     6    13     0     0   -29.0   45.632 -119.058    674.5    933.2
     1     1    17     8     6    12     0     0   -30.0   45.652 -118.986    665.9    935.1
     1     1    17     8     6    11     0     0   -31.0   45.676 -118.918    664.3    935.4
     1     1    17     8     6    10     0     0   -32.0   45.726 -118.877    655.0    936.4
     1     1    17     8     6     9     0     0   -33.0   45.728 -118.844    645.3    938.5
     1     1    17     8     6     8     0     0   -34.0   45.687 -118.834    648.7    938.3
     1     1    17     8     6     7     0     0   -35.0   45.651 -118.842    651.2    936.4
     1     1    17     8     6     6     0     0   -36.0   45.619 -118.853    645.2    937.8
     1     1    17     8     6     5     0     0   -37.0   45.582 -118.839    648.7    938.8
     1     1    17     8     6     4     0     0   -38.0   45.548 -118.817    654.2    936.2
     1     1    17     8     6     3     0     0   -39.0   45.520 -118.827    651.3    936.6
     1     1    17     8     6     2     0     0   -40.0   45.489 -118.826    651.1    938.2
     1     1    17     8     6     1     0     0   -41.0   45.450 -118.825    656.5    936.4
     1     1    17     8     6     0     0     0   -42.0   45.420 -118.859    654.0    936.4
     1     1    17     8     5    23     0     0   -43.0   45.433 -118.897    650.8    937.5
     1     1    17     8     5    22     0     0   -44.0   45.439 -118.933    653.0    937.5
     1     1    17     8     5    21     0     0   -45.0   45.409 -118.963    655.3    936.0
     1     1    17     8     5    20     0     0   -46.0   45.363 -118.999    643.1    937.2
