     1     1
    SITE    10     3     1     0     0
     1 BACKWARD OMEGA   
    17     8     7    12   46.392 -119.412   700.0
     1 PRESSURE
     1     1    17     8     7    12     0     0     0.0   46.392 -119.412    700.0    931.4
     1     1    17     8     7    11     0     0    -1.0   46.295 -119.379    711.0    930.1
     1     1    17     8     7    10     0     0    -2.0   46.257 -119.320    714.1    929.7
     1     1    17     8     7     9     0     0    -3.0   46.246 -119.251    715.8    929.0
     1     1    17     8     7     8     0     0    -4.0   46.222 -119.196    715.6    929.2
     1     1    17     8     7     7     0     0    -5.0   46.194 -119.162    716.6    929.9
     1     1    17     8     7     6     0     0    -6.0   46.164 -119.161    716.9    929.2
     1     1    17     8     7     5     0     0    -7.0   46.135 -119.174    717.5    929.8
     1     1    17     8     7     4     0     0    -8.0   46.133 -119.190    721.4    929.0
     1     1    17     8     7     3     0     0    -9.0   46.161 -119.212    723.7    928.2
     1     1    17     8     7     2     0     0   -10.0   46.166 -119.245    724.6    928.9
     1     1    17     8     7     1     0     0   -11.0   46.145 -119.257    731.1    928.0
     1     1    17     8     7     0     0     0   -12.0   46.105 -119.269    732.5    927.0
     1     1    17     8     6    23     0     0   -13.0   46.068 -119.293    725.3    929.0
     1     1    17     8     6    22     0     0   -14.0   46.043 -119.309    720.4    928.9
     1     1    17     8     6    21     0     0   -15.0   46.040 -119.333    715.2    929.8
     1     1    17     8     6    20     0     0   -16.0   46.045 -119.356    711.9    930.2
     1     1    17     8     6    19     0     0   -17.0   46.057 -119.394    705.5    930.2
     1     1    17     8     6    18     0     0   -18.0   46.105 -119.434    707.4    931.2
     1     1    17     8     6    17     0     0   -19.0   46.121 -119.482    709.6    929.8
     1     1    17     8     6    16     0     0   -20.0   46.101 -119.470    700.7    930.5
     1     1    17     8     6    15     0     0   -21.0   46.124 -119.391    718.1    930.5
     1     1    17     8     6    14     0     0   -22.0   46.187 -119.334    731.4    925.6
     1     1    17     8     6    13     0     0   -23.0   46.244 -119.287    712.4    928.3
     1     1    17     8     6    12     0     0   -24.0   46.262 -119.217    694.7    933.6
     1     1    17     8     6    11     0     0   -25.0   46.284 -119.153    695.9    931.2
     1     1    17     8     6    10     0     0   -26.0   46.333 -119.115    690.0    934.4
     1     1    17     8     6     9     0     0   -27.0   46.334 -119.082    692.8    931.2
     1     1    17     8     6     8     0     0   -28.0   46.293 -119.073    686.8    932.7
     1     1    17     8     6     7     0     0   -29.0   46.259 -119.079    678.4    934.2
     1     1    17     8     6     6     0     0   -30.0   46.228 -119.091    676.0    934.8
     1     1    17     8     6     5     0     0   -31.0   46.191 -119.076    667.7    934.0
     1     1    17     8     6     4     0     0   -32.0   46.157 -119.053    654.0    937.8
     1     1    17     8     6     3     0     0   -33.0   46.129 -119.064    651.3    937.5
     1     1    17     8     6     2     0     0   -34.0   46.097 -119.064    646.5    937.1
     1     1    17     8     6     1     0     0   -35.0   46.057 -119.063    647.5    939.1
     1     1    17     8     6     0     0     0   -36.0   46.026 -119.097    656.3    936.0
     1     1    17     8     5    23     0     0   -37.0   46.039 -119.139    663.1    935.9
     1     1    17     8     5    22     0     0   -38.0   46.046 -119.176    669.3    935.0
     1     1    17     8     5    21     0     0   -39.0   46.015 -119.207    682.2    934.3
     1     1    17     8     5    20     0     0   -40.0   45.969 -119.242    688.2    931.1
     1     1    17     8     5    19     0     0   -41.0   45.914 -119.282    678.0    934.5
     1     1    17     8     5    18     0     0   -42.0   45.854 -119.301    668.4    934.5
     1     1    17     8     5    17     0     0   -43.0   45.770 -119.286    653.7    936.0
     1     1    17     8     5    16     0     0   -44.0   45.687 -119.219    631.1    939.8
     1     1    17     8     5    15     0     0   -45.0   45.649 -119.115    621.6    940.9
     1     1    17     8     5    14     0     0   -46.0   45.662 -119.102    626.4    940.3
     1     1    17     8     5    13     0     0   -47.0   45.668 -119.089    631.4    939.4
     1     1    17     8     5    12     0     0   -48.0   45.652 -118.972    644.0    937.5
     1     1    17     8     5    11     0     0   -49.0   45.590 -118.910    637.9    939.4
     1     1    17     8     5    10     0     0   -50.0   45.488 -118.915    638.3    938.0
     1     1    17     8     5     9     0     0   -51.0   45.412 -118.917    632.7    939.7
