     1     1
    SITE    10     3     1     0     0
     1 BACKWARD OMEGA   
    17     8    21    17   46.392 -119.412   700.0
     1 PRESSURE
     1     1    17     8    21    17     0     0     0.0   46.392 -119.412    700.0    931.4
     1     1    17     8    21    16     0     0    -1.0   46.364 -119.440    663.5    935.8
     1     1    17     8    21    15     0     0    -2.0   46.340 -119.365    645.6    938.4
     1     1    17     8    21    14     0     0    -3.0   46.366 -119.288    652.5    938.4
     1     1    17     8    21    13     0     0    -4.0   46.429 -119.220    651.5    936.9
     1     1    17     8    21    12     0     0    -5.0   46.458 -119.118    639.8    937.7
     1     1    17     8    21    11     0     0    -6.0   46.506 -119.067    635.6    938.8
     1     1    17     8    21    10     0     0    -7.0   46.589 -119.066    635.7    938.9
     1     1    17     8    21     9     0     0    -8.0   46.610 -119.008    642.7    938.7
     1     1    17     8    21     8     0     0    -9.0   46.582 -118.953    652.4    935.6
     1     1    17     8    21     7     0     0   -10.0   46.550 -118.914    661.1    937.3
     1     1    17     8    21     6     0     0   -11.0   46.530 -118.873    675.3    933.6
     1     1    17     8    21     5     0     0   -12.0   46.518 -118.853    678.1    933.4
     1     1    17     8    21     4     0     0   -13.0   46.506 -118.837    674.7    934.3
     1     1    17     8    21     3     0     0   -14.0   46.493 -118.835    668.6    934.8
     1     1    17     8    21     2     0     0   -15.0   46.470 -118.868    665.4    936.1
     1     1    17     8    21     1     0     0   -16.0   46.441 -118.879    667.4    935.3
     1     1    17     8    21     0     0     0   -17.0   46.413 -118.906    675.5    934.9
     1     1    17     8    20    23     0     0   -18.0   46.438 -118.956    692.1    932.2
     1     1    17     8    20    22     0     0   -19.0   46.506 -118.987    672.5    934.4
     1     1    17     8    20    21     0     0   -20.0   46.529 -119.018    657.0    938.5
     1     1    17     8    20    20     0     0   -21.0   46.497 -119.049    657.3    936.7
     1     1    17     8    20    19     0     0   -22.0   46.449 -119.065    656.5    935.9
     1     1    17     8    20    18     0     0   -23.0   46.409 -119.009    653.5    937.6
     1     1    17     8    20    17     0     0   -24.0   46.374 -118.889    661.3    935.2
     1     1    17     8    20    16     0     0   -25.0   46.312 -118.807    657.8    937.1
     1     1    17     8    20    15     0     0   -26.0   46.226 -118.781    667.4    935.0
     1     1    17     8    20    14     0     0   -27.0   46.141 -118.762    680.5    934.4
     1     1    17     8    20    13     0     0   -28.0   46.077 -118.693    704.4    930.5
     1     1    17     8    20    12     0     0   -29.0   45.999 -118.652    721.7    928.5
     1     1    17     8    20    11     0     0   -30.0   45.897 -118.646    699.0    932.0
     1     1    17     8    20    10     0     0   -31.0   45.829 -118.653    683.7    933.4
     1     1    17     8    20     9     0     0   -32.0   45.773 -118.688    682.6    933.8
     1     1    17     8    20     8     0     0   -33.0   45.710 -118.718    696.8    931.4
     1     1    17     8    20     7     0     0   -34.0   45.646 -118.713    679.8    930.7
     1     1    17     8    20     6     0     0   -35.0   45.561 -118.658    658.5    936.8
     1     1    17     8    20     5     0     0   -36.0   45.465 -118.631    665.7    935.2
     1     1    17     8    20     4     0     0   -37.0   45.383 -118.635    668.0    935.0
