     1     1
    SITE    10     3     1     0     0
     1 BACKWARD OMEGA   
    17     8     8    19   46.392 -119.412   700.0
     1 PRESSURE
     1     1    17     8     8    19     0     0     0.0   46.392 -119.412    700.0    931.4
     1     1    17     8     8    18     0     0    -1.0   46.361 -119.396    701.0    931.3
     1     1    17     8     8    17     0     0    -2.0   46.355 -119.316    695.4    931.8
     1     1    17     8     8    16     0     0    -3.0   46.350 -119.226    699.0    932.6
     1     1    17     8     8    15     0     0    -4.0   46.336 -119.112    698.2    930.4
     1     1    17     8     8    14     0     0    -5.0   46.309 -118.994    705.5    930.7
     1     1    17     8     8    13     0     0    -6.0   46.247 -118.898    700.8    930.7
     1     1    17     8     8    12     0     0    -7.0   46.168 -118.831    682.8    933.8
     1     1    17     8     8    11     0     0    -8.0   46.102 -118.784    686.8    933.5
     1     1    17     8     8    10     0     0    -9.0   46.053 -118.770    700.3    930.9
     1     1    17     8     8     9     0     0   -10.0   46.018 -118.799    700.5    931.5
     1     1    17     8     8     8     0     0   -11.0   45.988 -118.799    693.4    931.5
     1     1    17     8     8     7     0     0   -12.0   45.947 -118.751    706.2    933.6
     1     1    17     8     8     6     0     0   -13.0   45.909 -118.726    719.0    926.5
     1     1    17     8     8     5     0     0   -14.0   45.897 -118.750    714.9    930.2
     1     1    17     8     8     4     0     0   -15.0   45.888 -118.744    711.8    929.9
     1     1    17     8     8     3     0     0   -16.0   45.852 -118.704    721.3    929.6
     1     1    17     8     8     2     0     0   -17.0   45.814 -118.684    732.0    926.9
     1     1    17     8     8     1     0     0   -18.0   45.797 -118.656    730.8    927.6
     1     1    17     8     8     0     0     0   -19.0   45.767 -118.649    738.4    928.2
     1     1    17     8     7    23     0     0   -20.0   45.719 -118.674    750.4    923.4
     1     1    17     8     7    22     0     0   -21.0   45.734 -118.691    740.4    926.4
     1     1    17     8     7    21     0     0   -22.0   45.753 -118.733    757.1    925.0
     1     1    17     8     7    20     0     0   -23.0   45.711 -118.780    763.3    922.3
     1     1    17     8     7    19     0     0   -24.0   45.659 -118.809    766.2    924.9
     1     1    17     8     7    18     0     0   -25.0   45.604 -118.811    767.4    922.5
     1     1    17     8     7    17     0     0   -26.0   45.538 -118.790    748.0    925.0
     1     1    17     8     7    16     0     0   -27.0   45.456 -118.765    747.1    926.4
     1     1    17     8     7    15     0     0   -28.0   45.362 -118.719    741.5    926.0
