     1     1
    SITE    10     3     1     0     0
     1 BACKWARD OMEGA   
    17     8    14    10   46.392 -119.412   700.0
     1 PRESSURE
     1     1    17     8    14    10     0     0     0.0   46.392 -119.412    700.0    931.4
     1     1    17     8    14     9     0     0    -1.0   46.287 -119.377    712.2    930.0
     1     1    17     8    14     8     0     0    -2.0   46.184 -119.399    709.0    930.4
     1     1    17     8    14     7     0     0    -3.0   46.098 -119.424    729.1    927.9
     1     1    17     8    14     6     0     0    -4.0   46.051 -119.428    735.3    927.1
     1     1    17     8    14     5     0     0    -5.0   46.038 -119.441    736.7    928.0
     1     1    17     8    14     4     0     0    -6.0   46.006 -119.465    746.6    926.5
     1     1    17     8    14     3     0     0    -7.0   45.942 -119.472    753.5    925.6
     1     1    17     8    14     2     0     0    -8.0   45.873 -119.461    748.4    923.9
     1     1    17     8    14     1     0     0    -9.0   45.806 -119.449    740.9    926.9
     1     1    17     8    14     0     0     0   -10.0   45.742 -119.442    718.6    928.8
     1     1    17     8    13    23     0     0   -11.0   45.669 -119.431    703.7    931.5
     1     1    17     8    13    22     0     0   -12.0   45.598 -119.430    700.1    931.5
     1     1    17     8    13    21     0     0   -13.0   45.627 -119.526    727.7    928.3
     1     1    17     8    13    20     0     0   -14.0   45.786 -119.711    700.0    931.9
     1     1    17     8    13    19     0     0   -15.0   45.941 -119.869    690.5    933.0
     1     1    17     8    13    18     0     0   -16.0   46.055 -120.034    699.0    931.3
     1     1    17     8    13    17     0     0   -17.0   46.155 -120.238    699.4    931.7
     1     1    17     8    13    16     0     0   -18.0   46.133 -120.440    689.6    933.5
     1     1    17     8    13    15     0     0   -19.0   45.986 -120.566    713.1    928.3
     1     1    17     8    13    14     0     0   -20.0   45.813 -120.611    686.8    932.6
     1     1    17     8    13    13     0     0   -21.0   45.643 -120.640    684.6    934.2
     1     1    17     8    13    12     0     0   -22.0   45.456 -120.692    709.1    930.1
