     1     1
    SITE    10     3     1     0     0
     1 BACKWARD OMEGA   
    17     8     9    13   46.392 -119.412   700.0
     1 PRESSURE
     1     1    17     8     9    13     0     0     0.0   46.392 -119.412    700.0    931.4
     1     1    17     8     9    12     0     0    -1.0   46.320 -119.366    707.6    930.5
     1     1    17     8     9    11     0     0    -2.0   46.264 -119.319    706.2    930.3
     1     1    17     8     9    10     0     0    -3.0   46.216 -119.295    696.4    932.1
     1     1    17     8     9     9     0     0    -4.0   46.168 -119.271    688.0    932.2
     1     1    17     8     9     8     0     0    -5.0   46.112 -119.254    695.5    935.0
     1     1    17     8     9     7     0     0    -6.0   46.048 -119.230    718.6    928.2
     1     1    17     8     9     6     0     0    -7.0   46.004 -119.205    726.5    927.7
     1     1    17     8     9     5     0     0    -8.0   45.985 -119.219    725.8    927.8
     1     1    17     8     9     4     0     0    -9.0   45.963 -119.247    721.3    929.6
     1     1    17     8     9     3     0     0   -10.0   45.935 -119.276    724.4    928.3
     1     1    17     8     9     2     0     0   -11.0   45.925 -119.323    725.9    928.4
     1     1    17     8     9     1     0     0   -12.0   45.905 -119.349    723.8    928.3
     1     1    17     8     9     0     0     0   -13.0   45.881 -119.392    716.8    930.3
     1     1    17     8     8    23     0     0   -14.0   45.869 -119.448    722.5    929.2
     1     1    17     8     8    22     0     0   -15.0   45.843 -119.500    724.7    927.9
     1     1    17     8     8    21     0     0   -16.0   45.820 -119.542    719.7    929.0
     1     1    17     8     8    20     0     0   -17.0   45.803 -119.571    713.3    930.1
     1     1    17     8     8    19     0     0   -18.0   45.776 -119.611    704.9    930.3
     1     1    17     8     8    18     0     0   -19.0   45.746 -119.596    692.2    932.5
     1     1    17     8     8    17     0     0   -20.0   45.742 -119.516    694.3    933.0
     1     1    17     8     8    16     0     0   -21.0   45.738 -119.426    706.3    930.6
     1     1    17     8     8    15     0     0   -22.0   45.725 -119.315    706.0    928.8
     1     1    17     8     8    14     0     0   -23.0   45.697 -119.198    683.9    933.7
     1     1    17     8     8    13     0     0   -24.0   45.634 -119.101    673.1    934.8
     1     1    17     8     8    12     0     0   -25.0   45.557 -119.033    655.1    936.6
     1     1    17     8     8    11     0     0   -26.0   45.490 -118.987    640.6    938.6
     1     1    17     8     8    10     0     0   -27.0   45.440 -118.973    634.9    939.3
     1     1    17     8     8     9     0     0   -28.0   45.403 -119.001    638.0    939.2
     1     1    17     8     8     8     0     0   -29.0   45.373 -119.001    639.1    938.0
