     1     1
    SITE    10     3     1     0     0
     1 BACKWARD OMEGA   
    17     8    10    15   46.392 -119.412   700.0
     1 PRESSURE
     1     1    17     8    10    15     0     0     0.0   46.392 -119.412    700.0    931.4
     1     1    17     8    10    14     0     0    -1.0   46.405 -119.310    704.5    930.9
     1     1    17     8    10    13     0     0    -2.0   46.402 -119.206    718.0    929.0
     1     1    17     8    10    12     0     0    -3.0   46.372 -119.127    707.9    930.4
     1     1    17     8    10    11     0     0    -4.0   46.328 -119.095    697.8    932.5
     1     1    17     8    10    10     0     0    -5.0   46.277 -119.079    700.9    932.0
     1     1    17     8    10     9     0     0    -6.0   46.227 -119.051    713.3    930.3
     1     1    17     8    10     8     0     0    -7.0   46.166 -119.011    726.2    927.9
     1     1    17     8    10     7     0     0    -8.0   46.101 -118.989    732.3    927.9
     1     1    17     8    10     6     0     0    -9.0   46.059 -118.966    726.1    926.3
     1     1    17     8    10     5     0     0   -10.0   46.036 -118.965    716.1    930.9
     1     1    17     8    10     4     0     0   -11.0   46.012 -118.984    716.8    930.0
     1     1    17     8    10     3     0     0   -12.0   45.969 -118.976    714.3    928.8
     1     1    17     8    10     2     0     0   -13.0   45.940 -119.000    705.8    931.2
     1     1    17     8    10     1     0     0   -14.0   45.935 -119.053    707.4    930.6
     1     1    17     8    10     0     0     0   -15.0   45.902 -119.080    711.2    930.3
     1     1    17     8     9    23     0     0   -16.0   45.870 -119.134    718.1    929.9
     1     1    17     8     9    22     0     0   -17.0   45.828 -119.168    717.2    928.4
     1     1    17     8     9    21     0     0   -18.0   45.785 -119.178    720.4    928.8
     1     1    17     8     9    20     0     0   -19.0   45.774 -119.231    716.9    929.7
     1     1    17     8     9    19     0     0   -20.0   45.737 -119.264    728.4    930.2
     1     1    17     8     9    18     0     0   -21.0   45.725 -119.215    717.2    926.1
     1     1    17     8     9    17     0     0   -22.0   45.775 -119.102    718.6    928.6
     1     1    17     8     9    16     0     0   -23.0   45.821 -118.975    725.8    929.5
     1     1    17     8     9    15     0     0   -24.0   45.831 -118.858    739.8    926.2
     1     1    17     8     9    14     0     0   -25.0   45.785 -118.794    728.5    928.2
     1     1    17     8     9    13     0     0   -26.0   45.707 -118.783    729.0    928.7
     1     1    17     8     9    12     0     0   -27.0   45.636 -118.740    747.6    924.9
     1     1    17     8     9    11     0     0   -28.0   45.579 -118.694    737.7    927.1
     1     1    17     8     9    10     0     0   -29.0   45.531 -118.670    732.7    928.0
     1     1    17     8     9     9     0     0   -30.0   45.483 -118.646    733.0    927.3
     1     1    17     8     9     8     0     0   -31.0   45.427 -118.632    727.1    927.8
     1     1    17     8     9     7     0     0   -32.0   45.363 -118.611    719.4    928.8
