     1     1
    SITE    10     3     1     0     0
     1 BACKWARD OMEGA   
    17     8     1     8   46.392 -119.412   700.0
     1 PRESSURE
     1     1    17     8     1     8     0     0     0.0   46.392 -119.412    700.0    931.4
     1     1    17     8     1     7     0     0    -1.0   46.345 -119.379    694.9    932.0
     1     1    17     8     1     6     0     0    -2.0   46.292 -119.356    686.9    931.9
     1     1    17     8     1     5     0     0    -3.0   46.236 -119.341    684.6    934.6
     1     1    17     8     1     4     0     0    -4.0   46.194 -119.335    686.4    932.3
     1     1    17     8     1     3     0     0    -5.0   46.156 -119.338    684.1    933.6
     1     1    17     8     1     2     0     0    -6.0   46.127 -119.323    676.4    933.2
     1     1    17     8     1     1     0     0    -7.0   46.095 -119.300    669.3    935.7
     1     1    17     8     1     0     0     0    -8.0   46.050 -119.300    668.6    934.9
     1     1    17     7    31    23     0     0    -9.0   46.046 -119.325    667.5    935.5
     1     1    17     7    31    22     0     0   -10.0   46.060 -119.393    655.4    936.5
     1     1    17     7    31    21     0     0   -11.0   46.057 -119.455    642.9    940.5
     1     1    17     7    31    20     0     0   -12.0   46.072 -119.488    646.6    938.0
     1     1    17     7    31    19     0     0   -13.0   46.058 -119.503    652.9    937.1
     1     1    17     7    31    18     0     0   -14.0   45.998 -119.461    675.7    936.6
     1     1    17     7    31    17     0     0   -15.0   45.918 -119.382    689.7    932.6
     1     1    17     7    31    16     0     0   -16.0   45.835 -119.334    680.3    934.0
     1     1    17     7    31    15     0     0   -17.0   45.744 -119.297    665.9    934.6
     1     1    17     7    31    14     0     0   -18.0   45.637 -119.242    657.7    936.4
     1     1    17     7    31    13     0     0   -19.0   45.523 -119.209    652.0    937.0
     1     1    17     7    31    12     0     0   -20.0   45.424 -119.197    653.2    937.2
