     1     1
    SITE    10     3     1     0     0
     1 BACKWARD OMEGA   
    17     8    28    18   46.392 -119.412   700.0
     1 PRESSURE
     1     1    17     8    28    18     0     0     0.0   46.392 -119.412    700.0    931.4
     1     1    17     8    28    17     0     0    -1.0   46.461 -119.486    701.8    931.2
     1     1    17     8    28    16     0     0    -2.0   46.487 -119.584    695.0    931.5
     1     1    17     8    28    15     0     0    -3.0   46.522 -119.668    682.2    933.7
     1     1    17     8    28    14     0     0    -4.0   46.554 -119.632    666.8    935.7
     1     1    17     8    28    13     0     0    -5.0   46.584 -119.534    660.1    936.6
     1     1    17     8    28    12     0     0    -6.0   46.680 -119.492    663.0    935.6
     1     1    17     8    28    11     0     0    -7.0   46.792 -119.488    674.5    933.9
     1     1    17     8    28    10     0     0    -8.0   46.923 -119.518    666.5    934.4
     1     1    17     8    28     9     0     0    -9.0   47.069 -119.588    669.9    935.1
     1     1    17     8    28     8     0     0   -10.0   47.082 -119.632    679.0    933.5
     1     1    17     8    28     7     0     0   -11.0   47.016 -119.672    656.8    937.8
     1     1    17     8    28     6     0     0   -12.0   47.032 -119.740    639.5    938.0
     1     1    17     8    28     5     0     0   -13.0   47.087 -119.728    640.5    942.5
     1     1    17     8    28     4     0     0   -14.0   47.105 -119.658    641.0    939.1
     1     1    17     8    28     3     0     0   -15.0   47.066 -119.630    643.2    937.3
     1     1    17     8    28     2     0     0   -16.0   47.024 -119.609    641.0    938.6
     1     1    17     8    28     1     0     0   -17.0   46.974 -119.571    635.7    938.5
     1     1    17     8    28     0     0     0   -18.0   46.925 -119.528    631.2    940.1
     1     1    17     8    27    23     0     0   -19.0   46.889 -119.503    633.6    939.2
     1     1    17     8    27    22     0     0   -20.0   46.860 -119.520    635.1    939.3
     1     1    17     8    27    21     0     0   -21.0   46.849 -119.551    638.1    938.9
     1     1    17     8    27    20     0     0   -22.0   46.852 -119.599    636.1    938.4
     1     1    17     8    27    19     0     0   -23.0   46.851 -119.648    636.5    940.0
     1     1    17     8    27    18     0     0   -24.0   46.833 -119.682    645.2    938.1
     1     1    17     8    27    17     0     0   -25.0   46.793 -119.705    644.1    936.7
     1     1    17     8    27    16     0     0   -26.0   46.734 -119.721    622.3    940.1
     1     1    17     8    27    15     0     0   -27.0   46.728 -119.722    604.7    943.5
     1     1    17     8    27    14     0     0   -28.0   46.767 -119.670    601.9    942.1
     1     1    17     8    27    13     0     0   -29.0   46.786 -119.589    590.3    944.7
     1     1    17     8    27    12     0     0   -30.0   46.771 -119.508    587.4    944.2
     1     1    17     8    27    11     0     0   -31.0   46.728 -119.461    579.0    945.8
     1     1    17     8    27    10     0     0   -32.0   46.682 -119.444    579.4    945.3
     1     1    17     8    27     9     0     0   -33.0   46.636 -119.434    583.9    944.8
     1     1    17     8    27     8     0     0   -34.0   46.597 -119.416    589.3    944.0
     1     1    17     8    27     7     0     0   -35.0   46.572 -119.413    599.9    943.1
     1     1    17     8    27     6     0     0   -36.0   46.578 -119.440    608.1    941.3
     1     1    17     8    27     5     0     0   -37.0   46.608 -119.474    607.5    942.2
     1     1    17     8    27     4     0     0   -38.0   46.627 -119.515    601.9    942.2
     1     1    17     8    27     3     0     0   -39.0   46.628 -119.555    593.6    943.8
     1     1    17     8    27     2     0     0   -40.0   46.609 -119.598    586.6    944.2
     1     1    17     8    27     1     0     0   -41.0   46.573 -119.628    586.3    945.5
     1     1    17     8    27     0     0     0   -42.0   46.524 -119.661    586.4    943.2
     1     1    17     8    26    23     0     0   -43.0   46.489 -119.729    575.2    945.4
     1     1    17     8    26    22     0     0   -44.0   46.463 -119.766    574.2    946.4
     1     1    17     8    26    21     0     0   -45.0   46.457 -119.781    578.0    945.4
     1     1    17     8    26    20     0     0   -46.0   46.462 -119.817    582.4    944.8
     1     1    17     8    26    19     0     0   -47.0   46.445 -119.849    584.5    944.3
     1     1    17     8    26    18     0     0   -48.0   46.402 -119.869    586.0    944.5
     1     1    17     8    26    17     0     0   -49.0   46.407 -119.844    593.3    943.5
     1     1    17     8    26    16     0     0   -50.0   46.469 -119.775    607.0    941.5
     1     1    17     8    26    15     0     0   -51.0   46.471 -119.686    593.8    943.3
     1     1    17     8    26    14     0     0   -52.0   46.474 -119.603    588.0    944.3
     1     1    17     8    26    13     0     0   -53.0   46.510 -119.511    596.0    942.9
     1     1    17     8    26    12     0     0   -54.0   46.541 -119.424    597.7    943.2
     1     1    17     8    26    11     0     0   -55.0   46.572 -119.341    596.6    943.1
     1     1    17     8    26    10     0     0   -56.0   46.603 -119.262    592.3    943.9
     1     1    17     8    26     9     0     0   -57.0   46.617 -119.267    587.9    944.0
     1     1    17     8    26     8     0     0   -58.0   46.592 -119.297    587.9    944.4
     1     1    17     8    26     7     0     0   -59.0   46.560 -119.290    593.9    944.2
     1     1    17     8    26     6     0     0   -60.0   46.548 -119.311    599.0    942.4
     1     1    17     8    26     5     0     0   -61.0   46.542 -119.315    599.2    942.8
     1     1    17     8    26     4     0     0   -62.0   46.540 -119.317    603.4    942.9
     1     1    17     8    26     3     0     0   -63.0   46.539 -119.343    605.8    942.1
     1     1    17     8    26     2     0     0   -64.0   46.527 -119.365    606.9    942.2
     1     1    17     8    26     1     0     0   -65.0   46.515 -119.390    606.3    942.1
     1     1    17     8    26     0     0     0   -66.0   46.490 -119.429    602.1    942.4
     1     1    17     8    25    23     0     0   -67.0   46.488 -119.479    602.6    943.3
     1     1    17     8    25    22     0     0   -68.0   46.497 -119.531    606.4    941.9
     1     1    17     8    25    21     0     0   -69.0   46.459 -119.581    621.4    942.0
     1     1    17     8    25    20     0     0   -70.0   46.397 -119.622    641.4    937.4
     1     1    17     8    25    19     0     0   -71.0   46.314 -119.626    618.9    937.0
     1     1    17     8    25    18     0     0   -72.0   46.208 -119.594    605.7    942.9
