     1     1
    SITE    10     3     1     0     0
     1 BACKWARD OMEGA   
    17     8     9     1   46.392 -119.412   700.0
     1 PRESSURE
     1     1    17     8     9     1     0     0     0.0   46.392 -119.412    700.0    931.4
     1     1    17     8     9     0     0     0    -1.0   46.368 -119.455    688.2    932.8
     1     1    17     8     8    23     0     0    -2.0   46.357 -119.513    680.1    934.9
     1     1    17     8     8    22     0     0    -3.0   46.332 -119.565    663.8    933.9
     1     1    17     8     8    21     0     0    -4.0   46.308 -119.608    647.2    939.6
     1     1    17     8     8    20     0     0    -5.0   46.293 -119.637    644.8    937.9
     1     1    17     8     8    19     0     0    -6.0   46.267 -119.678    638.1    938.4
     1     1    17     8     8    18     0     0    -7.0   46.236 -119.664    638.5    939.9
     1     1    17     8     8    17     0     0    -8.0   46.232 -119.583    638.6    939.6
     1     1    17     8     8    16     0     0    -9.0   46.230 -119.492    644.5    938.0
     1     1    17     8     8    15     0     0   -10.0   46.217 -119.382    649.7    937.4
     1     1    17     8     8    14     0     0   -11.0   46.189 -119.266    654.9    936.9
     1     1    17     8     8    13     0     0   -12.0   46.124 -119.169    645.2    937.5
     1     1    17     8     8    12     0     0   -13.0   46.042 -119.103    647.0    938.1
     1     1    17     8     8    11     0     0   -14.0   45.975 -119.057    652.2    937.0
     1     1    17     8     8    10     0     0   -15.0   45.925 -119.044    643.1    937.8
     1     1    17     8     8     9     0     0   -16.0   45.888 -119.074    630.4    940.5
     1     1    17     8     8     8     0     0   -17.0   45.858 -119.074    625.1    940.6
     1     1    17     8     8     7     0     0   -18.0   45.819 -119.027    618.9    940.9
     1     1    17     8     8     6     0     0   -19.0   45.782 -119.004    617.9    941.7
     1     1    17     8     8     5     0     0   -20.0   45.770 -119.028    625.3    940.2
     1     1    17     8     8     4     0     0   -21.0   45.762 -119.023    630.2    939.8
     1     1    17     8     8     3     0     0   -22.0   45.726 -118.984    626.2    939.9
     1     1    17     8     8     2     0     0   -23.0   45.688 -118.966    620.8    941.1
     1     1    17     8     8     1     0     0   -24.0   45.671 -118.937    620.3    941.2
     1     1    17     8     8     0     0     0   -25.0   45.639 -118.929    613.9    940.5
     1     1    17     8     7    23     0     0   -26.0   45.591 -118.954    614.6    942.3
     1     1    17     8     7    22     0     0   -27.0   45.606 -118.971    618.9    940.7
     1     1    17     8     7    21     0     0   -28.0   45.626 -119.012    623.9    940.2
     1     1    17     8     7    20     0     0   -29.0   45.585 -119.058    631.7    940.4
     1     1    17     8     7    19     0     0   -30.0   45.533 -119.085    638.7    937.5
     1     1    17     8     7    18     0     0   -31.0   45.479 -119.086    637.6    939.1
     1     1    17     8     7    17     0     0   -32.0   45.414 -119.066    631.7    939.1
     1     1    17     8     7    16     0     0   -33.0   45.333 -119.038    618.8    941.2
