     1     1
    SITE    10     3     1     0     0
     1 BACKWARD OMEGA   
    17     8    21     6   46.392 -119.412   700.0
     1 PRESSURE
     1     1    17     8    21     6     0     0     0.0   46.392 -119.412    700.0    931.4
     1     1    17     8    21     5     0     0    -1.0   46.380 -119.392    691.0    932.5
     1     1    17     8    21     4     0     0    -2.0   46.367 -119.376    689.2    932.9
     1     1    17     8    21     3     0     0    -3.0   46.353 -119.374    684.7    932.6
     1     1    17     8    21     2     0     0    -4.0   46.330 -119.406    688.2    934.0
     1     1    17     8    21     1     0     0    -5.0   46.302 -119.417    699.1    931.1
     1     1    17     8    21     0     0     0    -6.0   46.274 -119.443    697.9    930.7
     1     1    17     8    20    23     0     0    -7.0   46.297 -119.492    704.7    932.3
     1     1    17     8    20    22     0     0    -8.0   46.365 -119.525    711.6    929.9
     1     1    17     8    20    21     0     0    -9.0   46.386 -119.557    709.1    929.6
     1     1    17     8    20    20     0     0   -10.0   46.353 -119.589    702.9    931.6
     1     1    17     8    20    19     0     0   -11.0   46.305 -119.607    708.0    931.3
     1     1    17     8    20    18     0     0   -12.0   46.264 -119.553    709.7    928.9
     1     1    17     8    20    17     0     0   -13.0   46.229 -119.436    696.7    932.1
     1     1    17     8    20    16     0     0   -14.0   46.169 -119.353    716.1    929.6
     1     1    17     8    20    15     0     0   -15.0   46.081 -119.326    714.2    929.6
     1     1    17     8    20    14     0     0   -16.0   45.998 -119.306    717.5    929.9
     1     1    17     8    20    13     0     0   -17.0   45.936 -119.239    736.5    927.5
     1     1    17     8    20    12     0     0   -18.0   45.856 -119.200    735.5    927.4
     1     1    17     8    20    11     0     0   -19.0   45.751 -119.194    742.2    926.3
     1     1    17     8    20    10     0     0   -20.0   45.683 -119.201    736.5    927.4
     1     1    17     8    20     9     0     0   -21.0   45.629 -119.235    730.4    927.8
     1     1    17     8    20     8     0     0   -22.0   45.568 -119.262    723.7    928.7
     1     1    17     8    20     7     0     0   -23.0   45.504 -119.257    710.4    929.8
     1     1    17     8    20     6     0     0   -24.0   45.421 -119.205    691.9    932.9
