     1     1
    SITE    10     3     1     0     0
     1 BACKWARD OMEGA   
    17     8     4    21   46.392 -119.412   700.0
     1 PRESSURE
     1     1    17     8     4    21     0     0     0.0   46.392 -119.412    700.0    931.4
     1     1    17     8     4    20     0     0    -1.0   46.461 -119.444    723.2    928.7
     1     1    17     8     4    19     0     0    -2.0   46.477 -119.502    729.2    927.8
     1     1    17     8     4    18     0     0    -3.0   46.503 -119.517    715.3    928.0
     1     1    17     8     4    17     0     0    -4.0   46.576 -119.435    719.3    929.1
     1     1    17     8     4    16     0     0    -5.0   46.609 -119.418    722.4    928.5
     1     1    17     8     4    15     0     0    -6.0   46.638 -119.482    720.8    929.7
     1     1    17     8     4    14     0     0    -7.0   46.651 -119.567    720.6    928.8
     1     1    17     8     4    13     0     0    -8.0   46.600 -119.655    712.9    929.9
     1     1    17     8     4    12     0     0    -9.0   46.580 -119.735    719.5    929.7
     1     1    17     8     4    11     0     0   -10.0   46.576 -119.834    714.7    926.9
     1     1    17     8     4    10     0     0   -11.0   46.542 -119.990    706.3    930.6
     1     1    17     8     4     9     0     0   -12.0   46.551 -120.152    697.1    931.2
     1     1    17     8     4     8     0     0   -13.0   46.577 -120.234    686.8    933.3
     1     1    17     8     4     7     0     0   -14.0   46.578 -120.280    686.5    933.2
     1     1    17     8     4     6     0     0   -15.0   46.585 -120.318    686.5    932.8
     1     1    17     8     4     5     0     0   -16.0   46.568 -120.371    687.5    933.3
     1     1    17     8     4     4     0     0   -17.0   46.508 -120.366    695.4    931.8
     1     1    17     8     4     3     0     0   -18.0   46.463 -120.298    697.8    931.7
     1     1    17     8     4     2     0     0   -19.0   46.430 -120.284    704.7    930.8
     1     1    17     8     4     1     0     0   -20.0   46.379 -120.282    726.6    930.1
     1     1    17     8     4     0     0     0   -21.0   46.326 -120.252    748.3    925.8
     1     1    17     8     3    23     0     0   -22.0   46.296 -120.220    758.7    923.9
     1     1    17     8     3    22     0     0   -23.0   46.287 -120.159    766.6    923.8
     1     1    17     8     3    21     0     0   -24.0   46.247 -120.115    767.2    923.1
     1     1    17     8     3    20     0     0   -25.0   46.170 -120.123    754.0    925.8
     1     1    17     8     3    19     0     0   -26.0   46.101 -120.152    748.2    925.3
     1     1    17     8     3    18     0     0   -27.0   46.034 -120.161    741.2    926.8
     1     1    17     8     3    17     0     0   -28.0   45.947 -120.103    731.9    926.6
     1     1    17     8     3    16     0     0   -29.0   45.870 -119.985    698.9    932.2
     1     1    17     8     3    15     0     0   -30.0   45.823 -119.843    681.1    933.7
     1     1    17     8     3    14     0     0   -31.0   45.776 -119.726    665.5    935.2
     1     1    17     8     3    13     0     0   -32.0   45.713 -119.703    645.7    937.9
     1     1    17     8     3    12     0     0   -33.0   45.668 -119.793    633.6    939.6
     1     1    17     8     3    11     0     0   -34.0   45.710 -119.864    635.5    938.8
     1     1    17     8     3    10     0     0   -35.0   45.808 -119.903    623.4    941.6
     1     1    17     8     3     9     0     0   -36.0   45.845 -119.984    618.7    940.3
     1     1    17     8     3     8     0     0   -37.0   45.825 -120.028    605.6    942.5
     1     1    17     8     3     7     0     0   -38.0   45.792 -120.027    601.9    942.8
     1     1    17     8     3     6     0     0   -39.0   45.758 -120.034    592.4    943.1
     1     1    17     8     3     5     0     0   -40.0   45.726 -120.060    580.3    945.3
     1     1    17     8     3     4     0     0   -41.0   45.713 -120.107    573.4    946.0
     1     1    17     8     3     3     0     0   -42.0   45.719 -120.167    572.0    945.7
     1     1    17     8     3     2     0     0   -43.0   45.728 -120.237    575.6    946.2
     1     1    17     8     3     1     0     0   -44.0   45.736 -120.299    581.8    944.4
     1     1    17     8     3     0     0     0   -45.0   45.727 -120.350    580.7    944.4
     1     1    17     8     2    23     0     0   -46.0   45.716 -120.401    581.6    945.5
     1     1    17     8     2    22     0     0   -47.0   45.733 -120.458    583.6    944.2
     1     1    17     8     2    21     0     0   -48.0   45.750 -120.531    580.9    944.8
     1     1    17     8     2    20     0     0   -49.0   45.778 -120.612    569.9    945.8
     1     1    17     8     2    19     0     0   -50.0   45.841 -120.674    565.6    947.5
     1     1    17     8     2    18     0     0   -51.0   45.872 -120.788    557.8    947.0
