     1     1
    SITE    10     3     1     0     0
     1 BACKWARD OMEGA   
    17     8    12     9   46.392 -119.412   700.0
     1 PRESSURE
     1     1    17     8    12     9     0     0     0.0   46.392 -119.412    700.0    931.4
     1     1    17     8    12     8     0     0    -1.0   46.279 -119.359    676.9    934.2
     1     1    17     8    12     7     0     0    -2.0   46.185 -119.420    672.8    933.7
     1     1    17     8    12     6     0     0    -3.0   46.135 -119.516    678.0    935.1
     1     1    17     8    12     5     0     0    -4.0   46.065 -119.516    695.1    930.2
     1     1    17     8    12     4     0     0    -5.0   45.927 -119.473    675.4    934.5
     1     1    17     8    12     3     0     0    -6.0   45.789 -119.509    681.7    933.5
     1     1    17     8    12     2     0     0    -7.0   45.707 -119.544    675.3    934.4
     1     1    17     8    12     1     0     0    -8.0   45.652 -119.593    674.4    934.2
     1     1    17     8    12     0     0     0    -9.0   45.621 -119.666    668.8    934.8
     1     1    17     8    11    23     0     0   -10.0   45.577 -119.709    663.4    937.1
     1     1    17     8    11    22     0     0   -11.0   45.496 -119.693    666.2    935.3
     1     1    17     8    11    21     0     0   -12.0   45.408 -119.680    676.5    934.8
