     1     1
    SITE    10     3     1     0     0
     1 BACKWARD OMEGA   
    17     8     4    14   46.392 -119.412   700.0
     1 PRESSURE
     1     1    17     8     4    14     0     0     0.0   46.392 -119.412    700.0    931.4
     1     1    17     8     4    13     0     0    -1.0   46.341 -119.498    706.7    930.6
     1     1    17     8     4    12     0     0    -2.0   46.321 -119.579    708.4    930.5
     1     1    17     8     4    11     0     0    -3.0   46.318 -119.678    726.8    929.9
     1     1    17     8     4    10     0     0    -4.0   46.284 -119.832    745.7    925.8
     1     1    17     8     4     9     0     0    -5.0   46.292 -119.993    743.7    926.4
     1     1    17     8     4     8     0     0    -6.0   46.321 -120.075    732.6    927.7
     1     1    17     8     4     7     0     0    -7.0   46.322 -120.122    731.4    929.1
     1     1    17     8     4     6     0     0    -8.0   46.328 -120.160    733.9    926.5
     1     1    17     8     4     5     0     0    -9.0   46.310 -120.214    727.0    928.5
     1     1    17     8     4     4     0     0   -10.0   46.248 -120.210    728.2    928.5
     1     1    17     8     4     3     0     0   -11.0   46.202 -120.140    716.9    929.9
     1     1    17     8     4     2     0     0   -12.0   46.169 -120.123    718.8    929.2
     1     1    17     8     4     1     0     0   -13.0   46.117 -120.122    731.5    928.0
     1     1    17     8     4     0     0     0   -14.0   46.064 -120.093    739.2    927.2
     1     1    17     8     3    23     0     0   -15.0   46.034 -120.061    746.4    925.9
     1     1    17     8     3    22     0     0   -16.0   46.024 -120.001    739.0    925.4
     1     1    17     8     3    21     0     0   -17.0   45.983 -119.956    743.8    928.6
     1     1    17     8     3    20     0     0   -18.0   45.908 -119.962    750.5    925.9
     1     1    17     8     3    19     0     0   -19.0   45.840 -119.990    743.8    925.5
     1     1    17     8     3    18     0     0   -20.0   45.773 -120.001    723.6    928.8
     1     1    17     8     3    17     0     0   -21.0   45.684 -119.945    715.3    929.2
     1     1    17     8     3    16     0     0   -22.0   45.603 -119.826    707.2    931.1
     1     1    17     8     3    15     0     0   -23.0   45.557 -119.686    712.4    930.2
     1     1    17     8     3    14     0     0   -24.0   45.511 -119.569    717.6    929.1
     1     1    17     8     3    13     0     0   -25.0   45.450 -119.550    711.4    930.6
     1     1    17     8     3    12     0     0   -26.0   45.406 -119.639    710.8    929.0
     1     1    17     8     3    11     0     0   -27.0   45.449 -119.712    680.8    934.3
     1     1    17     8     3    10     0     0   -28.0   45.545 -119.751    670.1    935.6
     1     1    17     8     3     9     0     0   -29.0   45.583 -119.829    667.6    934.8
     1     1    17     8     3     8     0     0   -30.0   45.563 -119.873    655.8    936.8
     1     1    17     8     3     7     0     0   -31.0   45.529 -119.871    651.7    937.4
     1     1    17     8     3     6     0     0   -32.0   45.496 -119.877    652.7    937.5
     1     1    17     8     3     5     0     0   -33.0   45.463 -119.904    666.8    936.5
     1     1    17     8     3     4     0     0   -34.0   45.448 -119.948    681.1    932.0
     1     1    17     8     3     3     0     0   -35.0   45.452 -120.006    677.6    934.1
     1     1    17     8     3     2     0     0   -36.0   45.459 -120.076    676.5    935.0
     1     1    17     8     3     1     0     0   -37.0   45.467 -120.140    679.6    933.5
     1     1    17     8     3     0     0     0   -38.0   45.458 -120.193    680.6    933.7
     1     1    17     8     2    23     0     0   -39.0   45.448 -120.246    684.6    933.4
     1     1    17     8     2    22     0     0   -40.0   45.465 -120.305    690.9    932.6
     1     1    17     8     2    21     0     0   -41.0   45.481 -120.376    690.1    932.1
     1     1    17     8     2    20     0     0   -42.0   45.511 -120.451    672.8    933.1
     1     1    17     8     2    19     0     0   -43.0   45.574 -120.509    655.9    936.8
     1     1    17     8     2    18     0     0   -44.0   45.604 -120.625    665.2    936.0
     1     1    17     8     2    17     0     0   -45.0   45.532 -120.707    657.6    936.9
     1     1    17     8     2    16     0     0   -46.0   45.525 -120.683    668.8    934.2
     1     1    17     8     2    15     0     0   -47.0   45.523 -120.665    685.0    932.3
     1     1    17     8     2    14     0     0   -48.0   45.386 -120.661    694.6    932.3
