     1     1
    SITE    10     3     1     0     0
     1 BACKWARD OMEGA   
    17     8    10     2   46.392 -119.412   700.0
     1 PRESSURE
     1     1    17     8    10     2     0     0     0.0   46.392 -119.412    700.0    931.4
     1     1    17     8    10     1     0     0    -1.0   46.387 -119.465    697.0    931.8
     1     1    17     8    10     0     0     0    -2.0   46.355 -119.493    701.9    932.4
     1     1    17     8     9    23     0     0    -3.0   46.324 -119.545    707.1    930.6
     1     1    17     8     9    22     0     0    -4.0   46.282 -119.580    706.1    930.4
     1     1    17     8     9    21     0     0    -5.0   46.238 -119.591    710.5    930.2
     1     1    17     8     9    20     0     0    -6.0   46.228 -119.646    709.0    929.4
     1     1    17     8     9    19     0     0    -7.0   46.191 -119.681    699.4    931.2
     1     1    17     8     9    18     0     0    -8.0   46.178 -119.633    695.0    931.7
     1     1    17     8     9    17     0     0    -9.0   46.228 -119.518    680.4    933.5
     1     1    17     8     9    16     0     0   -10.0   46.274 -119.393    684.9    933.6
     1     1    17     8     9    15     0     0   -11.0   46.285 -119.275    687.2    932.3
     1     1    17     8     9    14     0     0   -12.0   46.240 -119.209    682.3    933.7
     1     1    17     8     9    13     0     0   -13.0   46.164 -119.198    690.8    932.2
     1     1    17     8     9    12     0     0   -14.0   46.091 -119.153    687.4    933.2
     1     1    17     8     9    11     0     0   -15.0   46.034 -119.105    679.2    933.1
     1     1    17     8     9    10     0     0   -16.0   45.987 -119.079    672.5    937.3
     1     1    17     8     9     9     0     0   -17.0   45.941 -119.058    682.7    932.5
     1     1    17     8     9     8     0     0   -18.0   45.884 -119.045    675.2    933.3
     1     1    17     8     9     7     0     0   -19.0   45.821 -119.024    671.4    936.2
     1     1    17     8     9     6     0     0   -20.0   45.778 -119.000    686.5    933.8
     1     1    17     8     9     5     0     0   -21.0   45.759 -119.014    690.5    931.1
     1     1    17     8     9     4     0     0   -22.0   45.735 -119.043    676.1    934.9
     1     1    17     8     9     3     0     0   -23.0   45.708 -119.074    674.0    935.3
     1     1    17     8     9     2     0     0   -24.0   45.700 -119.120    673.5    934.2
     1     1    17     8     9     1     0     0   -25.0   45.682 -119.146    658.3    935.1
     1     1    17     8     9     0     0     0   -26.0   45.661 -119.189    647.1    938.7
     1     1    17     8     8    23     0     0   -27.0   45.649 -119.246    651.4    937.7
     1     1    17     8     8    22     0     0   -28.0   45.622 -119.299    660.2    936.3
     1     1    17     8     8    21     0     0   -29.0   45.598 -119.340    667.2    935.1
     1     1    17     8     8    20     0     0   -30.0   45.583 -119.368    666.9    934.7
     1     1    17     8     8    19     0     0   -31.0   45.556 -119.408    649.1    936.1
     1     1    17     8     8    18     0     0   -32.0   45.524 -119.392    632.9    940.6
     1     1    17     8     8    17     0     0   -33.0   45.518 -119.313    622.9    940.6
     1     1    17     8     8    16     0     0   -34.0   45.513 -119.223    612.8    941.9
     1     1    17     8     8    15     0     0   -35.0   45.498 -119.108    622.1    940.6
     1     1    17     8     8    14     0     0   -36.0   45.471 -118.989    631.2    939.8
     1     1    17     8     8    13     0     0   -37.0   45.407 -118.894    623.0    939.8
