     1     1
    SITE    10     3     1     0     0
     1 BACKWARD OMEGA   
    17     8    28     6   46.392 -119.412   700.0
     1 PRESSURE
     1     1    17     8    28     6     0     0     0.0   46.392 -119.412    700.0    931.4
     1     1    17     8    28     5     0     0    -1.0   46.447 -119.399    686.1    933.0
     1     1    17     8    28     4     0     0    -2.0   46.463 -119.327    670.3    935.9
     1     1    17     8    28     3     0     0    -3.0   46.422 -119.301    664.1    934.7
     1     1    17     8    28     2     0     0    -4.0   46.378 -119.279    645.5    936.9
     1     1    17     8    28     1     0     0    -5.0   46.329 -119.236    625.2    941.3
     1     1    17     8    28     0     0     0    -6.0   46.282 -119.191    622.7    940.7
     1     1    17     8    27    23     0     0    -7.0   46.247 -119.168    624.6    940.7
     1     1    17     8    27    22     0     0    -8.0   46.219 -119.185    625.1    940.2
     1     1    17     8    27    21     0     0    -9.0   46.208 -119.216    623.7    940.6
     1     1    17     8    27    20     0     0   -10.0   46.211 -119.264    616.0    940.6
     1     1    17     8    27    19     0     0   -11.0   46.209 -119.313    603.5    943.4
     1     1    17     8    27    18     0     0   -12.0   46.192 -119.348    600.2    943.3
     1     1    17     8    27    17     0     0   -13.0   46.153 -119.372    598.0    942.8
     1     1    17     8    27    16     0     0   -14.0   46.096 -119.390    591.5    944.0
     1     1    17     8    27    15     0     0   -15.0   46.090 -119.391    584.1    944.1
     1     1    17     8    27    14     0     0   -16.0   46.130 -119.337    585.6    944.8
     1     1    17     8    27    13     0     0   -17.0   46.150 -119.258    583.5    944.8
     1     1    17     8    27    12     0     0   -18.0   46.137 -119.179    588.6    944.8
     1     1    17     8    27    11     0     0   -19.0   46.095 -119.130    593.5    943.6
     1     1    17     8    27    10     0     0   -20.0   46.050 -119.113    592.6    943.2
     1     1    17     8    27     9     0     0   -21.0   46.006 -119.103    593.9    944.3
     1     1    17     8    27     8     0     0   -22.0   45.968 -119.085    602.0    942.6
     1     1    17     8    27     7     0     0   -23.0   45.942 -119.082    610.4    941.9
     1     1    17     8    27     6     0     0   -24.0   45.947 -119.109    615.8    940.7
     1     1    17     8    27     5     0     0   -25.0   45.977 -119.142    605.7    941.9
     1     1    17     8    27     4     0     0   -26.0   45.996 -119.184    596.0    943.8
     1     1    17     8    27     3     0     0   -27.0   45.996 -119.223    593.3    943.9
     1     1    17     8    27     2     0     0   -28.0   45.977 -119.265    588.2    943.6
     1     1    17     8    27     1     0     0   -29.0   45.938 -119.297    583.2    945.5
     1     1    17     8    27     0     0     0   -30.0   45.889 -119.332    582.3    944.7
     1     1    17     8    26    23     0     0   -31.0   45.854 -119.400    590.9    944.7
     1     1    17     8    26    22     0     0   -32.0   45.826 -119.437    606.4    941.1
     1     1    17     8    26    21     0     0   -33.0   45.819 -119.450    604.8    942.4
     1     1    17     8    26    20     0     0   -34.0   45.826 -119.485    604.4    942.4
     1     1    17     8    26    19     0     0   -35.0   45.809 -119.515    601.0    942.5
     1     1    17     8    26    18     0     0   -36.0   45.766 -119.536    613.4    943.5
     1     1    17     8    26    17     0     0   -37.0   45.769 -119.512    628.1    936.1
     1     1    17     8    26    16     0     0   -38.0   45.829 -119.440    628.1    940.2
     1     1    17     8    26    15     0     0   -39.0   45.830 -119.353    627.5    939.1
     1     1    17     8    26    14     0     0   -40.0   45.831 -119.267    623.9    941.1
     1     1    17     8    26    13     0     0   -41.0   45.865 -119.174    625.5    940.6
     1     1    17     8    26    12     0     0   -42.0   45.898 -119.088    628.2    940.1
     1     1    17     8    26    11     0     0   -43.0   45.931 -119.008    634.2    939.7
     1     1    17     8    26    10     0     0   -44.0   45.962 -118.932    642.3    938.4
     1     1    17     8    26     9     0     0   -45.0   45.976 -118.940    643.2    937.3
     1     1    17     8    26     8     0     0   -46.0   45.953 -118.970    644.5    939.2
     1     1    17     8    26     7     0     0   -47.0   45.921 -118.961    645.8    937.8
     1     1    17     8    26     6     0     0   -48.0   45.908 -118.980    642.8    937.9
     1     1    17     8    26     5     0     0   -49.0   45.902 -118.983    636.7    939.5
     1     1    17     8    26     4     0     0   -50.0   45.899 -118.985    635.3    939.0
     1     1    17     8    26     3     0     0   -51.0   45.898 -119.012    635.3    939.9
     1     1    17     8    26     2     0     0   -52.0   45.886 -119.035    635.6    938.5
     1     1    17     8    26     1     0     0   -53.0   45.874 -119.060    632.1    939.7
     1     1    17     8    26     0     0     0   -54.0   45.848 -119.096    622.5    939.9
     1     1    17     8    25    23     0     0   -55.0   45.845 -119.143    613.2    942.4
     1     1    17     8    25    22     0     0   -56.0   45.852 -119.194    606.9    942.7
     1     1    17     8    25    21     0     0   -57.0   45.813 -119.242    611.4    942.5
     1     1    17     8    25    20     0     0   -58.0   45.750 -119.281    623.7    940.4
     1     1    17     8    25    19     0     0   -59.0   45.665 -119.288    639.5    939.1
     1     1    17     8    25    18     0     0   -60.0   45.561 -119.262    652.3    936.2
     1     1    17     8    25    17     0     0   -61.0   45.459 -119.237    658.8    936.5
     1     1    17     8    25    16     0     0   -62.0   45.370 -119.200    656.5    937.3
