     1     1
    SITE    10     3     1     0     0
     1 BACKWARD OMEGA   
    17     8    10    18   46.392 -119.412   700.0
     1 PRESSURE
     1     1    17     8    10    18     0     0     0.0   46.392 -119.412    700.0    931.4
     1     1    17     8    10    17     0     0    -1.0   46.353 -119.362    714.0    929.8
     1     1    17     8    10    16     0     0    -2.0   46.347 -119.264    717.2    929.2
     1     1    17     8    10    15     0     0    -3.0   46.350 -119.162    708.0    930.6
     1     1    17     8    10    14     0     0    -4.0   46.365 -119.060    699.0    931.3
     1     1    17     8    10    13     0     0    -5.0   46.363 -118.955    692.9    932.4
     1     1    17     8    10    12     0     0    -6.0   46.334 -118.879    695.0    932.2
     1     1    17     8    10    11     0     0    -7.0   46.289 -118.846    702.4    931.0
     1     1    17     8    10    10     0     0    -8.0   46.238 -118.829    706.5    930.6
     1     1    17     8    10     9     0     0    -9.0   46.188 -118.799    705.2    930.3
     1     1    17     8    10     8     0     0   -10.0   46.127 -118.756    700.8    931.3
     1     1    17     8    10     7     0     0   -11.0   46.062 -118.728    692.7    932.9
     1     1    17     8    10     6     0     0   -12.0   46.020 -118.700    696.0    931.6
     1     1    17     8    10     5     0     0   -13.0   46.000 -118.698    697.5    931.1
     1     1    17     8    10     4     0     0   -14.0   45.975 -118.716    697.9    931.7
     1     1    17     8    10     3     0     0   -15.0   45.932 -118.707    700.1    931.4
     1     1    17     8    10     2     0     0   -16.0   45.904 -118.731    697.6    931.2
     1     1    17     8    10     1     0     0   -17.0   45.899 -118.784    701.0    931.2
     1     1    17     8    10     0     0     0   -18.0   45.866 -118.812    702.6    930.9
     1     1    17     8     9    23     0     0   -19.0   45.835 -118.865    705.6    930.8
     1     1    17     8     9    22     0     0   -20.0   45.792 -118.902    702.2    930.8
     1     1    17     8     9    21     0     0   -21.0   45.746 -118.911    698.9    931.6
     1     1    17     8     9    20     0     0   -22.0   45.735 -118.966    696.0    931.7
     1     1    17     8     9    19     0     0   -23.0   45.697 -119.000    674.1    932.1
     1     1    17     8     9    18     0     0   -24.0   45.686 -118.951    674.7    935.7
     1     1    17     8     9    17     0     0   -25.0   45.734 -118.839    698.0    930.5
     1     1    17     8     9    16     0     0   -26.0   45.780 -118.713    728.6    927.3
     1     1    17     8     9    15     0     0   -27.0   45.791 -118.598    729.7    928.1
     1     1    17     8     9    14     0     0   -28.0   45.745 -118.532    714.1    929.6
     1     1    17     8     9    13     0     0   -29.0   45.665 -118.520    709.2    930.3
     1     1    17     8     9    12     0     0   -30.0   45.593 -118.475    732.2    928.1
     1     1    17     8     9    11     0     0   -31.0   45.538 -118.431    737.2    926.6
     1     1    17     8     9    10     0     0   -32.0   45.489 -118.406    723.6    928.7
     1     1    17     8     9     9     0     0   -33.0   45.441 -118.383    722.9    929.9
     1     1    17     8     9     8     0     0   -34.0   45.384 -118.368    741.7    927.6
