     1     1
    SITE    10     3     1     0     0
     1 BACKWARD OMEGA   
    17     8     1    19   46.392 -119.412   700.0
     1 PRESSURE
     1     1    17     8     1    19     0     0     0.0   46.392 -119.412    700.0    931.4
     1     1    17     8     1    18     0     0    -1.0   46.413 -119.383    712.5    929.9
     1     1    17     8     1    17     0     0    -2.0   46.489 -119.263    738.8    928.8
     1     1    17     8     1    16     0     0    -3.0   46.507 -119.135    752.8    925.7
     1     1    17     8     1    15     0     0    -4.0   46.478 -119.128    767.1    924.0
     1     1    17     8     1    14     0     0    -5.0   46.454 -119.129    778.3    922.2
     1     1    17     8     1    13     0     0    -6.0   46.387 -119.081    764.0    923.9
     1     1    17     8     1    12     0     0    -7.0   46.325 -119.155    764.8    923.7
     1     1    17     8     1    11     0     0    -8.0   46.358 -119.240    780.9    922.4
     1     1    17     8     1    10     0     0    -9.0   46.445 -119.264    780.1    922.4
     1     1    17     8     1     9     0     0   -10.0   46.464 -119.280    783.8    922.0
     1     1    17     8     1     8     0     0   -11.0   46.418 -119.271    785.6    921.2
     1     1    17     8     1     7     0     0   -12.0   46.371 -119.239    780.3    921.6
     1     1    17     8     1     6     0     0   -13.0   46.319 -119.216    769.0    923.5
     1     1    17     8     1     5     0     0   -14.0   46.265 -119.199    758.2    924.9
     1     1    17     8     1     4     0     0   -15.0   46.223 -119.192    751.6    925.7
     1     1    17     8     1     3     0     0   -16.0   46.185 -119.194    747.1    926.1
     1     1    17     8     1     2     0     0   -17.0   46.155 -119.177    740.4    926.4
     1     1    17     8     1     1     0     0   -18.0   46.123 -119.155    735.4    928.0
     1     1    17     8     1     0     0     0   -19.0   46.077 -119.156    726.9    927.5
     1     1    17     7    31    23     0     0   -20.0   46.074 -119.182    736.2    930.0
     1     1    17     7    31    22     0     0   -21.0   46.087 -119.254    737.4    926.9
     1     1    17     7    31    21     0     0   -22.0   46.086 -119.317    734.6    927.5
     1     1    17     7    31    20     0     0   -23.0   46.100 -119.351    729.3    927.5
     1     1    17     7    31    19     0     0   -24.0   46.088 -119.366    721.7    929.1
     1     1    17     7    31    18     0     0   -25.0   46.027 -119.326    740.1    928.7
     1     1    17     7    31    17     0     0   -26.0   45.949 -119.250    733.0    927.4
     1     1    17     7    31    16     0     0   -27.0   45.864 -119.203    713.3    930.3
     1     1    17     7    31    15     0     0   -28.0   45.774 -119.164    707.4    930.2
     1     1    17     7    31    14     0     0   -29.0   45.671 -119.109    709.1    930.5
     1     1    17     7    31    13     0     0   -30.0   45.558 -119.078    731.6    928.1
     1     1    17     7    31    12     0     0   -31.0   45.461 -119.069    732.2    926.8
     1     1    17     7    31    11     0     0   -32.0   45.374 -119.039    704.7    931.0
