     1     1
    SITE    10     3     1     0     0
     1 BACKWARD OMEGA   
    17     8     4    12   46.392 -119.412   700.0
     1 PRESSURE
     1     1    17     8     4    12     0     0     0.0   46.392 -119.412    700.0    931.4
     1     1    17     8     4    11     0     0    -1.0   46.387 -119.510    716.5    929.5
     1     1    17     8     4    10     0     0    -2.0   46.354 -119.664    710.6    930.4
     1     1    17     8     4     9     0     0    -3.0   46.360 -119.825    725.7    929.2
     1     1    17     8     4     8     0     0    -4.0   46.387 -119.910    751.9    925.4
     1     1    17     8     4     7     0     0    -5.0   46.387 -119.959    757.5    924.4
     1     1    17     8     4     6     0     0    -6.0   46.393 -119.999    747.0    925.9
     1     1    17     8     4     5     0     0    -7.0   46.376 -120.054    738.3    927.7
     1     1    17     8     4     4     0     0    -8.0   46.314 -120.051    722.0    927.9
     1     1    17     8     4     3     0     0    -9.0   46.267 -119.982    716.4    929.8
     1     1    17     8     4     2     0     0   -10.0   46.234 -119.967    717.8    928.6
     1     1    17     8     4     1     0     0   -11.0   46.183 -119.964    705.3    930.7
     1     1    17     8     4     0     0     0   -12.0   46.130 -119.934    693.2    932.7
     1     1    17     8     3    23     0     0   -13.0   46.100 -119.903    688.7    932.8
     1     1    17     8     3    22     0     0   -14.0   46.090 -119.843    680.5    933.6
     1     1    17     8     3    21     0     0   -15.0   46.050 -119.799    671.5    935.3
     1     1    17     8     3    20     0     0   -16.0   45.974 -119.808    656.4    936.9
     1     1    17     8     3    19     0     0   -17.0   45.907 -119.839    646.3    937.8
     1     1    17     8     3    18     0     0   -18.0   45.841 -119.847    639.5    938.8
     1     1    17     8     3    17     0     0   -19.0   45.751 -119.791    620.4    940.8
     1     1    17     8     3    16     0     0   -20.0   45.672 -119.674    610.1    942.7
     1     1    17     8     3    15     0     0   -21.0   45.625 -119.534    620.9    941.4
     1     1    17     8     3    14     0     0   -22.0   45.580 -119.419    611.3    941.0
     1     1    17     8     3    13     0     0   -23.0   45.518 -119.398    586.1    944.4
     1     1    17     8     3    12     0     0   -24.0   45.476 -119.489    575.1    947.4
     1     1    17     8     3    11     0     0   -25.0   45.520 -119.561    586.9    944.5
     1     1    17     8     3    10     0     0   -26.0   45.617 -119.596    586.3    944.0
     1     1    17     8     3     9     0     0   -27.0   45.653 -119.676    594.1    944.2
     1     1    17     8     3     8     0     0   -28.0   45.632 -119.718    600.1    942.7
     1     1    17     8     3     7     0     0   -29.0   45.598 -119.715    600.3    943.2
     1     1    17     8     3     6     0     0   -30.0   45.564 -119.722    603.4    942.6
     1     1    17     8     3     5     0     0   -31.0   45.532 -119.748    607.2    942.2
     1     1    17     8     3     4     0     0   -32.0   45.518 -119.794    614.3    941.5
     1     1    17     8     3     3     0     0   -33.0   45.521 -119.855    613.6    940.9
     1     1    17     8     3     2     0     0   -34.0   45.528 -119.927    603.9    941.9
     1     1    17     8     3     1     0     0   -35.0   45.536 -119.991    594.6    944.2
     1     1    17     8     3     0     0     0   -36.0   45.527 -120.042    591.7    943.9
     1     1    17     8     2    23     0     0   -37.0   45.519 -120.094    595.0    944.2
     1     1    17     8     2    22     0     0   -38.0   45.537 -120.153    599.4    942.4
     1     1    17     8     2    21     0     0   -39.0   45.553 -120.224    597.8    943.5
     1     1    17     8     2    20     0     0   -40.0   45.584 -120.300    596.4    943.1
     1     1    17     8     2    19     0     0   -41.0   45.650 -120.357    608.2    942.5
     1     1    17     8     2    18     0     0   -42.0   45.682 -120.472    598.7    942.0
     1     1    17     8     2    17     0     0   -43.0   45.610 -120.553    594.8    943.4
     1     1    17     8     2    16     0     0   -44.0   45.602 -120.527    588.2    944.0
     1     1    17     8     2    15     0     0   -45.0   45.599 -120.510    588.7    944.3
     1     1    17     8     2    14     0     0   -46.0   45.462 -120.514    604.1    943.8
