     1     1
    SITE    10     3     1     0     0
     1 BACKWARD OMEGA   
    17     8    16    10   46.392 -119.412   700.0
     1 PRESSURE
     1     1    17     8    16    10     0     0     0.0   46.392 -119.412    700.0    931.4
     1     1    17     8    16     9     0     0    -1.0   46.262 -119.441    674.2    934.5
     1     1    17     8    16     8     0     0    -2.0   46.168 -119.431    673.4    934.3
     1     1    17     8    16     7     0     0    -3.0   46.123 -119.423    673.8    934.7
     1     1    17     8    16     6     0     0    -4.0   46.107 -119.449    671.0    933.9
     1     1    17     8    16     5     0     0    -5.0   46.075 -119.475    666.0    935.5
     1     1    17     8    16     4     0     0    -6.0   46.010 -119.465    664.8    935.6
     1     1    17     8    16     3     0     0    -7.0   45.953 -119.450    661.6    935.6
     1     1    17     8    16     2     0     0    -8.0   45.916 -119.423    652.1    937.4
     1     1    17     8    16     1     0     0    -9.0   45.876 -119.367    639.8    938.0
     1     1    17     8    16     0     0     0   -10.0   45.816 -119.318    627.7    940.4
     1     1    17     8    15    23     0     0   -11.0   45.758 -119.317    634.6    939.6
     1     1    17     8    15    22     0     0   -12.0   45.723 -119.329    644.9    937.3
     1     1    17     8    15    21     0     0   -13.0   45.686 -119.347    641.2    937.3
     1     1    17     8    15    20     0     0   -14.0   45.624 -119.371    641.3    939.6
     1     1    17     8    15    19     0     0   -15.0   45.547 -119.369    652.5    936.9
     1     1    17     8    15    18     0     0   -16.0   45.463 -119.336    673.2    934.3
     1     1    17     8    15    17     0     0   -17.0   45.377 -119.293    679.3    933.7
