     1     1
    SITE    10     3     1     0     0
     1 BACKWARD OMEGA   
    17     8     3    14   46.392 -119.412   700.0
     1 PRESSURE
     1     1    17     8     3    14     0     0     0.0   46.392 -119.412    700.0    931.4
     1     1    17     8     3    13     0     0    -1.0   46.330 -119.388    732.4    927.6
     1     1    17     8     3    12     0     0    -2.0   46.287 -119.478    725.7    926.6
     1     1    17     8     3    11     0     0    -3.0   46.329 -119.549    744.0    927.1
     1     1    17     8     3    10     0     0    -4.0   46.423 -119.586    769.7    923.2
     1     1    17     8     3     9     0     0    -5.0   46.461 -119.665    777.6    922.2
     1     1    17     8     3     8     0     0    -6.0   46.440 -119.710    776.7    922.6
     1     1    17     8     3     7     0     0    -7.0   46.406 -119.707    767.6    922.9
     1     1    17     8     3     6     0     0    -8.0   46.372 -119.714    759.2    925.4
     1     1    17     8     3     5     0     0    -9.0   46.339 -119.741    748.1    924.7
     1     1    17     8     3     4     0     0   -10.0   46.325 -119.787    742.4    928.0
     1     1    17     8     3     3     0     0   -11.0   46.330 -119.847    759.3    925.8
     1     1    17     8     3     2     0     0   -12.0   46.337 -119.919    769.4    922.0
     1     1    17     8     3     1     0     0   -13.0   46.344 -119.983    771.5    923.8
     1     1    17     8     3     0     0     0   -14.0   46.334 -120.036    780.5    922.5
     1     1    17     8     2    23     0     0   -15.0   46.324 -120.089    779.5    921.0
     1     1    17     8     2    22     0     0   -16.0   46.341 -120.147    771.1    924.2
     1     1    17     8     2    21     0     0   -17.0   46.358 -120.218    761.8    923.5
     1     1    17     8     2    20     0     0   -18.0   46.388 -120.296    757.1    925.9
     1     1    17     8     2    19     0     0   -19.0   46.451 -120.356    778.3    923.6
     1     1    17     8     2    18     0     0   -20.0   46.483 -120.475    779.5    921.8
     1     1    17     8     2    17     0     0   -21.0   46.410 -120.558    753.7    925.9
     1     1    17     8     2    16     0     0   -22.0   46.403 -120.524    745.4    925.5
     1     1    17     8     2    15     0     0   -23.0   46.404 -120.499    747.3    926.4
     1     1    17     8     2    14     0     0   -24.0   46.271 -120.500    717.6    929.3
     1     1    17     8     2    13     0     0   -25.0   46.120 -120.502    708.7    929.9
     1     1    17     8     2    12     0     0   -26.0   45.957 -120.500    676.2    935.5
     1     1    17     8     2    11     0     0   -27.0   45.776 -120.491    693.2    932.3
     1     1    17     8     2    10     0     0   -28.0   45.675 -120.337    682.6    932.7
     1     1    17     8     2     9     0     0   -29.0   45.784 -120.210    699.1    931.4
     1     1    17     8     2     8     0     0   -30.0   46.004 -120.260    683.5    933.0
     1     1    17     8     2     7     0     0   -31.0   46.204 -120.359    652.3    937.0
     1     1    17     8     2     6     0     0   -32.0   46.368 -120.484    664.6    935.6
     1     1    17     8     2     5     0     0   -33.0   46.510 -120.580    663.2    936.0
     1     1    17     8     2     4     0     0   -34.0   46.644 -120.643    645.6    938.0
     1     1    17     8     2     3     0     0   -35.0   46.784 -120.721    658.1    936.2
     1     1    17     8     2     2     0     0   -36.0   46.933 -120.833    685.4    933.5
