     1     1
    SITE    10     3     1     0     0
     1 BACKWARD OMEGA   
    17     8    27    20   46.392 -119.412   700.0
     1 PRESSURE
     1     1    17     8    27    20     0     0     0.0   46.392 -119.412    700.0    931.4
     1     1    17     8    27    19     0     0    -1.0   46.390 -119.461    697.2    931.7
     1     1    17     8    27    18     0     0    -2.0   46.372 -119.497    693.0    932.5
     1     1    17     8    27    17     0     0    -3.0   46.331 -119.519    695.9    932.1
     1     1    17     8    27    16     0     0    -4.0   46.271 -119.535    696.3    931.0
     1     1    17     8    27    15     0     0    -5.0   46.266 -119.536    702.1    932.7
     1     1    17     8    27    14     0     0    -6.0   46.303 -119.482    713.2    930.7
     1     1    17     8    27    13     0     0    -7.0   46.322 -119.400    722.0    927.3
     1     1    17     8    27    12     0     0    -8.0   46.308 -119.321    714.8    929.2
     1     1    17     8    27    11     0     0    -9.0   46.267 -119.274    706.0    930.5
     1     1    17     8    27    10     0     0   -10.0   46.222 -119.256    700.5    932.8
     1     1    17     8    27     9     0     0   -11.0   46.176 -119.245    699.2    930.5
     1     1    17     8    27     8     0     0   -12.0   46.138 -119.226    694.0    932.7
     1     1    17     8    27     7     0     0   -13.0   46.112 -119.225    690.2    932.1
     1     1    17     8    27     6     0     0   -14.0   46.117 -119.252    690.3    932.9
     1     1    17     8    27     5     0     0   -15.0   46.146 -119.286    691.5    932.6
     1     1    17     8    27     4     0     0   -16.0   46.164 -119.328    688.1    932.1
     1     1    17     8    27     3     0     0   -17.0   46.166 -119.368    683.0    934.1
     1     1    17     8    27     2     0     0   -18.0   46.147 -119.410    669.3    933.4
     1     1    17     8    27     1     0     0   -19.0   46.111 -119.440    641.9    938.6
     1     1    17     8    27     0     0     0   -20.0   46.062 -119.472    630.6    941.1
     1     1    17     8    26    23     0     0   -21.0   46.026 -119.540    631.7    939.4
     1     1    17     8    26    22     0     0   -22.0   45.999 -119.577    636.4    939.0
     1     1    17     8    26    21     0     0   -23.0   45.992 -119.592    641.8    938.3
     1     1    17     8    26    20     0     0   -24.0   45.998 -119.626    636.7    938.7
     1     1    17     8    26    19     0     0   -25.0   45.981 -119.656    636.0    939.8
     1     1    17     8    26    18     0     0   -26.0   45.936 -119.674    641.6    938.5
     1     1    17     8    26    17     0     0   -27.0   45.938 -119.646    632.2    937.8
     1     1    17     8    26    16     0     0   -28.0   46.002 -119.571    628.3    939.9
     1     1    17     8    26    15     0     0   -29.0   46.007 -119.482    624.0    940.0
     1     1    17     8    26    14     0     0   -30.0   46.013 -119.402    618.1    941.0
     1     1    17     8    26    13     0     0   -31.0   46.048 -119.312    643.0    936.8
     1     1    17     8    26    12     0     0   -32.0   46.078 -119.226    652.7    937.2
     1     1    17     8    26    11     0     0   -33.0   46.110 -119.142    660.1    936.1
     1     1    17     8    26    10     0     0   -34.0   46.142 -119.064    657.5    936.2
     1     1    17     8    26     9     0     0   -35.0   46.156 -119.071    665.8    937.5
     1     1    17     8    26     8     0     0   -36.0   46.132 -119.100    669.6    934.4
     1     1    17     8    26     7     0     0   -37.0   46.101 -119.092    663.7    935.5
     1     1    17     8    26     6     0     0   -38.0   46.089 -119.112    659.7    936.7
     1     1    17     8    26     5     0     0   -39.0   46.083 -119.116    667.6    936.6
     1     1    17     8    26     4     0     0   -40.0   46.081 -119.119    672.5    934.1
     1     1    17     8    26     3     0     0   -41.0   46.080 -119.146    670.5    934.6
     1     1    17     8    26     2     0     0   -42.0   46.067 -119.168    668.5    935.5
     1     1    17     8    26     1     0     0   -43.0   46.055 -119.192    671.5    935.0
     1     1    17     8    26     0     0     0   -44.0   46.029 -119.229    670.1    934.1
     1     1    17     8    25    23     0     0   -45.0   46.025 -119.279    665.9    936.3
     1     1    17     8    25    22     0     0   -46.0   46.031 -119.330    680.6    934.8
     1     1    17     8    25    21     0     0   -47.0   45.991 -119.379    691.0    931.1
     1     1    17     8    25    20     0     0   -48.0   45.929 -119.422    701.7    931.1
     1     1    17     8    25    19     0     0   -49.0   45.847 -119.431    699.6    930.0
     1     1    17     8    25    18     0     0   -50.0   45.746 -119.404    697.5    932.3
     1     1    17     8    25    17     0     0   -51.0   45.644 -119.376    690.7    932.1
     1     1    17     8    25    16     0     0   -52.0   45.554 -119.338    687.8    933.3
     1     1    17     8    25    15     0     0   -53.0   45.479 -119.290    717.5    930.1
     1     1    17     8    25    14     0     0   -54.0   45.400 -119.237    734.4    926.6
