     1     1
    SITE    10     3     1     0     0
     1 BACKWARD OMEGA   
    17     8    16     5   46.392 -119.412   700.0
     1 PRESSURE
     1     1    17     8    16     5     0     0     0.0   46.392 -119.412    700.0    931.4
     1     1    17     8    16     4     0     0    -1.0   46.326 -119.404    699.1    931.5
     1     1    17     8    16     3     0     0    -2.0   46.269 -119.391    699.0    931.4
     1     1    17     8    16     2     0     0    -3.0   46.230 -119.365    699.3    931.9
     1     1    17     8    16     1     0     0    -4.0   46.190 -119.309    698.0    931.2
     1     1    17     8    16     0     0     0    -5.0   46.132 -119.258    709.3    931.7
     1     1    17     8    15    23     0     0    -6.0   46.075 -119.260    725.4    928.1
     1     1    17     8    15    22     0     0    -7.0   46.040 -119.274    731.6    927.9
     1     1    17     8    15    21     0     0    -8.0   46.002 -119.294    737.6    927.1
     1     1    17     8    15    20     0     0    -9.0   45.944 -119.317    740.1    926.0
     1     1    17     8    15    19     0     0   -10.0   45.870 -119.312    745.6    926.6
     1     1    17     8    15    18     0     0   -11.0   45.790 -119.276    744.1    926.2
     1     1    17     8    15    17     0     0   -12.0   45.703 -119.227    744.5    926.4
     1     1    17     8    15    16     0     0   -13.0   45.639 -119.162    742.9    926.2
     1     1    17     8    15    15     0     0   -14.0   45.576 -119.117    728.1    928.2
     1     1    17     8    15    14     0     0   -15.0   45.493 -119.099    727.5    928.5
     1     1    17     8    15    13     0     0   -16.0   45.411 -119.103    724.1    928.6
