     1     1
    SITE    10     3     1     0     0
     1 BACKWARD OMEGA   
    17     8    14     5   46.392 -119.412   700.0
     1 PRESSURE
     1     1    17     8    14     5     0     0     0.0   46.392 -119.412    700.0    931.4
     1     1    17     8    14     4     0     0    -1.0   46.360 -119.436    706.9    930.6
     1     1    17     8    14     3     0     0    -2.0   46.296 -119.445    700.3    929.3
     1     1    17     8    14     2     0     0    -3.0   46.226 -119.434    690.6    934.1
     1     1    17     8    14     1     0     0    -4.0   46.159 -119.421    704.6    930.9
     1     1    17     8    14     0     0     0    -5.0   46.095 -119.415    717.1    929.3
     1     1    17     8    13    23     0     0    -6.0   46.021 -119.400    731.7    927.9
     1     1    17     8    13    22     0     0    -7.0   45.948 -119.399    732.6    927.2
     1     1    17     8    13    21     0     0    -8.0   45.974 -119.500    748.3    926.3
     1     1    17     8    13    20     0     0    -9.0   46.136 -119.688    782.3    922.4
     1     1    17     8    13    19     0     0   -10.0   46.289 -119.848    797.7    921.5
     1     1    17     8    13    18     0     0   -11.0   46.407 -120.018    801.1    920.2
     1     1    17     8    13    17     0     0   -12.0   46.504 -120.221    810.7    919.3
     1     1    17     8    13    16     0     0   -13.0   46.480 -120.425    822.3    917.8
     1     1    17     8    13    15     0     0   -14.0   46.328 -120.553    796.8    921.0
     1     1    17     8    13    14     0     0   -15.0   46.155 -120.595    762.4    924.7
     1     1    17     8    13    13     0     0   -16.0   45.984 -120.623    755.2    924.5
     1     1    17     8    13    12     0     0   -17.0   45.796 -120.679    742.4    924.9
     1     1    17     8    13    11     0     0   -18.0   45.584 -120.778    695.1    932.4
