     1     1
    SITE    10     3     1     0     0
     1 BACKWARD OMEGA   
    17     8    17    11   46.392 -119.412   700.0
     1 PRESSURE
     1     1    17     8    17    11     0     0     0.0   46.392 -119.412    700.0    931.4
     1     1    17     8    17    10     0     0    -1.0   46.305 -119.347    701.2    931.2
     1     1    17     8    17     9     0     0    -2.0   46.203 -119.305    708.9    930.9
     1     1    17     8    17     8     0     0    -3.0   46.082 -119.302    722.5    930.1
     1     1    17     8    17     7     0     0    -4.0   45.963 -119.317    771.2    924.2
     1     1    17     8    17     6     0     0    -5.0   45.878 -119.299    815.3    917.7
     1     1    17     8    17     5     0     0    -6.0   45.829 -119.275    821.4    917.8
     1     1    17     8    17     4     0     0    -7.0   45.783 -119.290    821.5    917.5
     1     1    17     8    17     3     0     0    -8.0   45.740 -119.332    822.3    917.9
     1     1    17     8    17     2     0     0    -9.0   45.708 -119.364    827.3    917.6
     1     1    17     8    17     1     0     0   -10.0   45.661 -119.387    834.2    916.1
     1     1    17     8    17     0     0     0   -11.0   45.603 -119.372    827.5    916.0
     1     1    17     8    16    23     0     0   -12.0   45.623 -119.446    857.1    918.5
     1     1    17     8    16    22     0     0   -13.0   45.712 -119.633    868.1    912.5
     1     1    17     8    16    21     0     0   -14.0   45.841 -119.818    819.5    915.1
     1     1    17     8    16    20     0     0   -15.0   46.042 -120.054    797.6    920.5
     1     1    17     8    16    19     0     0   -16.0   46.255 -120.304    807.7    919.3
     1     1    17     8    16    18     0     0   -17.0   46.443 -120.519    803.8    919.3
     1     1    17     8    16    17     0     0   -18.0   46.473 -120.707    784.2    921.4
     1     1    17     8    16    16     0     0   -19.0   46.335 -120.815    773.2    923.0
     1     1    17     8    16    15     0     0   -20.0   46.188 -120.851    773.7    922.7
