     1     1
    SITE    10     3     1     0     0
     1 BACKWARD OMEGA   
    17     8    15     6   46.392 -119.412   700.0
     1 PRESSURE
     1     1    17     8    15     6     0     0     0.0   46.392 -119.412    700.0    931.4
     1     1    17     8    15     5     0     0    -1.0   46.386 -119.421    706.6    930.6
     1     1    17     8    15     4     0     0    -2.0   46.357 -119.426    714.4    929.2
     1     1    17     8    15     3     0     0    -3.0   46.348 -119.455    717.2    929.4
     1     1    17     8    15     2     0     0    -4.0   46.341 -119.453    720.5    929.4
     1     1    17     8    15     1     0     0    -5.0   46.337 -119.454    718.8    928.9
     1     1    17     8    15     0     0     0    -6.0   46.346 -119.507    729.3    928.6
     1     1    17     8    14    23     0     0    -7.0   46.352 -119.564    743.2    926.4
     1     1    17     8    14    22     0     0    -8.0   46.341 -119.624    752.3    924.9
     1     1    17     8    14    21     0     0    -9.0   46.299 -119.670    749.6    925.6
     1     1    17     8    14    20     0     0   -10.0   46.241 -119.671    758.6    926.4
     1     1    17     8    14    19     0     0   -11.0   46.175 -119.630    777.1    921.7
     1     1    17     8    14    18     0     0   -12.0   46.117 -119.536    776.1    921.6
     1     1    17     8    14    17     0     0   -13.0   46.063 -119.426    773.4    923.9
     1     1    17     8    14    16     0     0   -14.0   45.996 -119.350    775.8    922.7
     1     1    17     8    14    15     0     0   -15.0   45.908 -119.299    787.3    922.0
     1     1    17     8    14    14     0     0   -16.0   45.809 -119.241    782.9    921.3
     1     1    17     8    14    13     0     0   -17.0   45.710 -119.197    771.4    922.9
     1     1    17     8    14    12     0     0   -18.0   45.606 -119.158    753.9    924.9
     1     1    17     8    14    11     0     0   -19.0   45.501 -119.097    732.5    927.9
     1     1    17     8    14    10     0     0   -20.0   45.396 -119.038    727.2    928.0
