     1     1
    SITE    10     3     1     0     0
     1 BACKWARD OMEGA   
    17     8     1     1   46.392 -119.412   700.0
     1 PRESSURE
     1     1    17     8     1     1     0     0     0.0   46.392 -119.412    700.0    931.4
     1     1    17     8     1     0     0     0    -1.0   46.347 -119.413    692.6    932.3
     1     1    17     7    31    23     0     0    -2.0   46.346 -119.439    707.5    932.2
     1     1    17     7    31    22     0     0    -3.0   46.360 -119.507    707.3    929.2
     1     1    17     7    31    21     0     0    -4.0   46.357 -119.569    707.8    929.8
     1     1    17     7    31    20     0     0    -5.0   46.371 -119.602    702.7    931.5
     1     1    17     7    31    19     0     0    -6.0   46.358 -119.617    707.7    931.3
     1     1    17     7    31    18     0     0    -7.0   46.297 -119.579    730.1    930.2
     1     1    17     7    31    17     0     0    -8.0   46.217 -119.505    748.2    925.8
     1     1    17     7    31    16     0     0    -9.0   46.130 -119.460    736.5    926.9
     1     1    17     7    31    15     0     0   -10.0   46.040 -119.422    702.7    930.0
     1     1    17     7    31    14     0     0   -11.0   45.937 -119.365    681.9    933.9
     1     1    17     7    31    13     0     0   -12.0   45.827 -119.336    677.8    933.9
     1     1    17     7    31    12     0     0   -13.0   45.731 -119.325    658.1    936.1
     1     1    17     7    31    11     0     0   -14.0   45.643 -119.292    645.9    938.6
     1     1    17     7    31    10     0     0   -15.0   45.603 -119.220    653.1    936.4
     1     1    17     7    31     9     0     0   -16.0   45.578 -119.180    648.3    938.0
     1     1    17     7    31     8     0     0   -17.0   45.527 -119.175    645.2    938.3
     1     1    17     7    31     7     0     0   -18.0   45.494 -119.150    646.0    938.1
     1     1    17     7    31     6     0     0   -19.0   45.480 -119.108    648.1    937.1
     1     1    17     7    31     5     0     0   -20.0   45.469 -119.118    639.7    938.0
     1     1    17     7    31     4     0     0   -21.0   45.426 -119.141    627.6    938.9
     1     1    17     7    31     3     0     0   -22.0   45.339 -119.078    638.0    938.7
