     1     1
    SITE    10     3     1     0     0
     1 BACKWARD OMEGA   
    17     8     9     9   46.392 -119.412   700.0
     1 PRESSURE
     1     1    17     8     9     9     0     0     0.0   46.392 -119.412    700.0    931.4
     1     1    17     8     9     8     0     0    -1.0   46.336 -119.397    692.8    932.3
     1     1    17     8     9     7     0     0    -2.0   46.272 -119.373    709.3    930.8
     1     1    17     8     9     6     0     0    -3.0   46.227 -119.350    726.6    927.9
     1     1    17     8     9     5     0     0    -4.0   46.208 -119.364    732.9    927.1
     1     1    17     8     9     4     0     0    -5.0   46.186 -119.391    727.2    928.5
     1     1    17     8     9     3     0     0    -6.0   46.158 -119.421    724.9    928.6
     1     1    17     8     9     2     0     0    -7.0   46.150 -119.469    721.8    928.7
     1     1    17     8     9     1     0     0    -8.0   46.132 -119.494    716.2    929.6
     1     1    17     8     9     0     0     0    -9.0   46.109 -119.535    712.9    930.1
     1     1    17     8     8    23     0     0   -10.0   46.097 -119.593    728.0    928.3
     1     1    17     8     8    22     0     0   -11.0   46.070 -119.645    731.3    926.4
     1     1    17     8     8    21     0     0   -12.0   46.047 -119.687    723.9    929.0
     1     1    17     8     8    20     0     0   -13.0   46.031 -119.717    723.2    928.8
     1     1    17     8     8    19     0     0   -14.0   46.005 -119.756    719.9    928.7
     1     1    17     8     8    18     0     0   -15.0   45.974 -119.738    722.4    929.9
     1     1    17     8     8    17     0     0   -16.0   45.970 -119.658    719.8    926.7
     1     1    17     8     8    16     0     0   -17.0   45.965 -119.569    720.7    931.8
     1     1    17     8     8    15     0     0   -18.0   45.950 -119.457    725.6    926.4
     1     1    17     8     8    14     0     0   -19.0   45.922 -119.335    732.1    928.5
     1     1    17     8     8    13     0     0   -20.0   45.859 -119.238    743.4    926.2
     1     1    17     8     8    12     0     0   -21.0   45.779 -119.169    739.8    925.9
     1     1    17     8     8    11     0     0   -22.0   45.714 -119.121    723.4    929.1
     1     1    17     8     8    10     0     0   -23.0   45.664 -119.105    718.1    929.0
     1     1    17     8     8     9     0     0   -24.0   45.628 -119.133    707.5    930.8
     1     1    17     8     8     8     0     0   -25.0   45.599 -119.132    699.4    931.8
     1     1    17     8     8     7     0     0   -26.0   45.559 -119.086    697.8    931.7
     1     1    17     8     8     6     0     0   -27.0   45.520 -119.063    693.2    932.1
     1     1    17     8     8     5     0     0   -28.0   45.507 -119.086    689.0    932.9
     1     1    17     8     8     4     0     0   -29.0   45.497 -119.082    685.5    933.0
     1     1    17     8     8     3     0     0   -30.0   45.461 -119.042    684.3    934.6
     1     1    17     8     8     2     0     0   -31.0   45.422 -119.023    688.6    932.0
     1     1    17     8     8     1     0     0   -32.0   45.406 -118.994    687.0    933.0
     1     1    17     8     8     0     0     0   -33.0   45.375 -118.985    684.1    932.8
