     1     1
    SITE    10     3     1     0     0
     1 BACKWARD OMEGA   
    17     8     1     5   46.392 -119.412   700.0
     1 PRESSURE
     1     1    17     8     1     5     0     0     0.0   46.392 -119.412    700.0    931.4
     1     1    17     8     1     4     0     0    -1.0   46.350 -119.405    708.1    930.5
     1     1    17     8     1     3     0     0    -2.0   46.312 -119.408    706.6    929.9
     1     1    17     8     1     2     0     0    -3.0   46.282 -119.394    701.9    931.6
     1     1    17     8     1     1     0     0    -4.0   46.250 -119.372    697.3    931.2
     1     1    17     8     1     0     0     0    -5.0   46.204 -119.372    688.6    932.6
     1     1    17     7    31    23     0     0    -6.0   46.202 -119.398    676.6    934.0
     1     1    17     7    31    22     0     0    -7.0   46.215 -119.467    686.2    932.4
     1     1    17     7    31    21     0     0    -8.0   46.212 -119.530    692.2    931.9
     1     1    17     7    31    20     0     0    -9.0   46.226 -119.564    686.9    932.0
     1     1    17     7    31    19     0     0   -10.0   46.213 -119.578    676.8    934.5
     1     1    17     7    31    18     0     0   -11.0   46.151 -119.537    672.1    935.2
     1     1    17     7    31    17     0     0   -12.0   46.071 -119.461    688.0    933.2
     1     1    17     7    31    16     0     0   -13.0   45.985 -119.416    710.4    929.5
     1     1    17     7    31    15     0     0   -14.0   45.894 -119.377    720.2    929.6
     1     1    17     7    31    14     0     0   -15.0   45.788 -119.321    729.3    927.4
     1     1    17     7    31    13     0     0   -16.0   45.676 -119.291    725.1    929.4
     1     1    17     7    31    12     0     0   -17.0   45.578 -119.282    720.7    929.2
     1     1    17     7    31    11     0     0   -18.0   45.491 -119.250    725.3    928.2
     1     1    17     7    31    10     0     0   -19.0   45.451 -119.179    725.5    928.9
     1     1    17     7    31     9     0     0   -20.0   45.426 -119.139    730.2    927.5
     1     1    17     7    31     8     0     0   -21.0   45.377 -119.134    733.8    927.8
