     1     1
    SITE    10     3     1     0     0
     1 BACKWARD OMEGA   
    17     8    10    19   46.392 -119.412   700.0
     1 PRESSURE
     1     1    17     8    10    19     0     0     0.0   46.392 -119.412    700.0    931.4
     1     1    17     8    10    18     0     0    -1.0   46.345 -119.433    702.1    931.2
     1     1    17     8    10    17     0     0    -2.0   46.306 -119.384    707.4    930.7
     1     1    17     8    10    16     0     0    -3.0   46.298 -119.287    728.9    929.6
     1     1    17     8    10    15     0     0    -4.0   46.301 -119.187    736.3    926.5
     1     1    17     8    10    14     0     0    -5.0   46.317 -119.086    716.4    929.5
     1     1    17     8    10    13     0     0    -6.0   46.314 -118.981    697.2    932.1
     1     1    17     8    10    12     0     0    -7.0   46.285 -118.902    691.7    932.7
     1     1    17     8    10    11     0     0    -8.0   46.241 -118.870    692.5    932.1
     1     1    17     8    10    10     0     0    -9.0   46.189 -118.854    692.0    932.7
     1     1    17     8    10     9     0     0   -10.0   46.138 -118.824    692.2    932.1
     1     1    17     8    10     8     0     0   -11.0   46.077 -118.780    683.3    932.3
     1     1    17     8    10     7     0     0   -12.0   46.011 -118.751    674.3    935.2
     1     1    17     8    10     6     0     0   -13.0   45.968 -118.724    678.7    932.8
     1     1    17     8    10     5     0     0   -14.0   45.947 -118.722    669.6    934.5
     1     1    17     8    10     4     0     0   -15.0   45.922 -118.740    666.9    936.0
     1     1    17     8    10     3     0     0   -16.0   45.878 -118.732    665.3    935.1
     1     1    17     8    10     2     0     0   -17.0   45.850 -118.756    659.3    936.4
     1     1    17     8    10     1     0     0   -18.0   45.844 -118.810    659.0    937.3
     1     1    17     8    10     0     0     0   -19.0   45.811 -118.838    653.0    935.5
     1     1    17     8     9    23     0     0   -20.0   45.780 -118.890    652.8    938.3
     1     1    17     8     9    22     0     0   -21.0   45.739 -118.924    659.2    936.4
     1     1    17     8     9    21     0     0   -22.0   45.694 -118.935    664.3    935.6
     1     1    17     8     9    20     0     0   -23.0   45.682 -118.988    666.4    935.2
     1     1    17     8     9    19     0     0   -24.0   45.642 -119.019    642.6    935.0
     1     1    17     8     9    18     0     0   -25.0   45.630 -118.971    650.0    937.9
     1     1    17     8     9    17     0     0   -26.0   45.681 -118.860    637.7    933.4
     1     1    17     8     9    16     0     0   -27.0   45.728 -118.735    632.1    940.2
     1     1    17     8     9    15     0     0   -28.0   45.741 -118.622    641.2    937.8
     1     1    17     8     9    14     0     0   -29.0   45.696 -118.559    632.1    939.6
     1     1    17     8     9    13     0     0   -30.0   45.616 -118.548    633.4    939.6
     1     1    17     8     9    12     0     0   -31.0   45.547 -118.506    658.1    936.0
     1     1    17     8     9    11     0     0   -32.0   45.491 -118.463    652.6    936.7
     1     1    17     8     9    10     0     0   -33.0   45.442 -118.439    637.0    939.8
     1     1    17     8     9     9     0     0   -34.0   45.395 -118.416    633.6    939.8
