     1     1
    SITE    10     3     1     0     0
     1 BACKWARD OMEGA   
    17     8    13     8   46.392 -119.412   700.0
     1 PRESSURE
     1     1    17     8    13     8     0     0     0.0   46.392 -119.412    700.0    931.4
     1     1    17     8    13     7     0     0    -1.0   46.219 -119.481    658.5    936.4
     1     1    17     8    13     6     0     0    -2.0   46.096 -119.483    670.8    934.5
     1     1    17     8    13     5     0     0    -3.0   46.048 -119.543    656.0    936.3
     1     1    17     8    13     4     0     0    -4.0   46.075 -119.655    644.8    939.0
     1     1    17     8    13     3     0     0    -5.0   46.115 -119.739    658.2    936.2
     1     1    17     8    13     2     0     0    -6.0   46.107 -119.783    661.9    935.6
     1     1    17     8    13     1     0     0    -7.0   46.058 -119.794    659.0    935.6
     1     1    17     8    13     0     0     0    -8.0   45.981 -119.770    654.7    936.9
     1     1    17     8    12    23     0     0    -9.0   45.913 -119.730    659.8    935.9
     1     1    17     8    12    22     0     0   -10.0   45.867 -119.772    653.9    936.5
     1     1    17     8    12    21     0     0   -11.0   45.873 -119.919    655.2    935.7
     1     1    17     8    12    20     0     0   -12.0   45.879 -120.103    661.5    937.0
     1     1    17     8    12    19     0     0   -13.0   45.815 -120.155    691.3    932.4
     1     1    17     8    12    18     0     0   -14.0   45.729 -120.059    723.2    928.4
     1     1    17     8    12    17     0     0   -15.0   45.616 -119.979    707.6    930.5
     1     1    17     8    12    16     0     0   -16.0   45.474 -119.913    714.3    929.9
