     1     1
    SITE    10     3     1     0     0
     1 BACKWARD OMEGA   
    17     8    28     1   46.392 -119.412   700.0
     1 PRESSURE
     1     1    17     8    28     1     0     0     0.0   46.392 -119.412    700.0    931.4
     1     1    17     8    28     0     0     0    -1.0   46.343 -119.367    688.4    932.8
     1     1    17     8    27    23     0     0    -2.0   46.307 -119.342    679.5    933.4
     1     1    17     8    27    22     0     0    -3.0   46.279 -119.359    669.9    935.1
     1     1    17     8    27    21     0     0    -4.0   46.268 -119.390    666.5    935.5
     1     1    17     8    27    20     0     0    -5.0   46.271 -119.440    658.5    935.7
     1     1    17     8    27    19     0     0    -6.0   46.270 -119.489    654.9    937.5
     1     1    17     8    27    18     0     0    -7.0   46.253 -119.523    656.3    936.7
     1     1    17     8    27    17     0     0    -8.0   46.214 -119.545    661.6    936.6
     1     1    17     8    27    16     0     0    -9.0   46.157 -119.561    669.5    934.3
     1     1    17     8    27    15     0     0   -10.0   46.154 -119.562    667.0    934.7
     1     1    17     8    27    14     0     0   -11.0   46.194 -119.511    664.3    934.7
     1     1    17     8    27    13     0     0   -12.0   46.215 -119.433    654.1    936.4
     1     1    17     8    27    12     0     0   -13.0   46.202 -119.354    649.6    938.7
     1     1    17     8    27    11     0     0   -14.0   46.163 -119.307    649.9    937.3
     1     1    17     8    27    10     0     0   -15.0   46.119 -119.288    647.9    937.7
     1     1    17     8    27     9     0     0   -16.0   46.074 -119.276    636.9    937.8
     1     1    17     8    27     8     0     0   -17.0   46.035 -119.256    621.0    941.3
     1     1    17     8    27     7     0     0   -18.0   46.009 -119.253    615.4    941.7
     1     1    17     8    27     6     0     0   -19.0   46.015 -119.281    620.1    941.4
     1     1    17     8    27     5     0     0   -20.0   46.044 -119.315    628.3    939.1
     1     1    17     8    27     4     0     0   -21.0   46.062 -119.357    627.4    939.9
     1     1    17     8    27     3     0     0   -22.0   46.062 -119.398    623.4    940.2
     1     1    17     8    27     2     0     0   -23.0   46.042 -119.440    621.4    941.3
     1     1    17     8    27     1     0     0   -24.0   46.003 -119.470    631.6    939.8
     1     1    17     8    27     0     0     0   -25.0   45.954 -119.504    638.3    937.8
     1     1    17     8    26    23     0     0   -26.0   45.919 -119.572    637.7    939.6
     1     1    17     8    26    22     0     0   -27.0   45.891 -119.608    634.3    939.4
     1     1    17     8    26    21     0     0   -28.0   45.885 -119.623    640.6    939.1
     1     1    17     8    26    20     0     0   -29.0   45.892 -119.658    643.7    937.5
     1     1    17     8    26    19     0     0   -30.0   45.874 -119.687    645.4    938.3
     1     1    17     8    26    18     0     0   -31.0   45.830 -119.707    653.9    937.3
     1     1    17     8    26    17     0     0   -32.0   45.834 -119.683    656.9    935.3
     1     1    17     8    26    16     0     0   -33.0   45.895 -119.609    658.7    937.0
     1     1    17     8    26    15     0     0   -34.0   45.899 -119.520    668.0    933.6
     1     1    17     8    26    14     0     0   -35.0   45.902 -119.435    669.4    935.8
     1     1    17     8    26    13     0     0   -36.0   45.936 -119.345    662.0    936.3
     1     1    17     8    26    12     0     0   -37.0   45.969 -119.261    663.9    935.9
     1     1    17     8    26    11     0     0   -38.0   46.000 -119.179    650.4    934.6
     1     1    17     8    26    10     0     0   -39.0   46.030 -119.100    628.9    940.1
     1     1    17     8    26     9     0     0   -40.0   46.043 -119.105    614.5    941.5
     1     1    17     8    26     8     0     0   -41.0   46.019 -119.134    604.9    942.5
     1     1    17     8    26     7     0     0   -42.0   45.987 -119.125    596.4    943.3
     1     1    17     8    26     6     0     0   -43.0   45.976 -119.146    590.4    944.1
     1     1    17     8    26     5     0     0   -44.0   45.970 -119.150    587.7    944.2
     1     1    17     8    26     4     0     0   -45.0   45.969 -119.153    585.3    944.8
     1     1    17     8    26     3     0     0   -46.0   45.968 -119.180    583.2    944.1
     1     1    17     8    26     2     0     0   -47.0   45.955 -119.201    579.9    945.6
     1     1    17     8    26     1     0     0   -48.0   45.944 -119.226    579.7    944.9
     1     1    17     8    26     0     0     0   -49.0   45.919 -119.264    576.0    945.3
     1     1    17     8    25    23     0     0   -50.0   45.915 -119.317    572.9    945.6
     1     1    17     8    25    22     0     0   -51.0   45.923 -119.369    569.2    946.0
     1     1    17     8    25    21     0     0   -52.0   45.885 -119.416    572.0    946.8
     1     1    17     8    25    20     0     0   -53.0   45.825 -119.458    556.4    947.1
     1     1    17     8    25    19     0     0   -54.0   45.745 -119.463    538.8    949.7
     1     1    17     8    25    18     0     0   -55.0   45.640 -119.433    540.6    949.7
     1     1    17     8    25    17     0     0   -56.0   45.537 -119.405    542.7    947.8
     1     1    17     8    25    16     0     0   -57.0   45.447 -119.364    540.2    949.9
     1     1    17     8    25    15     0     0   -58.0   45.374 -119.318    554.2    947.8
