     1     1
    SITE    10     3     1     0     0
     1 BACKWARD OMEGA   
    17     8    11    17   46.392 -119.412   700.0
     1 PRESSURE
     1     1    17     8    11    17     0     0     0.0   46.392 -119.412    700.0    931.4
     1     1    17     8    11    16     0     0    -1.0   46.290 -119.384    721.9    928.9
     1     1    17     8    11    15     0     0    -2.0   46.218 -119.316    722.3    929.3
     1     1    17     8    11    14     0     0    -3.0   46.188 -119.206    736.0    927.2
     1     1    17     8    11    13     0     0    -4.0   46.136 -119.117    747.1    926.3
     1     1    17     8    11    12     0     0    -5.0   46.116 -119.045    764.8    923.9
     1     1    17     8    11    11     0     0    -6.0   46.103 -119.013    775.3    921.5
     1     1    17     8    11    10     0     0    -7.0   46.060 -118.974    783.7    923.4
     1     1    17     8    11     9     0     0    -8.0   46.077 -118.909    791.0    921.0
     1     1    17     8    11     8     0     0    -9.0   46.082 -118.893    791.6    919.6
     1     1    17     8    11     7     0     0   -10.0   46.052 -118.932    786.0    922.2
     1     1    17     8    11     6     0     0   -11.0   46.029 -118.959    775.7    922.2
     1     1    17     8    11     5     0     0   -12.0   45.990 -118.960    777.7    923.0
     1     1    17     8    11     4     0     0   -13.0   45.947 -118.995    778.9    921.7
     1     1    17     8    11     3     0     0   -14.0   45.932 -118.994    774.4    923.0
     1     1    17     8    11     2     0     0   -15.0   45.915 -118.971    769.4    923.3
     1     1    17     8    11     1     0     0   -16.0   45.866 -118.956    774.2    923.8
     1     1    17     8    11     0     0     0   -17.0   45.811 -118.952    786.6    920.9
     1     1    17     8    10    23     0     0   -18.0   45.774 -119.009    801.3    921.1
     1     1    17     8    10    22     0     0   -19.0   45.799 -119.074    805.7    917.0
     1     1    17     8    10    21     0     0   -20.0   45.825 -119.117    808.6    918.8
     1     1    17     8    10    20     0     0   -21.0   45.796 -119.160    808.8    919.6
     1     1    17     8    10    19     0     0   -22.0   45.770 -119.203    806.6    918.7
     1     1    17     8    10    18     0     0   -23.0   45.723 -119.225    815.1    920.2
     1     1    17     8    10    17     0     0   -24.0   45.685 -119.175    801.1    919.4
     1     1    17     8    10    16     0     0   -25.0   45.679 -119.079    788.9    924.1
     1     1    17     8    10    15     0     0   -26.0   45.682 -118.977    796.6    920.4
     1     1    17     8    10    14     0     0   -27.0   45.696 -118.876    799.1    920.2
     1     1    17     8    10    13     0     0   -28.0   45.694 -118.773    799.9    920.8
     1     1    17     8    10    12     0     0   -29.0   45.665 -118.699    807.2    919.0
     1     1    17     8    10    11     0     0   -30.0   45.620 -118.669    811.6    919.5
     1     1    17     8    10    10     0     0   -31.0   45.569 -118.654    819.2    918.0
     1     1    17     8    10     9     0     0   -32.0   45.518 -118.624    817.1    917.2
     1     1    17     8    10     8     0     0   -33.0   45.456 -118.584    809.7    919.8
     1     1    17     8    10     7     0     0   -34.0   45.391 -118.561    821.9    917.5
