     1     1
    SITE    10     3     1     0     0
     1 BACKWARD OMEGA   
    17     8    27     8   46.392 -119.412   700.0
     1 PRESSURE
     1     1    17     8    27     8     0     0     0.0   46.392 -119.412    700.0    931.4
     1     1    17     8    27     7     0     0    -1.0   46.366 -119.409    691.6    932.4
     1     1    17     8    27     6     0     0    -2.0   46.371 -119.436    692.0    932.1
     1     1    17     8    27     5     0     0    -3.0   46.400 -119.470    688.7    933.5
     1     1    17     8    27     4     0     0    -4.0   46.419 -119.511    689.6    932.4
     1     1    17     8    27     3     0     0    -5.0   46.420 -119.552    691.1    932.6
     1     1    17     8    27     2     0     0    -6.0   46.400 -119.592    694.7    932.0
     1     1    17     8    27     1     0     0    -7.0   46.362 -119.622    703.1    930.9
     1     1    17     8    27     0     0     0    -8.0   46.314 -119.654    706.6    930.7
     1     1    17     8    26    23     0     0    -9.0   46.280 -119.721    710.0    930.1
     1     1    17     8    26    22     0     0   -10.0   46.252 -119.757    714.5    929.6
     1     1    17     8    26    21     0     0   -11.0   46.246 -119.773    716.8    929.5
     1     1    17     8    26    20     0     0   -12.0   46.252 -119.809    716.3    929.8
     1     1    17     8    26    19     0     0   -13.0   46.235 -119.839    710.2    929.6
     1     1    17     8    26    18     0     0   -14.0   46.190 -119.856    688.3    931.5
     1     1    17     8    26    17     0     0   -15.0   46.194 -119.829    654.8    935.1
     1     1    17     8    26    16     0     0   -16.0   46.254 -119.759    644.9    938.3
     1     1    17     8    26    15     0     0   -17.0   46.257 -119.671    665.3    937.8
     1     1    17     8    26    14     0     0   -18.0   46.263 -119.588    682.1    931.9
     1     1    17     8    26    13     0     0   -19.0   46.299 -119.497    680.4    933.0
     1     1    17     8    26    12     0     0   -20.0   46.331 -119.409    673.2    934.7
     1     1    17     8    26    11     0     0   -21.0   46.362 -119.324    670.3    935.4
     1     1    17     8    26    10     0     0   -22.0   46.393 -119.246    671.8    934.3
     1     1    17     8    26     9     0     0   -23.0   46.408 -119.251    670.7    935.2
     1     1    17     8    26     8     0     0   -24.0   46.382 -119.279    669.1    934.3
     1     1    17     8    26     7     0     0   -25.0   46.350 -119.270    664.4    935.7
     1     1    17     8    26     6     0     0   -26.0   46.337 -119.289    659.8    936.2
     1     1    17     8    26     5     0     0   -27.0   46.331 -119.292    662.8    936.5
     1     1    17     8    26     4     0     0   -28.0   46.329 -119.295    658.2    935.0
     1     1    17     8    26     3     0     0   -29.0   46.328 -119.322    647.8    938.6
     1     1    17     8    26     2     0     0   -30.0   46.316 -119.344    645.9    938.1
     1     1    17     8    26     1     0     0   -31.0   46.305 -119.370    645.3    937.9
     1     1    17     8    26     0     0     0   -32.0   46.278 -119.406    649.6    938.1
     1     1    17     8    25    23     0     0   -33.0   46.274 -119.456    652.3    936.6
     1     1    17     8    25    22     0     0   -34.0   46.281 -119.507    643.6    937.4
     1     1    17     8    25    21     0     0   -35.0   46.242 -119.555    636.8    939.4
     1     1    17     8    25    20     0     0   -36.0   46.181 -119.596    629.4    938.4
     1     1    17     8    25    19     0     0   -37.0   46.097 -119.600    637.4    941.8
     1     1    17     8    25    18     0     0   -38.0   45.993 -119.571    637.8    938.9
     1     1    17     8    25    17     0     0   -39.0   45.888 -119.544    642.3    938.9
     1     1    17     8    25    16     0     0   -40.0   45.799 -119.510    640.2    937.8
     1     1    17     8    25    15     0     0   -41.0   45.723 -119.459    631.8    940.0
     1     1    17     8    25    14     0     0   -42.0   45.644 -119.404    639.4    938.1
     1     1    17     8    25    13     0     0   -43.0   45.563 -119.395    638.6    939.5
     1     1    17     8    25    12     0     0   -44.0   45.500 -119.391    630.4    939.7
     1     1    17     8    25    11     0     0   -45.0   45.440 -119.376    622.1    940.6
     1     1    17     8    25    10     0     0   -46.0   45.383 -119.360    618.3    941.1
