     1     1
    SITE    10     3     1     0     0
     1 BACKWARD OMEGA   
    17     8    15    10   46.392 -119.412   700.0
     1 PRESSURE
     1     1    17     8    15    10     0     0     0.0   46.392 -119.412    700.0    931.4
     1     1    17     8    15     9     0     0    -1.0   46.365 -119.453    707.7    930.5
     1     1    17     8    15     8     0     0    -2.0   46.332 -119.465    706.9    930.1
     1     1    17     8    15     7     0     0    -3.0   46.303 -119.488    700.3    931.1
     1     1    17     8    15     6     0     0    -4.0   46.296 -119.498    696.3    932.4
     1     1    17     8    15     5     0     0    -5.0   46.290 -119.506    698.4    931.9
     1     1    17     8    15     4     0     0    -6.0   46.261 -119.511    699.6    931.1
     1     1    17     8    15     3     0     0    -7.0   46.252 -119.540    700.2    931.7
     1     1    17     8    15     2     0     0    -8.0   46.245 -119.539    700.9    931.2
     1     1    17     8    15     1     0     0    -9.0   46.242 -119.540    703.6    930.8
     1     1    17     8    15     0     0     0   -10.0   46.252 -119.594    702.6    930.2
     1     1    17     8    14    23     0     0   -11.0   46.258 -119.651    696.6    932.3
     1     1    17     8    14    22     0     0   -12.0   46.246 -119.713    688.3    931.9
     1     1    17     8    14    21     0     0   -13.0   46.205 -119.759    670.7    935.0
     1     1    17     8    14    20     0     0   -14.0   46.148 -119.763    657.3    936.7
     1     1    17     8    14    19     0     0   -15.0   46.084 -119.723    640.2    938.9
     1     1    17     8    14    18     0     0   -16.0   46.027 -119.629    629.9    940.5
     1     1    17     8    14    17     0     0   -17.0   45.972 -119.519    611.9    941.7
     1     1    17     8    14    16     0     0   -18.0   45.904 -119.442    605.6    942.5
     1     1    17     8    14    15     0     0   -19.0   45.817 -119.390    618.2    941.1
     1     1    17     8    14    14     0     0   -20.0   45.721 -119.329    638.0    939.0
     1     1    17     8    14    13     0     0   -21.0   45.624 -119.287    637.2    937.7
     1     1    17     8    14    12     0     0   -22.0   45.521 -119.247    603.9    943.3
     1     1    17     8    14    11     0     0   -23.0   45.417 -119.186    597.5    943.8
