     1     1
    SITE    10     3     1     0     0
     1 BACKWARD OMEGA   
    17     8     3     5   46.392 -119.412   700.0
     1 PRESSURE
     1     1    17     8     3     5     0     0     0.0   46.392 -119.412    700.0    931.4
     1     1    17     8     3     4     0     0    -1.0   46.378 -119.458    707.3    930.6
     1     1    17     8     3     3     0     0    -2.0   46.381 -119.519    705.9    930.2
     1     1    17     8     3     2     0     0    -3.0   46.388 -119.591    702.8    931.2
     1     1    17     8     3     1     0     0    -4.0   46.395 -119.654    703.5    931.6
     1     1    17     8     3     0     0     0    -5.0   46.386 -119.706    707.7    930.4
     1     1    17     8     2    23     0     0    -6.0   46.375 -119.760    710.1    930.2
     1     1    17     8     2    22     0     0    -7.0   46.392 -119.820    705.9    929.7
     1     1    17     8     2    21     0     0    -8.0   46.406 -119.894    692.5    932.4
     1     1    17     8     2    20     0     0    -9.0   46.434 -119.976    678.4    933.3
     1     1    17     8     2    19     0     0   -10.0   46.498 -120.038    652.6    937.3
     1     1    17     8     2    18     0     0   -11.0   46.531 -120.158    650.7    937.6
     1     1    17     8     2    17     0     0   -12.0   46.458 -120.243    635.7    938.8
     1     1    17     8     2    16     0     0   -13.0   46.445 -120.212    629.9    939.4
     1     1    17     8     2    15     0     0   -14.0   46.441 -120.194    622.2    941.6
     1     1    17     8     2    14     0     0   -15.0   46.305 -120.197    659.2    934.9
     1     1    17     8     2    13     0     0   -16.0   46.155 -120.203    662.4    935.7
     1     1    17     8     2    12     0     0   -17.0   45.990 -120.203    653.5    936.6
     1     1    17     8     2    11     0     0   -18.0   45.807 -120.197    650.1    938.5
     1     1    17     8     2    10     0     0   -19.0   45.706 -120.042    701.5    930.8
     1     1    17     8     2     9     0     0   -20.0   45.821 -119.910    694.5    932.9
     1     1    17     8     2     8     0     0   -21.0   46.042 -119.960    734.6    927.8
     1     1    17     8     2     7     0     0   -22.0   46.240 -120.066    745.0    925.7
     1     1    17     8     2     6     0     0   -23.0   46.404 -120.198    738.3    927.0
     1     1    17     8     2     5     0     0   -24.0   46.544 -120.294    749.2    924.6
     1     1    17     8     2     4     0     0   -25.0   46.678 -120.357    743.9    926.3
     1     1    17     8     2     3     0     0   -26.0   46.821 -120.432    743.1    926.9
     1     1    17     8     2     2     0     0   -27.0   46.969 -120.544    803.9    919.1
     1     1    17     8     2     1     0     0   -28.0   47.094 -120.654    835.3    916.2
     1     1    17     8     2     0     0     0   -29.0   47.170 -120.736    853.1    914.2
     1     1    17     8     1    23     0     0   -30.0   47.184 -120.802    849.7    914.4
     1     1    17     8     1    22     0     0   -31.0   47.168 -120.853    836.1    916.3
     1     1    17     8     1    21     0     0   -32.0   47.171 -120.888    830.5    917.4
