     1     1
    SITE    10     3     1     0     0
     1 BACKWARD OMEGA   
    17     8    18    13   46.392 -119.412   700.0
     1 PRESSURE
     1     1    17     8    18    13     0     0     0.0   46.392 -119.412    700.0    931.4
     1     1    17     8    18    12     0     0    -1.0   46.279 -119.387    728.4    928.2
     1     1    17     8    18    11     0     0    -2.0   46.164 -119.314    760.7    924.4
     1     1    17     8    18    10     0     0    -3.0   46.035 -119.278    753.8    924.1
     1     1    17     8    18     9     0     0    -4.0   45.889 -119.300    732.4    927.7
     1     1    17     8    18     8     0     0    -5.0   45.744 -119.339    727.4    927.9
     1     1    17     8    18     7     0     0    -6.0   45.669 -119.375    712.1    930.1
     1     1    17     8    18     6     0     0    -7.0   45.673 -119.411    704.7    930.9
     1     1    17     8    18     5     0     0    -8.0   45.688 -119.456    699.0    931.5
     1     1    17     8    18     4     0     0    -9.0   45.644 -119.472    697.0    932.0
     1     1    17     8    18     3     0     0   -10.0   45.583 -119.445    691.7    931.9
     1     1    17     8    18     2     0     0   -11.0   45.567 -119.447    682.1    935.0
     1     1    17     8    18     1     0     0   -12.0   45.558 -119.449    686.0    933.2
     1     1    17     8    18     0     0     0   -13.0   45.527 -119.411    687.1    932.0
     1     1    17     8    17    23     0     0   -14.0   45.485 -119.363    689.3    933.9
     1     1    17     8    17    22     0     0   -15.0   45.499 -119.376    700.0    931.4
     1     1    17     8    17    21     0     0   -16.0   45.519 -119.454    727.7    927.2
     1     1    17     8    17    20     0     0   -17.0   45.460 -119.488    705.5    928.5
     1     1    17     8    17    19     0     0   -18.0   45.384 -119.466    690.7    933.3
