     1     1
    SITE    10     3     1     0     0
     1 BACKWARD OMEGA   
    17     8    11     4   46.392 -119.412   700.0
     1 PRESSURE
     1     1    17     8    11     4     0     0     0.0   46.392 -119.412    700.0    931.4
     1     1    17     8    11     3     0     0    -1.0   46.375 -119.412    702.6    931.1
     1     1    17     8    11     2     0     0    -2.0   46.359 -119.390    713.7    930.0
     1     1    17     8    11     1     0     0    -3.0   46.310 -119.376    715.3    928.7
     1     1    17     8    11     0     0     0    -4.0   46.256 -119.375    714.1    929.7
     1     1    17     8    10    23     0     0    -5.0   46.217 -119.432    709.6    930.0
     1     1    17     8    10    22     0     0    -6.0   46.243 -119.496    705.8    930.5
     1     1    17     8    10    21     0     0    -7.0   46.268 -119.541    694.5    932.5
     1     1    17     8    10    20     0     0    -8.0   46.239 -119.585    695.8    931.6
     1     1    17     8    10    19     0     0    -9.0   46.215 -119.627    699.0    932.0
     1     1    17     8    10    18     0     0   -10.0   46.169 -119.646    715.3    930.8
     1     1    17     8    10    17     0     0   -11.0   46.131 -119.598    708.9    930.2
     1     1    17     8    10    16     0     0   -12.0   46.124 -119.500    698.7    933.0
     1     1    17     8    10    15     0     0   -13.0   46.127 -119.398    702.4    931.2
     1     1    17     8    10    14     0     0   -14.0   46.141 -119.298    700.3    931.1
     1     1    17     8    10    13     0     0   -15.0   46.138 -119.196    690.4    932.6
     1     1    17     8    10    12     0     0   -16.0   46.110 -119.122    689.6    932.8
     1     1    17     8    10    11     0     0   -17.0   46.066 -119.092    683.5    932.2
     1     1    17     8    10    10     0     0   -18.0   46.014 -119.077    681.8    935.2
     1     1    17     8    10     9     0     0   -19.0   45.963 -119.046    694.0    932.2
     1     1    17     8    10     8     0     0   -20.0   45.900 -119.004    699.2    930.0
     1     1    17     8    10     7     0     0   -21.0   45.833 -118.980    698.4    931.6
     1     1    17     8    10     6     0     0   -22.0   45.791 -118.957    697.9    931.5
     1     1    17     8    10     5     0     0   -23.0   45.770 -118.958    695.4    931.6
     1     1    17     8    10     4     0     0   -24.0   45.746 -118.977    692.5    932.5
     1     1    17     8    10     3     0     0   -25.0   45.702 -118.970    695.7    932.2
     1     1    17     8    10     2     0     0   -26.0   45.675 -118.994    702.1    931.4
     1     1    17     8    10     1     0     0   -27.0   45.670 -119.046    705.5    930.5
     1     1    17     8    10     0     0     0   -28.0   45.637 -119.074    705.2    930.7
     1     1    17     8     9    23     0     0   -29.0   45.606 -119.125    699.4    931.1
     1     1    17     8     9    22     0     0   -30.0   45.566 -119.160    688.1    932.7
     1     1    17     8     9    21     0     0   -31.0   45.521 -119.168    684.7    933.5
     1     1    17     8     9    20     0     0   -32.0   45.510 -119.222    686.4    932.9
     1     1    17     8     9    19     0     0   -33.0   45.472 -119.257    688.6    933.1
     1     1    17     8     9    18     0     0   -34.0   45.460 -119.208    687.1    933.1
     1     1    17     8     9    17     0     0   -35.0   45.510 -119.092    719.2    929.3
     1     1    17     8     9    16     0     0   -36.0   45.557 -118.965    762.8    923.4
     1     1    17     8     9    15     0     0   -37.0   45.566 -118.848    773.4    922.6
     1     1    17     8     9    14     0     0   -38.0   45.521 -118.785    755.1    925.3
     1     1    17     8     9    13     0     0   -39.0   45.444 -118.774    741.2    926.8
     1     1    17     8     9    12     0     0   -40.0   45.373 -118.733    775.1    923.4
