     1     1
    SITE    10     3     1     0     0
     1 BACKWARD OMEGA   
    17     8    22     1   46.392 -119.412   700.0
     1 PRESSURE
     1     1    17     8    22     1     0     0     0.0   46.392 -119.412    700.0    931.4
     1     1    17     8    22     0     0     0    -1.0   46.381 -119.421    708.3    930.4
     1     1    17     8    21    23     0     0    -2.0   46.358 -119.397    709.4    929.8
     1     1    17     8    21    22     0     0    -3.0   46.333 -119.390    706.9    930.8
     1     1    17     8    21    21     0     0    -4.0   46.346 -119.404    720.5    930.8
     1     1    17     8    21    20     0     0    -5.0   46.413 -119.458    754.2    925.3
     1     1    17     8    21    19     0     0    -6.0   46.492 -119.545    754.8    923.8
     1     1    17     8    21    18     0     0    -7.0   46.574 -119.613    757.6    925.9
     1     1    17     8    21    17     0     0    -8.0   46.610 -119.693    779.3    922.4
     1     1    17     8    21    16     0     0    -9.0   46.583 -119.720    780.1    922.2
     1     1    17     8    21    15     0     0   -10.0   46.559 -119.646    784.1    921.8
     1     1    17     8    21    14     0     0   -11.0   46.587 -119.570    781.2    922.5
     1     1    17     8    21    13     0     0   -12.0   46.652 -119.499    781.1    921.1
     1     1    17     8    21    12     0     0   -13.0   46.679 -119.397    766.9    923.3
     1     1    17     8    21    11     0     0   -14.0   46.724 -119.349    748.1    926.1
     1     1    17     8    21    10     0     0   -15.0   46.807 -119.347    743.0    926.6
     1     1    17     8    21     9     0     0   -16.0   46.828 -119.291    728.2    927.6
     1     1    17     8    21     8     0     0   -17.0   46.802 -119.236    714.6    931.6
     1     1    17     8    21     7     0     0   -18.0   46.772 -119.197    717.2    929.8
     1     1    17     8    21     6     0     0   -19.0   46.754 -119.155    717.0    928.7
     1     1    17     8    21     5     0     0   -20.0   46.742 -119.135    715.3    930.1
     1     1    17     8    21     4     0     0   -21.0   46.729 -119.118    712.2    929.5
     1     1    17     8    21     3     0     0   -22.0   46.716 -119.116    710.7    930.7
     1     1    17     8    21     2     0     0   -23.0   46.693 -119.150    710.5    929.9
     1     1    17     8    21     1     0     0   -24.0   46.664 -119.162    706.9    930.6
     1     1    17     8    21     0     0     0   -25.0   46.637 -119.189    708.4    930.8
     1     1    17     8    20    23     0     0   -26.0   46.659 -119.242    704.4    929.8
     1     1    17     8    20    22     0     0   -27.0   46.728 -119.275    713.8    929.6
     1     1    17     8    20    21     0     0   -28.0   46.749 -119.308    717.3    929.4
     1     1    17     8    20    20     0     0   -29.0   46.717 -119.341    713.3    929.0
     1     1    17     8    20    19     0     0   -30.0   46.668 -119.358    710.0    931.0
     1     1    17     8    20    18     0     0   -31.0   46.625 -119.303    693.3    930.0
     1     1    17     8    20    17     0     0   -32.0   46.591 -119.182    668.6    936.5
     1     1    17     8    20    16     0     0   -33.0   46.529 -119.096    675.6    933.7
     1     1    17     8    20    15     0     0   -34.0   46.442 -119.069    659.7    936.4
     1     1    17     8    20    14     0     0   -35.0   46.358 -119.054    661.8    936.6
     1     1    17     8    20    13     0     0   -36.0   46.297 -118.987    657.0    935.5
     1     1    17     8    20    12     0     0   -37.0   46.219 -118.948    660.2    936.3
     1     1    17     8    20    11     0     0   -38.0   46.118 -118.942    655.5    937.5
     1     1    17     8    20    10     0     0   -39.0   46.049 -118.947    670.6    934.9
     1     1    17     8    20     9     0     0   -40.0   45.994 -118.982    666.2    935.3
     1     1    17     8    20     8     0     0   -41.0   45.930 -119.012    644.0    937.5
     1     1    17     8    20     7     0     0   -42.0   45.864 -119.005    617.8    942.5
     1     1    17     8    20     6     0     0   -43.0   45.782 -118.947    627.3    940.7
     1     1    17     8    20     5     0     0   -44.0   45.691 -118.919    631.7    938.0
     1     1    17     8    20     4     0     0   -45.0   45.610 -118.921    611.0    942.1
     1     1    17     8    20     3     0     0   -46.0   45.540 -118.918    607.8    942.7
     1     1    17     8    20     2     0     0   -47.0   45.499 -118.879    626.3    940.1
     1     1    17     8    20     1     0     0   -48.0   45.475 -118.836    628.7    938.3
     1     1    17     8    20     0     0     0   -49.0   45.435 -118.792    631.6    940.8
     1     1    17     8    19    23     0     0   -50.0   45.402 -118.795    634.1    938.0
     1     1    17     8    19    22     0     0   -51.0   45.405 -118.876    640.1    940.2
     1     1    17     8    19    21     0     0   -52.0   45.390 -118.907    647.7    936.0
