     1     1
    SITE    10     3     1     0     0
     1 BACKWARD OMEGA   
    17     8     9    17   46.392 -119.412   700.0
     1 PRESSURE
     1     1    17     8     9    17     0     0     0.0   46.392 -119.412    700.0    931.4
     1     1    17     8     9    16     0     0    -1.0   46.438 -119.282    661.2    936.0
     1     1    17     8     9    15     0     0    -2.0   46.451 -119.167    650.1    937.6
     1     1    17     8     9    14     0     0    -3.0   46.405 -119.103    648.2    937.2
     1     1    17     8     9    13     0     0    -4.0   46.330 -119.092    644.1    938.6
     1     1    17     8     9    12     0     0    -5.0   46.258 -119.048    630.1    939.1
     1     1    17     8     9    11     0     0    -6.0   46.199 -119.002    604.4    942.9
     1     1    17     8     9    10     0     0    -7.0   46.151 -118.978    598.4    943.4
     1     1    17     8     9     9     0     0    -8.0   46.104 -118.955    597.5    943.5
     1     1    17     8     9     8     0     0    -9.0   46.048 -118.943    592.9    942.7
     1     1    17     8     9     7     0     0   -10.0   45.984 -118.921    591.0    945.0
     1     1    17     8     9     6     0     0   -11.0   45.940 -118.898    589.8    942.9
     1     1    17     8     9     5     0     0   -12.0   45.921 -118.914    584.2    945.1
     1     1    17     8     9     4     0     0   -13.0   45.899 -118.942    579.9    944.4
     1     1    17     8     9     3     0     0   -14.0   45.871 -118.973    571.5    946.3
     1     1    17     8     9     2     0     0   -15.0   45.863 -119.020    565.4    946.6
     1     1    17     8     9     1     0     0   -16.0   45.845 -119.046    569.4    947.2
     1     1    17     8     9     0     0     0   -17.0   45.822 -119.087    579.7    944.3
     1     1    17     8     8    23     0     0   -18.0   45.810 -119.144    584.5    944.7
     1     1    17     8     8    22     0     0   -19.0   45.783 -119.196    579.4    943.4
     1     1    17     8     8    21     0     0   -20.0   45.759 -119.237    571.6    947.2
     1     1    17     8     8    20     0     0   -21.0   45.744 -119.266    579.2    945.2
     1     1    17     8     8    19     0     0   -22.0   45.717 -119.307    595.9    944.2
     1     1    17     8     8    18     0     0   -23.0   45.686 -119.292    604.2    940.6
     1     1    17     8     8    17     0     0   -24.0   45.681 -119.214    593.9    943.1
     1     1    17     8     8    16     0     0   -25.0   45.676 -119.123    591.9    944.7
     1     1    17     8     8    15     0     0   -26.0   45.660 -119.008    602.1    943.3
     1     1    17     8     8    14     0     0   -27.0   45.630 -118.887    627.7    940.4
     1     1    17     8     8    13     0     0   -28.0   45.565 -118.788    656.2    936.9
     1     1    17     8     8    12     0     0   -29.0   45.485 -118.715    664.7    934.4
     1     1    17     8     8    11     0     0   -30.0   45.419 -118.667    654.4    937.2
