     1     1
    SITE    10     3     1     0     0
     1 BACKWARD OMEGA   
    17     8     4     7   46.392 -119.412   700.0
     1 PRESSURE
     1     1    17     8     4     7     0     0     0.0   46.392 -119.412    700.0    931.4
     1     1    17     8     4     6     0     0    -1.0   46.399 -119.450    702.5    931.1
     1     1    17     8     4     5     0     0    -2.0   46.381 -119.505    718.8    930.2
     1     1    17     8     4     4     0     0    -3.0   46.320 -119.500    743.2    925.3
     1     1    17     8     4     3     0     0    -4.0   46.273 -119.430    734.3    927.2
     1     1    17     8     4     2     0     0    -5.0   46.240 -119.413    730.1    929.5
     1     1    17     8     4     1     0     0    -6.0   46.189 -119.410    733.9    926.8
     1     1    17     8     4     0     0     0    -7.0   46.135 -119.383    736.3    929.3
     1     1    17     8     3    23     0     0    -8.0   46.105 -119.352    744.3    925.0
     1     1    17     8     3    22     0     0    -9.0   46.096 -119.293    736.1    926.9
     1     1    17     8     3    21     0     0   -10.0   46.057 -119.250    725.2    928.5
     1     1    17     8     3    20     0     0   -11.0   45.982 -119.259    715.7    929.4
     1     1    17     8     3    19     0     0   -12.0   45.914 -119.288    712.6    930.2
     1     1    17     8     3    18     0     0   -13.0   45.845 -119.299    720.0    929.3
     1     1    17     8     3    17     0     0   -14.0   45.757 -119.242    710.8    929.1
     1     1    17     8     3    16     0     0   -15.0   45.679 -119.126    704.8    930.1
     1     1    17     8     3    15     0     0   -16.0   45.635 -118.989    689.9    932.8
     1     1    17     8     3    14     0     0   -17.0   45.589 -118.869    688.6    932.4
     1     1    17     8     3    13     0     0   -18.0   45.527 -118.846    689.9    932.8
     1     1    17     8     3    12     0     0   -19.0   45.484 -118.937    688.2    932.0
     1     1    17     8     3    11     0     0   -20.0   45.526 -119.014    712.9    930.4
     1     1    17     8     3    10     0     0   -21.0   45.623 -119.050    705.4    931.5
     1     1    17     8     3     9     0     0   -22.0   45.660 -119.127    694.6    931.3
     1     1    17     8     3     8     0     0   -23.0   45.641 -119.173    682.7    933.9
     1     1    17     8     3     7     0     0   -24.0   45.608 -119.171    683.3    933.1
     1     1    17     8     3     6     0     0   -25.0   45.574 -119.177    687.2    933.5
     1     1    17     8     3     5     0     0   -26.0   45.541 -119.202    688.2    931.8
     1     1    17     8     3     4     0     0   -27.0   45.528 -119.248    685.3    933.3
     1     1    17     8     3     3     0     0   -28.0   45.532 -119.308    686.3    933.2
     1     1    17     8     3     2     0     0   -29.0   45.538 -119.377    692.4    933.0
     1     1    17     8     3     1     0     0   -30.0   45.545 -119.439    704.5    930.8
     1     1    17     8     3     0     0     0   -31.0   45.534 -119.490    718.2    929.6
     1     1    17     8     2    23     0     0   -32.0   45.524 -119.542    719.8    927.6
     1     1    17     8     2    22     0     0   -33.0   45.542 -119.600    710.7    930.0
     1     1    17     8     2    21     0     0   -34.0   45.560 -119.670    695.4    931.4
     1     1    17     8     2    20     0     0   -35.0   45.589 -119.748    701.6    933.7
     1     1    17     8     2    19     0     0   -36.0   45.653 -119.809    721.2    927.6
     1     1    17     8     2    18     0     0   -37.0   45.685 -119.924    713.2    929.7
     1     1    17     8     2    17     0     0   -38.0   45.614 -120.012    727.7    928.2
     1     1    17     8     2    16     0     0   -39.0   45.603 -119.984    716.2    929.4
     1     1    17     8     2    15     0     0   -40.0   45.600 -119.964    694.7    932.6
     1     1    17     8     2    14     0     0   -41.0   45.464 -119.963    684.0    932.2
