     1     1
    SITE    10     3     1     0     0
     1 BACKWARD OMEGA   
    17     8     4     9   46.392 -119.412   700.0
     1 PRESSURE
     1     1    17     8     4     9     0     0     0.0   46.392 -119.412    700.0    931.4
     1     1    17     8     4     8     0     0    -1.0   46.419 -119.497    697.1    931.8
     1     1    17     8     4     7     0     0    -2.0   46.421 -119.545    695.7    931.8
     1     1    17     8     4     6     0     0    -3.0   46.428 -119.584    696.4    932.3
     1     1    17     8     4     5     0     0    -4.0   46.410 -119.638    697.2    931.4
     1     1    17     8     4     4     0     0    -5.0   46.348 -119.634    690.0    933.9
     1     1    17     8     4     3     0     0    -6.0   46.303 -119.564    696.4    931.5
     1     1    17     8     4     2     0     0    -7.0   46.271 -119.548    686.9    932.2
     1     1    17     8     4     1     0     0    -8.0   46.219 -119.544    683.3    935.8
     1     1    17     8     4     0     0     0    -9.0   46.164 -119.512    694.2    930.3
     1     1    17     8     3    23     0     0   -10.0   46.134 -119.479    691.1    932.7
     1     1    17     8     3    22     0     0   -11.0   46.127 -119.421    687.3    932.4
     1     1    17     8     3    21     0     0   -12.0   46.089 -119.377    674.8    935.0
     1     1    17     8     3    20     0     0   -13.0   46.014 -119.385    677.9    934.0
     1     1    17     8     3    19     0     0   -14.0   45.946 -119.415    677.2    933.9
     1     1    17     8     3    18     0     0   -15.0   45.879 -119.426    661.4    936.3
     1     1    17     8     3    17     0     0   -16.0   45.791 -119.372    674.4    934.3
     1     1    17     8     3    16     0     0   -17.0   45.713 -119.256    688.3    933.7
     1     1    17     8     3    15     0     0   -18.0   45.669 -119.120    693.3    931.8
     1     1    17     8     3    14     0     0   -19.0   45.622 -119.002    668.7    934.9
     1     1    17     8     3    13     0     0   -20.0   45.561 -118.977    649.8    937.6
     1     1    17     8     3    12     0     0   -21.0   45.520 -119.066    659.5    938.1
     1     1    17     8     3    11     0     0   -22.0   45.562 -119.138    665.5    934.4
     1     1    17     8     3    10     0     0   -23.0   45.659 -119.175    669.1    935.3
     1     1    17     8     3     9     0     0   -24.0   45.696 -119.253    683.7    933.4
     1     1    17     8     3     8     0     0   -25.0   45.676 -119.297    696.3    931.5
     1     1    17     8     3     7     0     0   -26.0   45.643 -119.294    706.1    931.2
     1     1    17     8     3     6     0     0   -27.0   45.608 -119.300    715.2    929.4
     1     1    17     8     3     5     0     0   -28.0   45.575 -119.325    725.2    928.8
     1     1    17     8     3     4     0     0   -29.0   45.561 -119.371    734.4    926.8
     1     1    17     8     3     3     0     0   -30.0   45.565 -119.431    725.8    927.2
     1     1    17     8     3     2     0     0   -31.0   45.572 -119.500    710.1    930.3
     1     1    17     8     3     1     0     0   -32.0   45.579 -119.561    713.8    931.9
     1     1    17     8     3     0     0     0   -33.0   45.569 -119.613    729.9    927.2
     1     1    17     8     2    23     0     0   -34.0   45.559 -119.664    727.2    926.8
     1     1    17     8     2    22     0     0   -35.0   45.577 -119.722    725.3    930.1
     1     1    17     8     2    21     0     0   -36.0   45.595 -119.793    731.3    926.6
     1     1    17     8     2    20     0     0   -37.0   45.623 -119.871    731.4    927.6
     1     1    17     8     2    19     0     0   -38.0   45.685 -119.933    749.9    926.8
     1     1    17     8     2    18     0     0   -39.0   45.716 -120.050    765.8    924.1
     1     1    17     8     2    17     0     0   -40.0   45.645 -120.136    788.0    921.1
     1     1    17     8     2    16     0     0   -41.0   45.638 -120.111    790.4    920.3
     1     1    17     8     2    15     0     0   -42.0   45.636 -120.091    782.4    922.0
     1     1    17     8     2    14     0     0   -43.0   45.499 -120.094    768.4    924.7
