     1     1
    SITE    10     3     1     0     0
     1 BACKWARD OMEGA   
    17     8    19    21   46.392 -119.412   700.0
     1 PRESSURE
     1     1    17     8    19    21     0     0     0.0   46.392 -119.412    700.0    931.4
     1     1    17     8    19    20     0     0    -1.0   46.351 -119.449    679.3    933.9
     1     1    17     8    19    19     0     0    -2.0   46.308 -119.490    677.0    935.7
     1     1    17     8    19    18     0     0    -3.0   46.226 -119.452    676.0    932.9
     1     1    17     8    19    17     0     0    -4.0   46.126 -119.388    671.8    934.9
     1     1    17     8    19    16     0     0    -5.0   46.030 -119.338    678.2    934.7
     1     1    17     8    19    15     0     0    -6.0   45.928 -119.291    688.8    932.9
     1     1    17     8    19    14     0     0    -7.0   45.852 -119.201    692.7    932.3
     1     1    17     8    19    13     0     0    -8.0   45.785 -119.107    685.4    933.3
     1     1    17     8    19    12     0     0    -9.0   45.774 -119.104    690.5    932.3
     1     1    17     8    19    11     0     0   -10.0   45.840 -119.175    685.5    932.5
     1     1    17     8    19    10     0     0   -11.0   45.911 -119.241    684.4    933.8
     1     1    17     8    19     9     0     0   -12.0   45.988 -119.302    683.2    932.8
     1     1    17     8    19     8     0     0   -13.0   46.046 -119.396    674.2    935.4
     1     1    17     8    19     7     0     0   -14.0   46.039 -119.467    675.0    934.2
     1     1    17     8    19     6     0     0   -15.0   45.981 -119.489    670.2    935.9
     1     1    17     8    19     5     0     0   -16.0   45.913 -119.516    661.7    934.7
     1     1    17     8    19     4     0     0   -17.0   45.843 -119.537    651.5    937.1
     1     1    17     8    19     3     0     0   -18.0   45.769 -119.537    659.4    936.4
     1     1    17     8    19     2     0     0   -19.0   45.704 -119.562    668.8    935.6
     1     1    17     8    19     1     0     0   -20.0   45.660 -119.575    678.1    933.7
     1     1    17     8    19     0     0     0   -21.0   45.606 -119.593    665.2    934.0
     1     1    17     8    18    23     0     0   -22.0   45.596 -119.746    666.1    935.5
     1     1    17     8    18    22     0     0   -23.0   45.719 -119.965    701.6    929.9
     1     1    17     8    18    21     0     0   -24.0   45.918 -120.151    674.1    934.2
     1     1    17     8    18    20     0     0   -25.0   46.106 -120.378    666.9    935.0
     1     1    17     8    18    19     0     0   -26.0   46.278 -120.599    655.2    938.4
     1     1    17     8    18    18     0     0   -27.0   46.463 -120.802    664.6    936.9
