     1     1
    SITE    10     3     1     0     0
     1 BACKWARD OMEGA   
    17     8    20    10   46.392 -119.412   700.0
     1 PRESSURE
     1     1    17     8    20    10     0     0     0.0   46.392 -119.412    700.0    931.4
     1     1    17     8    20     9     0     0    -1.0   46.337 -119.448    692.8    932.3
     1     1    17     8    20     8     0     0    -2.0   46.274 -119.477    692.9    932.2
     1     1    17     8    20     7     0     0    -3.0   46.209 -119.470    708.5    932.3
     1     1    17     8    20     6     0     0    -4.0   46.126 -119.415    712.6    929.7
     1     1    17     8    20     5     0     0    -5.0   46.035 -119.392    686.9    932.2
     1     1    17     8    20     4     0     0    -6.0   45.954 -119.397    682.3    934.9
     1     1    17     8    20     3     0     0    -7.0   45.883 -119.395    702.9    930.6
     1     1    17     8    20     2     0     0    -8.0   45.843 -119.358    717.8    929.6
     1     1    17     8    20     1     0     0    -9.0   45.819 -119.316    723.5    926.3
     1     1    17     8    20     0     0     0   -10.0   45.778 -119.272    729.4    929.2
     1     1    17     8    19    23     0     0   -11.0   45.747 -119.275    741.5    926.6
     1     1    17     8    19    22     0     0   -12.0   45.752 -119.354    729.2    927.8
     1     1    17     8    19    21     0     0   -13.0   45.738 -119.384    725.3    929.7
     1     1    17     8    19    20     0     0   -14.0   45.696 -119.419    737.6    926.4
     1     1    17     8    19    19     0     0   -15.0   45.651 -119.461    724.9    926.3
     1     1    17     8    19    18     0     0   -16.0   45.566 -119.425    722.7    930.5
     1     1    17     8    19    17     0     0   -17.0   45.465 -119.362    708.2    929.7
     1     1    17     8    19    16     0     0   -18.0   45.366 -119.312    704.7    931.7
