     1     1
    SITE    10     3     1     0     0
     1 BACKWARD OMEGA   
    17     8    24     5   46.392 -119.412   700.0
     1 PRESSURE
     1     1    17     8    24     5     0     0     0.0   46.392 -119.412    700.0    931.4
     1     1    17     8    24     4     0     0    -1.0   46.387 -119.406    705.4    930.8
     1     1    17     8    24     3     0     0    -2.0   46.371 -119.428    702.4    928.5
     1     1    17     8    24     2     0     0    -3.0   46.305 -119.425    685.8    933.3
     1     1    17     8    24     1     0     0    -4.0   46.242 -119.385    671.7    934.0
     1     1    17     8    24     0     0     0    -5.0   46.195 -119.378    657.1    937.1
     1     1    17     8    23    23     0     0    -6.0   46.173 -119.409    655.7    936.4
     1     1    17     8    23    22     0     0    -7.0   46.147 -119.425    656.9    937.1
     1     1    17     8    23    21     0     0    -8.0   46.160 -119.471    659.7    935.7
     1     1    17     8    23    20     0     0    -9.0   46.157 -119.511    670.4    936.1
     1     1    17     8    23    19     0     0   -10.0   46.090 -119.471    684.9    932.6
     1     1    17     8    23    18     0     0   -11.0   46.019 -119.385    687.6    932.9
     1     1    17     8    23    17     0     0   -12.0   45.935 -119.317    685.8    932.6
     1     1    17     8    23    16     0     0   -13.0   45.837 -119.276    680.1    934.4
     1     1    17     8    23    15     0     0   -14.0   45.717 -119.226    691.8    932.4
     1     1    17     8    23    14     0     0   -15.0   45.589 -119.123    695.6    930.1
     1     1    17     8    23    13     0     0   -16.0   45.461 -119.011    677.7    933.9
