     1     1
    SITE    10     3     1     0     0
     1 BACKWARD OMEGA   
    17     8    17    13   46.392 -119.412   700.0
     1 PRESSURE
     1     1    17     8    17    13     0     0     0.0   46.392 -119.412    700.0    931.4
     1     1    17     8    17    12     0     0    -1.0   46.293 -119.352    698.3    931.6
     1     1    17     8    17    11     0     0    -2.0   46.209 -119.272    686.2    933.1
     1     1    17     8    17    10     0     0    -3.0   46.123 -119.205    679.5    933.1
     1     1    17     8    17     9     0     0    -4.0   46.021 -119.167    658.6    937.0
     1     1    17     8    17     8     0     0    -5.0   45.901 -119.158    632.5    939.2
     1     1    17     8    17     7     0     0    -6.0   45.783 -119.171    630.0    940.0
     1     1    17     8    17     6     0     0    -7.0   45.698 -119.149    624.5    939.8
     1     1    17     8    17     5     0     0    -8.0   45.650 -119.129    603.4    942.9
     1     1    17     8    17     4     0     0    -9.0   45.603 -119.145    592.0    943.8
     1     1    17     8    17     3     0     0   -10.0   45.559 -119.187    582.4    945.3
     1     1    17     8    17     2     0     0   -11.0   45.526 -119.220    579.1    945.7
     1     1    17     8    17     1     0     0   -12.0   45.477 -119.244    567.4    945.3
     1     1    17     8    17     0     0     0   -13.0   45.420 -119.229    554.8    948.3
     1     1    17     8    16    23     0     0   -14.0   45.440 -119.296    536.1    947.8
     1     1    17     8    16    22     0     0   -15.0   45.531 -119.487    569.4    945.6
     1     1    17     8    16    21     0     0   -16.0   45.664 -119.674    595.8    943.6
     1     1    17     8    16    20     0     0   -17.0   45.864 -119.910    609.4    942.1
     1     1    17     8    16    19     0     0   -18.0   46.084 -120.154    616.0    942.0
     1     1    17     8    16    18     0     0   -19.0   46.272 -120.374    650.6    938.3
     1     1    17     8    16    17     0     0   -20.0   46.302 -120.559    682.7    933.2
     1     1    17     8    16    16     0     0   -21.0   46.166 -120.664    687.4    931.9
     1     1    17     8    16    15     0     0   -22.0   46.017 -120.701    698.6    931.8
     1     1    17     8    16    14     0     0   -23.0   45.887 -120.718    732.8    927.5
     1     1    17     8    16    13     0     0   -24.0   45.759 -120.726    747.7    924.8
     1     1    17     8    16    12     0     0   -25.0   45.625 -120.742    726.0    928.5
     1     1    17     8    16    11     0     0   -26.0   45.473 -120.777    712.1    929.1
