     1     1
    SITE    10     3     1     0     0
     1 BACKWARD OMEGA   
    17     8    25     4   46.392 -119.412   700.0
     1 PRESSURE
     1     1    17     8    25     4     0     0     0.0   46.392 -119.412    700.0    931.4
     1     1    17     8    25     3     0     0    -1.0   46.391 -119.412    704.3    930.9
     1     1    17     8    25     2     0     0    -2.0   46.386 -119.437    701.6    931.8
     1     1    17     8    25     1     0     0    -3.0   46.355 -119.461    698.6    930.9
     1     1    17     8    25     0     0     0    -4.0   46.303 -119.461    685.9    932.6
     1     1    17     8    24    23     0     0    -5.0   46.234 -119.446    674.0    934.7
     1     1    17     8    24    22     0     0    -6.0   46.196 -119.507    683.2    934.0
     1     1    17     8    24    21     0     0    -7.0   46.255 -119.667    708.4    930.1
     1     1    17     8    24    20     0     0    -8.0   46.444 -119.891    738.1    925.9
     1     1    17     8    24    19     0     0    -9.0   46.687 -120.145    741.9    927.1
     1     1    17     8    24    18     0     0   -10.0   46.925 -120.418    785.2    922.2
     1     1    17     8    24    17     0     0   -11.0   47.169 -120.697    830.3    915.8
