     1     1
    SITE    10     3     1     0     0
     1 BACKWARD OMEGA   
    17     8     7     2   46.392 -119.412   700.0
     1 PRESSURE
     1     1    17     8     7     2     0     0     0.0   46.392 -119.412    700.0    931.4
     1     1    17     8     7     1     0     0    -1.0   46.371 -119.423    693.5    932.2
     1     1    17     8     7     0     0     0    -2.0   46.330 -119.434    698.8    932.2
     1     1    17     8     6    23     0     0    -3.0   46.292 -119.457    698.3    931.3
     1     1    17     8     6    22     0     0    -4.0   46.268 -119.472    697.6    931.9
     1     1    17     8     6    21     0     0    -5.0   46.266 -119.495    698.0    931.8
     1     1    17     8     6    20     0     0    -6.0   46.270 -119.519    700.9    931.3
     1     1    17     8     6    19     0     0    -7.0   46.281 -119.555    698.6    931.2
     1     1    17     8     6    18     0     0    -8.0   46.327 -119.593    711.8    931.2
     1     1    17     8     6    17     0     0    -9.0   46.343 -119.643    718.3    927.7
     1     1    17     8     6    16     0     0   -10.0   46.324 -119.634    714.5    929.2
     1     1    17     8     6    15     0     0   -11.0   46.349 -119.555    729.3    928.4
     1     1    17     8     6    14     0     0   -12.0   46.413 -119.497    731.5    927.1
     1     1    17     8     6    13     0     0   -13.0   46.471 -119.451    737.4    927.9
     1     1    17     8     6    12     0     0   -14.0   46.489 -119.383    733.9    925.9
     1     1    17     8     6    11     0     0   -15.0   46.512 -119.320    745.5    928.4
     1     1    17     8     6    10     0     0   -16.0   46.563 -119.280    768.5    923.4
     1     1    17     8     6     9     0     0   -17.0   46.565 -119.248    774.6    921.1
     1     1    17     8     6     8     0     0   -18.0   46.523 -119.239    764.4    924.7
     1     1    17     8     6     7     0     0   -19.0   46.488 -119.245    762.4    924.6
     1     1    17     8     6     6     0     0   -20.0   46.457 -119.256    766.9    924.2
     1     1    17     8     6     5     0     0   -21.0   46.419 -119.243    771.0    923.0
     1     1    17     8     6     4     0     0   -22.0   46.385 -119.221    768.8    922.9
     1     1    17     8     6     3     0     0   -23.0   46.358 -119.232    768.9    924.4
     1     1    17     8     6     2     0     0   -24.0   46.327 -119.231    772.0    922.8
     1     1    17     8     6     1     0     0   -25.0   46.288 -119.232    770.9    923.5
     1     1    17     8     6     0     0     0   -26.0   46.258 -119.268    767.4    923.5
     1     1    17     8     5    23     0     0   -27.0   46.271 -119.309    776.1    923.9
     1     1    17     8     5    22     0     0   -28.0   46.278 -119.346    791.8    920.0
     1     1    17     8     5    21     0     0   -29.0   46.248 -119.378    790.8    920.7
     1     1    17     8     5    20     0     0   -30.0   46.203 -119.417    809.4    921.7
     1     1    17     8     5    19     0     0   -31.0   46.147 -119.459    836.2    914.2
     1     1    17     8     5    18     0     0   -32.0   46.087 -119.479    842.1    915.2
     1     1    17     8     5    17     0     0   -33.0   46.004 -119.466    866.4    914.9
     1     1    17     8     5    16     0     0   -34.0   45.921 -119.400    895.0    909.4
     1     1    17     8     5    15     0     0   -35.0   45.884 -119.296    898.8    909.3
     1     1    17     8     5    14     0     0   -36.0   45.897 -119.281    885.7    910.7
     1     1    17     8     5    13     0     0   -37.0   45.901 -119.268    888.1    913.9
     1     1    17     8     5    12     0     0   -38.0   45.883 -119.151    900.3    909.4
     1     1    17     8     5    11     0     0   -39.0   45.821 -119.088    894.5    909.8
     1     1    17     8     5    10     0     0   -40.0   45.720 -119.091    894.1    910.1
     1     1    17     8     5     9     0     0   -41.0   45.644 -119.092    897.8    909.8
     1     1    17     8     5     8     0     0   -42.0   45.610 -119.108    897.8    909.7
     1     1    17     8     5     7     0     0   -43.0   45.584 -119.119    904.5    909.9
     1     1    17     8     5     6     0     0   -44.0   45.555 -119.089    911.8    908.3
     1     1    17     8     5     5     0     0   -45.0   45.548 -119.083    918.3    907.5
     1     1    17     8     5     4     0     0   -46.0   45.522 -119.091    930.9    907.3
     1     1    17     8     5     3     0     0   -47.0   45.462 -119.064    947.4    904.1
     1     1    17     8     5     2     0     0   -48.0   45.386 -119.038    961.9    902.6
