     1     1
    SITE    10     3     1     0     0
     1 BACKWARD OMEGA   
    17     8     1    20   46.392 -119.412   700.0
     1 PRESSURE
     1     1    17     8     1    20     0     0     0.0   46.392 -119.412    700.0    931.4
     1     1    17     8     1    19     0     0    -1.0   46.388 -119.460    706.4    930.7
     1     1    17     8     1    18     0     0    -2.0   46.409 -119.430    728.8    928.3
     1     1    17     8     1    17     0     0    -3.0   46.485 -119.310    751.6    927.7
     1     1    17     8     1    16     0     0    -4.0   46.503 -119.183    774.8    922.5
     1     1    17     8     1    15     0     0    -5.0   46.473 -119.176    784.6    922.2
     1     1    17     8     1    14     0     0    -6.0   46.449 -119.175    794.2    920.7
     1     1    17     8     1    13     0     0    -7.0   46.382 -119.126    790.2    921.6
     1     1    17     8     1    12     0     0    -8.0   46.319 -119.201    800.5    919.8
     1     1    17     8     1    11     0     0    -9.0   46.352 -119.285    823.6    917.5
     1     1    17     8     1    10     0     0   -10.0   46.439 -119.309    820.2    918.0
     1     1    17     8     1     9     0     0   -11.0   46.459 -119.325    816.6    918.4
     1     1    17     8     1     8     0     0   -12.0   46.412 -119.317    815.4    918.1
     1     1    17     8     1     7     0     0   -13.0   46.366 -119.285    809.0    918.6
     1     1    17     8     1     6     0     0   -14.0   46.313 -119.262    794.3    920.2
     1     1    17     8     1     5     0     0   -15.0   46.259 -119.245    779.9    922.9
     1     1    17     8     1     4     0     0   -16.0   46.217 -119.238    771.7    923.4
     1     1    17     8     1     3     0     0   -17.0   46.180 -119.241    764.9    924.0
     1     1    17     8     1     2     0     0   -18.0   46.150 -119.225    757.3    924.7
     1     1    17     8     1     1     0     0   -19.0   46.118 -119.202    751.6    925.9
     1     1    17     8     1     0     0     0   -20.0   46.073 -119.203    744.9    925.9
     1     1    17     7    31    23     0     0   -21.0   46.069 -119.228    750.9    927.3
     1     1    17     7    31    22     0     0   -22.0   46.083 -119.299    750.9    925.7
     1     1    17     7    31    21     0     0   -23.0   46.082 -119.362    746.8    926.2
     1     1    17     7    31    20     0     0   -24.0   46.096 -119.396    745.6    926.2
     1     1    17     7    31    19     0     0   -25.0   46.084 -119.410    743.3    926.1
     1     1    17     7    31    18     0     0   -26.0   46.022 -119.369    768.6    926.5
     1     1    17     7    31    17     0     0   -27.0   45.943 -119.292    774.5    922.6
     1     1    17     7    31    16     0     0   -28.0   45.858 -119.245    753.4    925.7
     1     1    17     7    31    15     0     0   -29.0   45.768 -119.207    741.4    926.0
     1     1    17     7    31    14     0     0   -30.0   45.663 -119.153    725.9    927.5
     1     1    17     7    31    13     0     0   -31.0   45.549 -119.121    732.4    927.7
     1     1    17     7    31    12     0     0   -32.0   45.452 -119.111    732.9    927.1
     1     1    17     7    31    11     0     0   -33.0   45.365 -119.081    709.3    930.3
