     1     1
    SITE    10     3     1     0     0
     1 BACKWARD OMEGA   
    17     8     9     4   46.392 -119.412   700.0
     1 PRESSURE
     1     1    17     8     9     4     0     0     0.0   46.392 -119.412    700.0    931.4
     1     1    17     8     9     3     0     0    -1.0   46.364 -119.443    707.0    930.6
     1     1    17     8     9     2     0     0    -2.0   46.356 -119.491    709.2    930.0
     1     1    17     8     9     1     0     0    -3.0   46.337 -119.517    709.6    930.0
     1     1    17     8     9     0     0     0    -4.0   46.314 -119.560    704.2    931.0
     1     1    17     8     8    23     0     0    -5.0   46.304 -119.618    701.1    931.5
     1     1    17     8     8    22     0     0    -6.0   46.278 -119.672    691.7    931.8
     1     1    17     8     8    21     0     0    -7.0   46.254 -119.714    689.8    933.6
     1     1    17     8     8    20     0     0    -8.0   46.238 -119.743    694.8    932.0
     1     1    17     8     8    19     0     0    -9.0   46.211 -119.781    703.3    931.5
     1     1    17     8     8    18     0     0   -10.0   46.179 -119.764    716.3    929.2
     1     1    17     8     8    17     0     0   -11.0   46.174 -119.684    730.9    928.5
     1     1    17     8     8    16     0     0   -12.0   46.170 -119.594    734.5    926.3
     1     1    17     8     8    15     0     0   -13.0   46.158 -119.481    718.8    927.6
     1     1    17     8     8    14     0     0   -14.0   46.131 -119.360    711.1    930.0
     1     1    17     8     8    13     0     0   -15.0   46.068 -119.261    705.4    931.0
     1     1    17     8     8    12     0     0   -16.0   45.985 -119.192    703.7    930.9
     1     1    17     8     8    11     0     0   -17.0   45.919 -119.144    693.1    932.6
     1     1    17     8     8    10     0     0   -18.0   45.869 -119.131    694.6    932.3
     1     1    17     8     8     9     0     0   -19.0   45.832 -119.159    702.2    930.6
     1     1    17     8     8     8     0     0   -20.0   45.801 -119.159    703.4    931.0
     1     1    17     8     8     7     0     0   -21.0   45.761 -119.111    692.6    930.7
     1     1    17     8     8     6     0     0   -22.0   45.723 -119.088    680.0    935.2
     1     1    17     8     8     5     0     0   -23.0   45.711 -119.110    687.7    933.4
     1     1    17     8     8     4     0     0   -24.0   45.703 -119.104    700.2    931.7
     1     1    17     8     8     3     0     0   -25.0   45.667 -119.064    700.1    929.6
     1     1    17     8     8     2     0     0   -26.0   45.629 -119.045    693.0    932.9
     1     1    17     8     8     1     0     0   -27.0   45.612 -119.015    693.3    932.5
     1     1    17     8     8     0     0     0   -28.0   45.581 -119.007    696.6    931.6
     1     1    17     8     7    23     0     0   -29.0   45.533 -119.034    704.7    930.5
     1     1    17     8     7    22     0     0   -30.0   45.549 -119.049    720.3    930.1
     1     1    17     8     7    21     0     0   -31.0   45.568 -119.089    718.0    929.4
     1     1    17     8     7    20     0     0   -32.0   45.526 -119.134    718.4    930.1
     1     1    17     8     7    19     0     0   -33.0   45.473 -119.161    714.7    928.8
     1     1    17     8     7    18     0     0   -34.0   45.418 -119.163    713.0    931.1
     1     1    17     8     7    17     0     0   -35.0   45.353 -119.143    728.4    928.5
