     1     1
    SITE    10     3     1     0     0
     1 BACKWARD OMEGA   
    17     8    14    20   46.392 -119.412   700.0
     1 PRESSURE
     1     1    17     8    14    20     0     0     0.0   46.392 -119.412    700.0    931.4
     1     1    17     8    14    19     0     0    -1.0   46.324 -119.372    709.8    930.2
     1     1    17     8    14    18     0     0    -2.0   46.265 -119.276    698.9    931.9
     1     1    17     8    14    17     0     0    -3.0   46.211 -119.162    715.1    930.9
     1     1    17     8    14    16     0     0    -4.0   46.144 -119.086    735.6    926.7
     1     1    17     8    14    15     0     0    -5.0   46.058 -119.038    718.0    928.9
     1     1    17     8    14    14     0     0    -6.0   45.962 -118.978    718.1    930.8
     1     1    17     8    14    13     0     0    -7.0   45.865 -118.936    740.1    926.3
     1     1    17     8    14    12     0     0    -8.0   45.760 -118.897    714.0    928.4
     1     1    17     8    14    11     0     0    -9.0   45.658 -118.835    678.4    933.8
     1     1    17     8    14    10     0     0   -10.0   45.556 -118.774    667.9    935.6
     1     1    17     8    14     9     0     0   -11.0   45.453 -118.736    676.7    934.1
     1     1    17     8    14     8     0     0   -12.0   45.348 -118.756    679.9    933.5
