     1     1
    SITE    10     3     1     0     0
     1 BACKWARD OMEGA   
    17     8    24    10   46.392 -119.412   700.0
     1 PRESSURE
     1     1    17     8    24    10     0     0     0.0   46.392 -119.412    700.0    931.4
     1     1    17     8    24     9     0     0    -1.0   46.288 -119.400    693.7    932.2
     1     1    17     8    24     8     0     0    -2.0   46.206 -119.425    691.5    932.1
     1     1    17     8    24     7     0     0    -3.0   46.159 -119.520    695.6    932.1
     1     1    17     8    24     6     0     0    -4.0   46.125 -119.573    703.2    930.7
     1     1    17     8    24     5     0     0    -5.0   46.071 -119.559    711.3    931.0
     1     1    17     8    24     4     0     0    -6.0   46.067 -119.552    712.9    928.2
     1     1    17     8    24     3     0     0    -7.0   46.051 -119.575    715.0    930.2
     1     1    17     8    24     2     0     0    -8.0   45.986 -119.572    715.5    929.4
     1     1    17     8    24     1     0     0    -9.0   45.923 -119.534    693.3    931.1
     1     1    17     8    24     0     0     0   -10.0   45.875 -119.527    679.8    934.1
     1     1    17     8    23    23     0     0   -11.0   45.852 -119.557    679.5    933.9
     1     1    17     8    23    22     0     0   -12.0   45.827 -119.574    684.0    933.8
     1     1    17     8    23    21     0     0   -13.0   45.838 -119.619    690.6    932.3
     1     1    17     8    23    20     0     0   -14.0   45.834 -119.657    689.1    933.3
     1     1    17     8    23    19     0     0   -15.0   45.765 -119.619    712.6    930.9
     1     1    17     8    23    18     0     0   -16.0   45.692 -119.536    744.3    926.0
     1     1    17     8    23    17     0     0   -17.0   45.609 -119.465    751.1    925.3
     1     1    17     8    23    16     0     0   -18.0   45.510 -119.418    742.9    927.0
     1     1    17     8    23    15     0     0   -19.0   45.389 -119.366    731.6    925.6
