     1     1
    SITE    10     3     1     0     0
     1 BACKWARD OMEGA   
    17     8    27     7   46.392 -119.412   700.0
     1 PRESSURE
     1     1    17     8    27     7     0     0     0.0   46.392 -119.412    700.0    931.4
     1     1    17     8    27     6     0     0    -1.0   46.397 -119.439    695.1    932.0
     1     1    17     8    27     5     0     0    -2.0   46.427 -119.472    689.7    933.5
     1     1    17     8    27     4     0     0    -3.0   46.445 -119.514    688.1    932.3
     1     1    17     8    27     3     0     0    -4.0   46.446 -119.555    685.1    933.4
     1     1    17     8    27     2     0     0    -5.0   46.426 -119.596    680.1    933.2
     1     1    17     8    27     1     0     0    -6.0   46.388 -119.626    684.2    934.1
     1     1    17     8    27     0     0     0    -7.0   46.340 -119.658    685.9    932.3
     1     1    17     8    26    23     0     0    -8.0   46.306 -119.724    687.3    933.8
     1     1    17     8    26    22     0     0    -9.0   46.279 -119.760    691.1    932.0
     1     1    17     8    26    21     0     0   -10.0   46.272 -119.776    691.8    932.3
     1     1    17     8    26    20     0     0   -11.0   46.278 -119.811    690.8    933.1
     1     1    17     8    26    19     0     0   -12.0   46.261 -119.841    684.2    932.2
     1     1    17     8    26    18     0     0   -13.0   46.218 -119.859    666.0    935.0
     1     1    17     8    26    17     0     0   -14.0   46.220 -119.832    635.4    938.3
     1     1    17     8    26    16     0     0   -15.0   46.282 -119.762    627.0    940.4
     1     1    17     8    26    15     0     0   -16.0   46.286 -119.674    638.1    939.8
     1     1    17     8    26    14     0     0   -17.0   46.290 -119.590    659.1    934.2
     1     1    17     8    26    13     0     0   -18.0   46.325 -119.498    658.8    935.8
     1     1    17     8    26    12     0     0   -19.0   46.357 -119.410    654.8    936.5
     1     1    17     8    26    11     0     0   -20.0   46.389 -119.325    649.8    938.2
     1     1    17     8    26    10     0     0   -21.0   46.421 -119.246    648.3    937.5
     1     1    17     8    26     9     0     0   -22.0   46.435 -119.250    646.5    937.3
     1     1    17     8    26     8     0     0   -23.0   46.410 -119.279    644.3    937.9
     1     1    17     8    26     7     0     0   -24.0   46.377 -119.271    640.5    938.5
     1     1    17     8    26     6     0     0   -25.0   46.365 -119.289    637.3    939.1
     1     1    17     8    26     5     0     0   -26.0   46.358 -119.293    641.9    939.0
     1     1    17     8    26     4     0     0   -27.0   46.357 -119.295    636.7    937.2
     1     1    17     8    26     3     0     0   -28.0   46.357 -119.322    625.6    941.4
     1     1    17     8    26     2     0     0   -29.0   46.344 -119.344    623.8    940.4
     1     1    17     8    26     1     0     0   -30.0   46.333 -119.369    622.5    940.7
     1     1    17     8    26     0     0     0   -31.0   46.307 -119.405    623.1    940.6
     1     1    17     8    25    23     0     0   -32.0   46.302 -119.455    625.1    939.9
     1     1    17     8    25    22     0     0   -33.0   46.310 -119.507    617.7    940.7
     1     1    17     8    25    21     0     0   -34.0   46.271 -119.554    604.8    942.5
     1     1    17     8    25    20     0     0   -35.0   46.210 -119.593    589.0    942.8
     1     1    17     8    25    19     0     0   -36.0   46.126 -119.598    584.7    947.1
     1     1    17     8    25    18     0     0   -37.0   46.022 -119.569    588.6    944.0
     1     1    17     8    25    17     0     0   -38.0   45.917 -119.539    590.7    944.4
     1     1    17     8    25    16     0     0   -39.0   45.828 -119.503    590.5    943.2
     1     1    17     8    25    15     0     0   -40.0   45.752 -119.453    581.6    945.1
     1     1    17     8    25    14     0     0   -41.0   45.673 -119.400    593.2    943.8
     1     1    17     8    25    13     0     0   -42.0   45.593 -119.391    606.5    942.9
     1     1    17     8    25    12     0     0   -43.0   45.530 -119.387    612.9    941.2
     1     1    17     8    25    11     0     0   -44.0   45.469 -119.371    605.1    942.5
     1     1    17     8    25    10     0     0   -45.0   45.414 -119.356    600.4    942.9
     1     1    17     8    25     9     0     0   -46.0   45.408 -119.307    593.5    943.5
     1     1    17     8    25     8     0     0   -47.0   45.415 -119.255    590.6    944.3
     1     1    17     8    25     7     0     0   -48.0   45.385 -119.223    589.7    943.9
