     1     1
    SITE    10     3     1     0     0
     1 BACKWARD OMEGA   
    17     8     5     4   46.392 -119.412   700.0
     1 PRESSURE
     1     1    17     8     5     4     0     0     0.0   46.392 -119.412    700.0    931.4
     1     1    17     8     5     3     0     0    -1.0   46.332 -119.385    700.9    931.3
     1     1    17     8     5     2     0     0    -2.0   46.255 -119.358    693.6    932.1
     1     1    17     8     5     1     0     0    -3.0   46.181 -119.338    686.2    933.2
     1     1    17     8     5     0     0     0    -4.0   46.126 -119.281    707.5    931.7
     1     1    17     8     4    23     0     0    -5.0   46.068 -119.235    728.6    923.6
     1     1    17     8     4    22     0     0    -6.0   46.072 -119.261    729.1    928.1
     1     1    17     8     4    21     0     0    -7.0   46.153 -119.302    751.0    925.8
     1     1    17     8     4    20     0     0    -8.0   46.221 -119.332    767.4    923.4
     1     1    17     8     4    19     0     0    -9.0   46.237 -119.389    772.8    923.3
     1     1    17     8     4    18     0     0   -10.0   46.261 -119.400    799.9    921.1
     1     1    17     8     4    17     0     0   -11.0   46.333 -119.317    816.6    918.3
     1     1    17     8     4    16     0     0   -12.0   46.366 -119.301    812.4    918.4
     1     1    17     8     4    15     0     0   -13.0   46.395 -119.365    811.5    919.7
     1     1    17     8     4    14     0     0   -14.0   46.407 -119.448    823.6    917.8
     1     1    17     8     4    13     0     0   -15.0   46.357 -119.534    828.4    916.8
     1     1    17     8     4    12     0     0   -16.0   46.336 -119.613    829.0    917.2
     1     1    17     8     4    11     0     0   -17.0   46.332 -119.712    850.9    916.1
     1     1    17     8     4    10     0     0   -18.0   46.299 -119.866    860.5    912.7
     1     1    17     8     4     9     0     0   -19.0   46.308 -120.026    839.3    915.9
     1     1    17     8     4     8     0     0   -20.0   46.335 -120.109    823.0    918.0
     1     1    17     8     4     7     0     0   -21.0   46.336 -120.156    822.5    918.5
     1     1    17     8     4     6     0     0   -22.0   46.343 -120.194    821.2    916.7
     1     1    17     8     4     5     0     0   -23.0   46.325 -120.248    812.0    919.4
     1     1    17     8     4     4     0     0   -24.0   46.263 -120.242    819.7    918.4
     1     1    17     8     4     3     0     0   -25.0   46.217 -120.172    808.3    919.5
     1     1    17     8     4     2     0     0   -26.0   46.184 -120.156    807.9    919.6
     1     1    17     8     4     1     0     0   -27.0   46.132 -120.155    827.5    917.6
     1     1    17     8     4     0     0     0   -28.0   46.078 -120.126    839.3    915.5
     1     1    17     8     3    23     0     0   -29.0   46.048 -120.094    845.4    915.2
     1     1    17     8     3    22     0     0   -30.0   46.039 -120.034    828.6    915.0
     1     1    17     8     3    21     0     0   -31.0   45.998 -119.989    824.6    920.0
     1     1    17     8     3    20     0     0   -32.0   45.922 -119.996    824.9    917.6
     1     1    17     8     3    19     0     0   -33.0   45.854 -120.023    819.9    917.0
     1     1    17     8     3    18     0     0   -34.0   45.787 -120.033    801.0    920.2
     1     1    17     8     3    17     0     0   -35.0   45.698 -119.978    805.2    919.5
     1     1    17     8     3    16     0     0   -36.0   45.618 -119.858    795.6    921.3
     1     1    17     8     3    15     0     0   -37.0   45.573 -119.717    799.7    920.4
     1     1    17     8     3    14     0     0   -38.0   45.526 -119.599    810.2    918.7
     1     1    17     8     3    13     0     0   -39.0   45.465 -119.578    808.0    919.6
     1     1    17     8     3    12     0     0   -40.0   45.421 -119.667    797.7    918.0
     1     1    17     8     3    11     0     0   -41.0   45.463 -119.740    764.2    924.4
     1     1    17     8     3    10     0     0   -42.0   45.558 -119.778    758.8    925.2
     1     1    17     8     3     9     0     0   -43.0   45.596 -119.857    755.2    924.7
     1     1    17     8     3     8     0     0   -44.0   45.576 -119.901    740.5    926.8
     1     1    17     8     3     7     0     0   -45.0   45.543 -119.899    734.8    927.9
     1     1    17     8     3     6     0     0   -46.0   45.509 -119.906    734.7    927.5
     1     1    17     8     3     5     0     0   -47.0   45.476 -119.932    752.1    927.3
     1     1    17     8     3     4     0     0   -48.0   45.461 -119.977    770.0    921.6
     1     1    17     8     3     3     0     0   -49.0   45.465 -120.035    760.5    923.8
     1     1    17     8     3     2     0     0   -50.0   45.473 -120.105    754.3    926.9
     1     1    17     8     3     1     0     0   -51.0   45.481 -120.169    758.8    924.2
     1     1    17     8     3     0     0     0   -52.0   45.472 -120.221    760.0    924.7
     1     1    17     8     2    23     0     0   -53.0   45.462 -120.274    764.7    924.2
     1     1    17     8     2    22     0     0   -54.0   45.479 -120.332    770.8    923.4
     1     1    17     8     2    21     0     0   -55.0   45.495 -120.403    773.0    923.0
     1     1    17     8     2    20     0     0   -56.0   45.525 -120.479    755.7    923.3
     1     1    17     8     2    19     0     0   -57.0   45.589 -120.538    740.7    926.8
     1     1    17     8     2    18     0     0   -58.0   45.619 -120.652    750.5    926.1
     1     1    17     8     2    17     0     0   -59.0   45.548 -120.733    741.6    926.5
     1     1    17     8     2    16     0     0   -60.0   45.539 -120.707    754.8    924.6
     1     1    17     8     2    15     0     0   -61.0   45.537 -120.688    777.8    921.1
     1     1    17     8     2    14     0     0   -62.0   45.401 -120.684    772.5    923.1
