     1     1
    SITE    10     3     1     0     0
     1 BACKWARD OMEGA   
    17     8    13     7   46.392 -119.412   700.0
     1 PRESSURE
     1     1    17     8    13     7     0     0     0.0   46.392 -119.412    700.0    931.4
     1     1    17     8    13     6     0     0    -1.0   46.268 -119.414    689.7    932.7
     1     1    17     8    13     5     0     0    -2.0   46.218 -119.472    703.9    931.0
     1     1    17     8    13     4     0     0    -3.0   46.245 -119.578    709.5    930.4
     1     1    17     8    13     3     0     0    -4.0   46.286 -119.662    713.5    929.3
     1     1    17     8    13     2     0     0    -5.0   46.280 -119.705    705.7    931.2
     1     1    17     8    13     1     0     0    -6.0   46.232 -119.713    695.9    931.2
     1     1    17     8    13     0     0     0    -7.0   46.157 -119.693    669.9    935.0
     1     1    17     8    12    23     0     0    -8.0   46.089 -119.656    645.0    938.7
     1     1    17     8    12    22     0     0    -9.0   46.041 -119.695    649.0    937.9
     1     1    17     8    12    21     0     0   -10.0   46.049 -119.844    627.7    939.4
     1     1    17     8    12    20     0     0   -11.0   46.054 -120.034    595.1    943.5
     1     1    17     8    12    19     0     0   -12.0   45.990 -120.093    560.3    947.5
     1     1    17     8    12    18     0     0   -13.0   45.905 -119.996    537.8    950.2
     1     1    17     8    12    17     0     0   -14.0   45.791 -119.918    563.4    946.3
     1     1    17     8    12    16     0     0   -15.0   45.648 -119.853    543.5    949.1
     1     1    17     8    12    15     0     0   -16.0   45.501 -119.774    533.0    950.4
     1     1    17     8    12    14     0     0   -17.0   45.368 -119.718    528.9    950.5
