     1     1
    SITE    10     3     1     0     0
     1 BACKWARD OMEGA   
    17     8     8     7   46.392 -119.412   700.0
     1 PRESSURE
     1     1    17     8     8     7     0     0     0.0   46.392 -119.412    700.0    931.4
     1     1    17     8     8     6     0     0    -1.0   46.354 -119.389    694.7    932.0
     1     1    17     8     8     5     0     0    -2.0   46.342 -119.411    695.2    931.0
     1     1    17     8     8     4     0     0    -3.0   46.333 -119.406    692.5    932.9
     1     1    17     8     8     3     0     0    -4.0   46.296 -119.364    687.9    932.2
     1     1    17     8     8     2     0     0    -5.0   46.257 -119.342    680.6    934.4
     1     1    17     8     8     1     0     0    -6.0   46.240 -119.313    684.3    933.8
     1     1    17     8     8     0     0     0    -7.0   46.209 -119.307    681.0    932.7
     1     1    17     8     7    23     0     0    -8.0   46.161 -119.335    674.1    935.3
     1     1    17     8     7    22     0     0    -9.0   46.177 -119.353    684.9    934.6
     1     1    17     8     7    21     0     0   -10.0   46.195 -119.394    701.4    929.0
     1     1    17     8     7    20     0     0   -11.0   46.153 -119.440    708.1    932.3
     1     1    17     8     7    19     0     0   -12.0   46.101 -119.468    720.0    928.3
     1     1    17     8     7    18     0     0   -13.0   46.047 -119.470    723.5    928.6
     1     1    17     8     7    17     0     0   -14.0   45.980 -119.449    724.5    928.1
     1     1    17     8     7    16     0     0   -15.0   45.897 -119.426    750.9    926.0
     1     1    17     8     7    15     0     0   -16.0   45.802 -119.382    756.4    924.1
     1     1    17     8     7    14     0     0   -17.0   45.693 -119.332    731.7    927.1
     1     1    17     8     7    13     0     0   -18.0   45.570 -119.299    735.6    927.8
     1     1    17     8     7    12     0     0   -19.0   45.453 -119.272    734.2    927.0
     1     1    17     8     7    11     0     0   -20.0   45.354 -119.239    727.1    928.8
