     1     1
    SITE    10     3     1     0     0
     1 BACKWARD OMEGA   
    17     8    15     4   46.392 -119.412   700.0
     1 PRESSURE
     1     1    17     8    15     4     0     0     0.0   46.392 -119.412    700.0    931.4
     1     1    17     8    15     3     0     0    -1.0   46.383 -119.441    700.2    931.4
     1     1    17     8    15     2     0     0    -2.0   46.376 -119.439    703.0    931.7
     1     1    17     8    15     1     0     0    -3.0   46.371 -119.439    704.4    930.3
     1     1    17     8    15     0     0     0    -4.0   46.381 -119.492    717.8    930.2
     1     1    17     8    14    23     0     0    -5.0   46.387 -119.549    736.1    927.1
     1     1    17     8    14    22     0     0    -6.0   46.375 -119.609    747.5    925.3
     1     1    17     8    14    21     0     0    -7.0   46.334 -119.654    744.7    925.6
     1     1    17     8    14    20     0     0    -8.0   46.275 -119.656    752.5    927.1
     1     1    17     8    14    19     0     0    -9.0   46.208 -119.616    776.4    923.0
     1     1    17     8    14    18     0     0   -10.0   46.150 -119.521    784.6    921.3
     1     1    17     8    14    17     0     0   -11.0   46.096 -119.411    790.0    922.2
     1     1    17     8    14    16     0     0   -12.0   46.029 -119.335    799.0    920.0
     1     1    17     8    14    15     0     0   -13.0   45.941 -119.284    800.8    920.5
     1     1    17     8    14    14     0     0   -14.0   45.843 -119.227    789.8    920.3
     1     1    17     8    14    13     0     0   -15.0   45.744 -119.184    772.8    923.2
     1     1    17     8    14    12     0     0   -16.0   45.640 -119.144    763.9    924.0
     1     1    17     8    14    11     0     0   -17.0   45.535 -119.082    745.5    926.0
     1     1    17     8    14    10     0     0   -18.0   45.431 -119.022    736.9    926.8
