     1     1
    SITE    10     3     1     0     0
     1 BACKWARD OMEGA   
    17     8     7    19   46.392 -119.412   700.0
     1 PRESSURE
     1     1    17     8     7    19     0     0     0.0   46.392 -119.412    700.0    931.4
     1     1    17     8     7    18     0     0    -1.0   46.337 -119.413    705.8    930.7
     1     1    17     8     7    17     0     0    -2.0   46.270 -119.391    701.4    931.3
     1     1    17     8     7    16     0     0    -3.0   46.187 -119.365    707.2    930.5
     1     1    17     8     7    15     0     0    -4.0   46.091 -119.321    694.1    931.7
     1     1    17     8     7    14     0     0    -5.0   45.979 -119.270    713.3    929.8
     1     1    17     8     7    13     0     0    -6.0   45.852 -119.237    736.9    927.2
     1     1    17     8     7    12     0     0    -7.0   45.733 -119.209    743.3    927.0
     1     1    17     8     7    11     0     0    -8.0   45.635 -119.175    764.1    924.1
     1     1    17     8     7    10     0     0    -9.0   45.596 -119.115    773.6    922.9
     1     1    17     8     7     9     0     0   -10.0   45.584 -119.047    762.4    923.0
     1     1    17     8     7     8     0     0   -11.0   45.560 -118.994    745.5    926.3
     1     1    17     8     7     7     0     0   -12.0   45.534 -118.958    738.0    928.0
     1     1    17     8     7     6     0     0   -13.0   45.504 -118.957    741.8    927.0
     1     1    17     8     7     5     0     0   -14.0   45.474 -118.971    740.6    925.7
     1     1    17     8     7     4     0     0   -15.0   45.472 -118.986    735.0    927.9
     1     1    17     8     7     3     0     0   -16.0   45.499 -119.007    733.1    927.5
     1     1    17     8     7     2     0     0   -17.0   45.504 -119.039    729.4    927.9
     1     1    17     8     7     1     0     0   -18.0   45.483 -119.049    723.0    928.7
     1     1    17     8     7     0     0     0   -19.0   45.442 -119.060    728.5    929.3
     1     1    17     8     6    23     0     0   -20.0   45.404 -119.083    729.4    926.5
     1     1    17     8     6    22     0     0   -21.0   45.379 -119.100    722.6    929.3
