     1     1
    SITE    10     3     1     0     0
     1 BACKWARD OMEGA   
    17     8    26    17   46.392 -119.412   700.0
     1 PRESSURE
     1     1    17     8    26    17     0     0     0.0   46.392 -119.412    700.0    931.4
     1     1    17     8    26    16     0     0    -1.0   46.454 -119.340    704.8    930.9
     1     1    17     8    26    15     0     0    -2.0   46.458 -119.251    705.7    930.1
     1     1    17     8    26    14     0     0    -3.0   46.461 -119.168    698.2    932.7
     1     1    17     8    26    13     0     0    -4.0   46.496 -119.076    694.2    932.9
     1     1    17     8    26    12     0     0    -5.0   46.526 -118.989    701.1    931.2
     1     1    17     8    26    11     0     0    -6.0   46.558 -118.907    705.6    930.8
     1     1    17     8    26    10     0     0    -7.0   46.590 -118.831    710.3    930.4
     1     1    17     8    26     9     0     0    -8.0   46.603 -118.838    709.7    930.0
     1     1    17     8    26     8     0     0    -9.0   46.579 -118.868    710.5    930.7
     1     1    17     8    26     7     0     0   -10.0   46.546 -118.860    715.4    929.6
     1     1    17     8    26     6     0     0   -11.0   46.534 -118.879    716.0    928.9
     1     1    17     8    26     5     0     0   -12.0   46.528 -118.882    709.9    930.5
     1     1    17     8    26     4     0     0   -13.0   46.526 -118.885    710.4    931.1
     1     1    17     8    26     3     0     0   -14.0   46.526 -118.911    713.6    928.8
     1     1    17     8    26     2     0     0   -15.0   46.513 -118.933    706.9    930.6
     1     1    17     8    26     1     0     0   -16.0   46.502 -118.958    703.4    931.3
     1     1    17     8    26     0     0     0   -17.0   46.476 -118.994    686.0    931.2
     1     1    17     8    25    23     0     0   -18.0   46.472 -119.044    661.9    938.0
     1     1    17     8    25    22     0     0   -19.0   46.479 -119.096    656.7    937.4
     1     1    17     8    25    21     0     0   -20.0   46.441 -119.149    668.3    935.8
     1     1    17     8    25    20     0     0   -21.0   46.378 -119.191    681.1    932.5
     1     1    17     8    25    19     0     0   -22.0   46.294 -119.199    673.4    933.1
     1     1    17     8    25    18     0     0   -23.0   46.191 -119.175    668.8    935.9
     1     1    17     8    25    17     0     0   -24.0   46.088 -119.152    682.6    932.7
     1     1    17     8    25    16     0     0   -25.0   46.001 -119.116    674.6    934.7
     1     1    17     8    25    15     0     0   -26.0   45.927 -119.067    672.8    934.9
     1     1    17     8    25    14     0     0   -27.0   45.847 -119.016    667.4    935.6
     1     1    17     8    25    13     0     0   -28.0   45.766 -119.004    683.5    933.5
     1     1    17     8    25    12     0     0   -29.0   45.704 -118.997    705.5    930.8
     1     1    17     8    25    11     0     0   -30.0   45.645 -118.979    718.4    929.2
     1     1    17     8    25    10     0     0   -31.0   45.589 -118.959    726.9    928.2
     1     1    17     8    25     9     0     0   -32.0   45.585 -118.908    731.7    927.9
     1     1    17     8    25     8     0     0   -33.0   45.592 -118.855    740.4    926.6
     1     1    17     8    25     7     0     0   -34.0   45.563 -118.825    758.0    925.8
     1     1    17     8    25     6     0     0   -35.0   45.538 -118.794    769.3    922.4
     1     1    17     8    25     5     0     0   -36.0   45.538 -118.750    771.0    923.5
     1     1    17     8    25     4     0     0   -37.0   45.533 -118.716    770.5    923.0
     1     1    17     8    25     3     0     0   -38.0   45.532 -118.716    770.7    923.8
     1     1    17     8    25     2     0     0   -39.0   45.527 -118.741    770.5    922.4
     1     1    17     8    25     1     0     0   -40.0   45.497 -118.764    759.4    924.5
     1     1    17     8    25     0     0     0   -41.0   45.446 -118.765    739.7    926.0
     1     1    17     8    24    23     0     0   -42.0   45.377 -118.751    740.1    927.1
