     1     1
    SITE    10     3     1     0     0
     1 BACKWARD OMEGA   
    17     8    14    22   46.392 -119.412   700.0
     1 PRESSURE
     1     1    17     8    14    22     0     0     0.0   46.392 -119.412    700.0    931.4
     1     1    17     8    14    21     0     0    -1.0   46.349 -119.457    696.1    931.9
     1     1    17     8    14    20     0     0    -2.0   46.292 -119.460    692.2    932.3
     1     1    17     8    14    19     0     0    -3.0   46.225 -119.422    684.6    933.5
     1     1    17     8    14    18     0     0    -4.0   46.166 -119.325    684.2    932.9
     1     1    17     8    14    17     0     0    -5.0   46.113 -119.213    677.6    934.0
     1     1    17     8    14    16     0     0    -6.0   46.047 -119.137    676.5    934.6
     1     1    17     8    14    15     0     0    -7.0   45.959 -119.086    677.7    934.8
     1     1    17     8    14    14     0     0    -8.0   45.864 -119.028    698.2    931.3
     1     1    17     8    14    13     0     0    -9.0   45.768 -118.986    701.9    930.4
     1     1    17     8    14    12     0     0   -10.0   45.663 -118.943    687.2    933.9
     1     1    17     8    14    11     0     0   -11.0   45.560 -118.879    700.2    931.0
     1     1    17     8    14    10     0     0   -12.0   45.460 -118.821    704.1    930.6
     1     1    17     8    14     9     0     0   -13.0   45.356 -118.784    706.1    931.4
