     1     1
    SITE    10     3     1     0     0
     1 BACKWARD OMEGA   
    17     8     1     0   46.392 -119.412   700.0
     1 PRESSURE
     1     1    17     8     1     0     0     0     0.0   46.392 -119.412    700.0    931.4
     1     1    17     7    31    23     0     0    -1.0   46.390 -119.438    699.7    931.4
     1     1    17     7    31    22     0     0    -2.0   46.403 -119.507    693.7    932.2
     1     1    17     7    31    21     0     0    -3.0   46.400 -119.568    686.1    932.8
     1     1    17     7    31    20     0     0    -4.0   46.414 -119.602    679.8    934.3
     1     1    17     7    31    19     0     0    -5.0   46.400 -119.617    682.3    934.1
     1     1    17     7    31    18     0     0    -6.0   46.338 -119.577    697.9    932.6
     1     1    17     7    31    17     0     0    -7.0   46.260 -119.502    702.0    931.0
     1     1    17     7    31    16     0     0    -8.0   46.174 -119.454    679.7    933.6
     1     1    17     7    31    15     0     0    -9.0   46.083 -119.416    650.5    936.7
     1     1    17     7    31    14     0     0   -10.0   45.979 -119.363    634.8    940.0
     1     1    17     7    31    13     0     0   -11.0   45.870 -119.334    633.7    939.3
     1     1    17     7    31    12     0     0   -12.0   45.775 -119.325    626.3    939.7
     1     1    17     7    31    11     0     0   -13.0   45.689 -119.291    614.9    941.6
     1     1    17     7    31    10     0     0   -14.0   45.650 -119.222    614.0    941.2
     1     1    17     7    31     9     0     0   -15.0   45.625 -119.182    613.9    942.3
     1     1    17     7    31     8     0     0   -16.0   45.575 -119.177    611.6    941.3
     1     1    17     7    31     7     0     0   -17.0   45.540 -119.153    609.3    942.5
     1     1    17     7    31     6     0     0   -18.0   45.526 -119.112    611.3    941.5
     1     1    17     7    31     5     0     0   -19.0   45.516 -119.122    612.7    941.8
     1     1    17     7    31     4     0     0   -20.0   45.473 -119.145    595.3    941.0
     1     1    17     7    31     3     0     0   -21.0   45.385 -119.083    588.2    944.5
