     1     1
    SITE    10     3     1     0     0
     1 BACKWARD OMEGA   
    17     8    17     7   46.392 -119.412   700.0
     1 PRESSURE
     1     1    17     8    17     7     0     0     0.0   46.392 -119.412    700.0    931.4
     1     1    17     8    17     6     0     0    -1.0   46.307 -119.392    674.4    934.5
     1     1    17     8    17     5     0     0    -2.0   46.259 -119.369    680.1    933.7
     1     1    17     8    17     4     0     0    -3.0   46.213 -119.383    682.3    933.2
     1     1    17     8    17     3     0     0    -4.0   46.170 -119.424    682.3    933.6
     1     1    17     8    17     2     0     0    -5.0   46.139 -119.456    679.8    933.7
     1     1    17     8    17     1     0     0    -6.0   46.090 -119.480    689.4    934.0
     1     1    17     8    17     0     0     0    -7.0   46.033 -119.464    697.2    930.5
     1     1    17     8    16    23     0     0    -8.0   46.055 -119.537    706.3    932.4
     1     1    17     8    16    22     0     0    -9.0   46.145 -119.726    714.0    930.0
     1     1    17     8    16    21     0     0   -10.0   46.275 -119.913    712.4    931.0
     1     1    17     8    16    20     0     0   -11.0   46.473 -120.144    729.2    927.6
     1     1    17     8    16    19     0     0   -12.0   46.687 -120.389    724.7    927.5
     1     1    17     8    16    18     0     0   -13.0   46.872 -120.604    720.8    930.4
     1     1    17     8    16    17     0     0   -14.0   46.906 -120.791    735.4    927.3
