     1     1
    SITE    10     3     1     0     0
     1 BACKWARD OMEGA   
    17     8    15    13   46.392 -119.412   700.0
     1 PRESSURE
     1     1    17     8    15    13     0     0     0.0   46.392 -119.412    700.0    931.4
     1     1    17     8    15    12     0     0    -1.0   46.312 -119.446    697.1    931.7
     1     1    17     8    15    11     0     0    -2.0   46.247 -119.436    698.0    931.6
     1     1    17     8    15    10     0     0    -3.0   46.217 -119.469    678.3    933.3
     1     1    17     8    15     9     0     0    -4.0   46.191 -119.511    657.7    936.7
     1     1    17     8    15     8     0     0    -5.0   46.157 -119.523    648.4    937.9
     1     1    17     8    15     7     0     0    -6.0   46.127 -119.545    648.6    938.4
     1     1    17     8    15     6     0     0    -7.0   46.118 -119.554    652.8    936.6
     1     1    17     8    15     5     0     0    -8.0   46.113 -119.563    655.9    936.6
     1     1    17     8    15     4     0     0    -9.0   46.083 -119.567    659.0    936.4
     1     1    17     8    15     3     0     0   -10.0   46.074 -119.596    656.5    935.8
     1     1    17     8    15     2     0     0   -11.0   46.066 -119.595    660.2    937.3
     1     1    17     8    15     1     0     0   -12.0   46.061 -119.594    658.0    936.5
     1     1    17     8    15     0     0     0   -13.0   46.071 -119.646    656.5    936.6
     1     1    17     8    14    23     0     0   -14.0   46.077 -119.705    655.8    936.4
     1     1    17     8    14    22     0     0   -15.0   46.066 -119.766    658.3    937.1
     1     1    17     8    14    21     0     0   -16.0   46.025 -119.812    665.8    935.6
     1     1    17     8    14    20     0     0   -17.0   45.966 -119.814    671.5    934.2
     1     1    17     8    14    19     0     0   -18.0   45.897 -119.772    677.6    934.1
     1     1    17     8    14    18     0     0   -19.0   45.839 -119.676    674.6    933.9
     1     1    17     8    14    17     0     0   -20.0   45.785 -119.565    669.1    935.9
     1     1    17     8    14    16     0     0   -21.0   45.718 -119.492    672.3    934.6
     1     1    17     8    14    15     0     0   -22.0   45.631 -119.440    661.1    935.7
     1     1    17     8    14    14     0     0   -23.0   45.535 -119.378    643.5    938.0
     1     1    17     8    14    13     0     0   -24.0   45.439 -119.335    652.6    937.7
