     1     1
    SITE    10     3     1     0     0
     1 BACKWARD OMEGA   
    17     8    29    11   46.392 -119.412   700.0
     1 PRESSURE
     1     1    17     8    29    11     0     0     0.0   46.392 -119.412    700.0    931.4
     1     1    17     8    29    10     0     0    -1.0   46.355 -119.377    689.9    932.6
     1     1    17     8    29     9     0     0    -2.0   46.365 -119.328    691.3    932.3
     1     1    17     8    29     8     0     0    -3.0   46.400 -119.298    696.9    932.2
     1     1    17     8    29     7     0     0    -4.0   46.404 -119.271    703.9    930.6
     1     1    17     8    29     6     0     0    -5.0   46.380 -119.248    702.4    931.1
     1     1    17     8    29     5     0     0    -6.0   46.354 -119.248    701.4    931.3
     1     1    17     8    29     4     0     0    -7.0   46.345 -119.280    698.7    931.8
     1     1    17     8    29     3     0     0    -8.0   46.372 -119.312    701.7    931.1
     1     1    17     8    29     2     0     0    -9.0   46.421 -119.344    707.7    931.1
     1     1    17     8    29     1     0     0   -10.0   46.436 -119.416    714.4    929.3
     1     1    17     8    29     0     0     0   -11.0   46.386 -119.471    695.0    931.8
     1     1    17     8    28    23     0     0   -12.0   46.317 -119.499    682.9    933.5
     1     1    17     8    28    22     0     0   -13.0   46.277 -119.540    674.1    934.3
     1     1    17     8    28    21     0     0   -14.0   46.273 -119.576    663.7    936.4
     1     1    17     8    28    20     0     0   -15.0   46.270 -119.649    669.0    936.1
     1     1    17     8    28    19     0     0   -16.0   46.239 -119.721    675.8    934.2
     1     1    17     8    28    18     0     0   -17.0   46.251 -119.774    677.4    933.8
     1     1    17     8    28    17     0     0   -18.0   46.321 -119.847    679.9    933.9
     1     1    17     8    28    16     0     0   -19.0   46.350 -119.939    691.4    933.0
     1     1    17     8    28    15     0     0   -20.0   46.389 -120.015    697.0    931.1
     1     1    17     8    28    14     0     0   -21.0   46.423 -119.977    686.6    933.0
     1     1    17     8    28    13     0     0   -22.0   46.449 -119.884    687.1    932.6
     1     1    17     8    28    12     0     0   -23.0   46.544 -119.839    692.2    932.5
     1     1    17     8    28    11     0     0   -24.0   46.653 -119.831    692.3    933.1
     1     1    17     8    28    10     0     0   -25.0   46.779 -119.860    692.5    932.9
     1     1    17     8    28     9     0     0   -26.0   46.922 -119.926    711.9    930.4
     1     1    17     8    28     8     0     0   -27.0   46.938 -119.966    746.8    926.0
     1     1    17     8    28     7     0     0   -28.0   46.871 -120.006    770.4    922.7
     1     1    17     8    28     6     0     0   -29.0   46.886 -120.076    779.6    922.8
     1     1    17     8    28     5     0     0   -30.0   46.940 -120.060    793.7    919.6
     1     1    17     8    28     4     0     0   -31.0   46.955 -119.987    802.8    918.8
     1     1    17     8    28     3     0     0   -32.0   46.915 -119.958    806.1    920.5
     1     1    17     8    28     2     0     0   -33.0   46.872 -119.935    801.0    918.7
     1     1    17     8    28     1     0     0   -34.0   46.823 -119.892    779.9    922.0
     1     1    17     8    28     0     0     0   -35.0   46.775 -119.846    771.8    924.4
     1     1    17     8    27    23     0     0   -36.0   46.739 -119.821    769.1    922.7
     1     1    17     8    27    22     0     0   -37.0   46.711 -119.837    764.5    924.8
     1     1    17     8    27    21     0     0   -38.0   46.701 -119.868    766.1    923.5
     1     1    17     8    27    20     0     0   -39.0   46.704 -119.918    759.6    924.0
     1     1    17     8    27    19     0     0   -40.0   46.703 -119.968    753.2    925.9
     1     1    17     8    27    18     0     0   -41.0   46.685 -120.005    748.6    925.5
     1     1    17     8    27    17     0     0   -42.0   46.645 -120.027    750.4    926.8
     1     1    17     8    27    16     0     0   -43.0   46.586 -120.043    754.4    925.4
     1     1    17     8    27    15     0     0   -44.0   46.579 -120.044    755.5    924.3
     1     1    17     8    27    14     0     0   -45.0   46.618 -119.991    746.6    926.4
     1     1    17     8    27    13     0     0   -46.0   46.637 -119.912    745.9    927.4
     1     1    17     8    27    12     0     0   -47.0   46.623 -119.831    738.1    925.3
     1     1    17     8    27    11     0     0   -48.0   46.582 -119.784    737.3    928.4
     1     1    17     8    27    10     0     0   -49.0   46.537 -119.766    738.2    925.7
     1     1    17     8    27     9     0     0   -50.0   46.491 -119.757    733.3    928.2
     1     1    17     8    27     8     0     0   -51.0   46.452 -119.739    738.2    927.3
     1     1    17     8    27     7     0     0   -52.0   46.426 -119.735    741.4    926.4
     1     1    17     8    27     6     0     0   -53.0   46.431 -119.762    748.4    926.5
     1     1    17     8    27     5     0     0   -54.0   46.460 -119.796    750.8    924.6
     1     1    17     8    27     4     0     0   -55.0   46.478 -119.839    746.5    926.3
     1     1    17     8    27     3     0     0   -56.0   46.479 -119.880    750.0    926.4
     1     1    17     8    27     2     0     0   -57.0   46.459 -119.921    745.7    924.3
     1     1    17     8    27     1     0     0   -58.0   46.422 -119.950    735.1    928.3
     1     1    17     8    27     0     0     0   -59.0   46.374 -119.985    738.8    927.7
     1     1    17     8    26    23     0     0   -60.0   46.339 -120.054    741.1    926.5
     1     1    17     8    26    22     0     0   -61.0   46.310 -120.091    738.3    926.7
     1     1    17     8    26    21     0     0   -62.0   46.303 -120.106    729.7    927.9
     1     1    17     8    26    20     0     0   -63.0   46.310 -120.140    722.5    928.8
     1     1    17     8    26    19     0     0   -64.0   46.293 -120.171    716.5    929.9
     1     1    17     8    26    18     0     0   -65.0   46.250 -120.189    723.7    929.9
     1     1    17     8    26    17     0     0   -66.0   46.254 -120.165    756.6    925.3
     1     1    17     8    26    16     0     0   -67.0   46.316 -120.092    747.6    925.8
     1     1    17     8    26    15     0     0   -68.0   46.320 -120.003    737.4    927.5
     1     1    17     8    26    14     0     0   -69.0   46.324 -119.919    725.2    929.8
     1     1    17     8    26    13     0     0   -70.0   46.360 -119.825    735.2    929.1
     1     1    17     8    26    12     0     0   -71.0   46.393 -119.735    746.5    926.0
     1     1    17     8    26    11     0     0   -72.0   46.425 -119.649    739.9    925.4
