     1     1
    SITE    10     3     1     0     0
     1 BACKWARD OMEGA   
    17     8     8    22   46.392 -119.412   700.0
     1 PRESSURE
     1     1    17     8     8    22     0     0     0.0   46.392 -119.412    700.0    931.4
     1     1    17     8     8    21     0     0    -1.0   46.369 -119.454    704.3    930.9
     1     1    17     8     8    20     0     0    -2.0   46.353 -119.484    707.3    930.4
     1     1    17     8     8    19     0     0    -3.0   46.327 -119.525    712.4    930.4
     1     1    17     8     8    18     0     0    -4.0   46.295 -119.510    719.6    929.1
     1     1    17     8     8    17     0     0    -5.0   46.290 -119.429    722.5    929.1
     1     1    17     8     8    16     0     0    -6.0   46.287 -119.338    730.0    929.2
     1     1    17     8     8    15     0     0    -7.0   46.275 -119.226    742.2    926.0
     1     1    17     8     8    14     0     0    -8.0   46.247 -119.106    729.2    928.4
     1     1    17     8     8    13     0     0    -9.0   46.183 -119.008    727.2    928.1
     1     1    17     8     8    12     0     0   -10.0   46.103 -118.940    727.1    928.0
     1     1    17     8     8    11     0     0   -11.0   46.038 -118.894    716.8    929.8
     1     1    17     8     8    10     0     0   -12.0   45.987 -118.881    714.4    929.7
     1     1    17     8     8     9     0     0   -13.0   45.951 -118.910    711.1    930.0
     1     1    17     8     8     8     0     0   -14.0   45.922 -118.908    713.9    931.0
     1     1    17     8     8     7     0     0   -15.0   45.881 -118.860    722.9    928.7
     1     1    17     8     8     6     0     0   -16.0   45.843 -118.837    722.7    928.0
     1     1    17     8     8     5     0     0   -17.0   45.830 -118.860    724.0    929.5
     1     1    17     8     8     4     0     0   -18.0   45.822 -118.855    723.3    927.2
     1     1    17     8     8     3     0     0   -19.0   45.785 -118.814    723.4    929.4
     1     1    17     8     8     2     0     0   -20.0   45.747 -118.795    721.2    928.4
     1     1    17     8     8     1     0     0   -21.0   45.731 -118.767    717.0    929.9
     1     1    17     8     8     0     0     0   -22.0   45.701 -118.759    716.1    929.7
     1     1    17     8     7    23     0     0   -23.0   45.653 -118.785    709.8    931.7
     1     1    17     8     7    22     0     0   -24.0   45.669 -118.802    707.3    929.4
     1     1    17     8     7    21     0     0   -25.0   45.688 -118.842    705.7    930.7
     1     1    17     8     7    20     0     0   -26.0   45.647 -118.887    705.0    931.5
     1     1    17     8     7    19     0     0   -27.0   45.596 -118.914    705.4    930.6
     1     1    17     8     7    18     0     0   -28.0   45.541 -118.914    701.9    930.7
     1     1    17     8     7    17     0     0   -29.0   45.476 -118.892    697.6    932.3
     1     1    17     8     7    16     0     0   -30.0   45.395 -118.864    702.3    931.1
