     1     1
    SITE    10     3     1     0     0
     1 BACKWARD OMEGA   
    17     8     6    16   46.392 -119.412   700.0
     1 PRESSURE
     1     1    17     8     6    16     0     0     0.0   46.392 -119.412    700.0    931.4
     1     1    17     8     6    15     0     0    -1.0   46.415 -119.331    688.8    932.8
     1     1    17     8     6    14     0     0    -2.0   46.477 -119.271    688.8    932.4
     1     1    17     8     6    13     0     0    -3.0   46.533 -119.224    690.4    933.3
     1     1    17     8     6    12     0     0    -4.0   46.550 -119.152    686.1    931.8
     1     1    17     8     6    11     0     0    -5.0   46.573 -119.088    686.1    935.1
     1     1    17     8     6    10     0     0    -6.0   46.623 -119.050    700.3    929.3
     1     1    17     8     6     9     0     0    -7.0   46.624 -119.017    695.9    931.8
     1     1    17     8     6     8     0     0    -8.0   46.582 -119.008    687.5    931.9
     1     1    17     8     6     7     0     0    -9.0   46.547 -119.014    678.0    935.1
     1     1    17     8     6     6     0     0   -10.0   46.516 -119.024    680.2    934.0
     1     1    17     8     6     5     0     0   -11.0   46.479 -119.012    683.2    933.0
     1     1    17     8     6     4     0     0   -12.0   46.446 -118.991    680.1    933.5
     1     1    17     8     6     3     0     0   -13.0   46.418 -119.002    676.9    934.4
     1     1    17     8     6     2     0     0   -14.0   46.386 -119.003    678.4    934.1
     1     1    17     8     6     1     0     0   -15.0   46.345 -119.002    683.3    933.2
     1     1    17     8     6     0     0     0   -16.0   46.314 -119.037    679.6    933.0
     1     1    17     8     5    23     0     0   -17.0   46.326 -119.078    662.8    934.9
     1     1    17     8     5    22     0     0   -18.0   46.332 -119.116    646.9    938.4
     1     1    17     8     5    21     0     0   -19.0   46.301 -119.145    646.4    939.2
     1     1    17     8     5    20     0     0   -20.0   46.256 -119.182    661.0    936.5
     1     1    17     8     5    19     0     0   -21.0   46.201 -119.223    665.3    934.7
     1     1    17     8     5    18     0     0   -22.0   46.142 -119.243    660.9    935.8
     1     1    17     8     5    17     0     0   -23.0   46.059 -119.231    641.5    936.2
     1     1    17     8     5    16     0     0   -24.0   45.976 -119.169    643.4    938.9
     1     1    17     8     5    15     0     0   -25.0   45.940 -119.067    651.0    937.2
     1     1    17     8     5    14     0     0   -26.0   45.956 -119.054    664.8    935.8
     1     1    17     8     5    13     0     0   -27.0   45.960 -119.041    653.2    933.7
     1     1    17     8     5    12     0     0   -28.0   45.940 -118.923    633.2    939.2
     1     1    17     8     5    11     0     0   -29.0   45.877 -118.856    612.4    941.6
     1     1    17     8     5    10     0     0   -30.0   45.778 -118.857    613.1    942.1
     1     1    17     8     5     9     0     0   -31.0   45.703 -118.854    626.7    939.9
     1     1    17     8     5     8     0     0   -32.0   45.668 -118.869    628.5    939.9
     1     1    17     8     5     7     0     0   -33.0   45.642 -118.882    615.3    939.9
     1     1    17     8     5     6     0     0   -34.0   45.614 -118.851    609.6    943.2
     1     1    17     8     5     5     0     0   -35.0   45.607 -118.845    614.2    941.1
     1     1    17     8     5     4     0     0   -36.0   45.581 -118.853    622.7    941.0
     1     1    17     8     5     3     0     0   -37.0   45.519 -118.825    626.8    938.6
     1     1    17     8     5     2     0     0   -38.0   45.444 -118.799    599.1    942.9
     1     1    17     8     5     1     0     0   -39.0   45.369 -118.778    586.9    944.7
