     1     1
    SITE    10     3     1     0     0
     1 BACKWARD OMEGA   
    17     8     3     6   46.392 -119.412   700.0
     1 PRESSURE
     1     1    17     8     3     6     0     0     0.0   46.392 -119.412    700.0    931.4
     1     1    17     8     3     5     0     0    -1.0   46.359 -119.439    706.5    930.6
     1     1    17     8     3     4     0     0    -2.0   46.345 -119.485    711.7    930.2
     1     1    17     8     3     3     0     0    -3.0   46.348 -119.546    710.1    929.6
     1     1    17     8     3     2     0     0    -4.0   46.355 -119.618    710.9    930.8
     1     1    17     8     3     1     0     0    -5.0   46.362 -119.681    718.3    929.5
     1     1    17     8     3     0     0     0    -6.0   46.353 -119.733    725.9    928.1
     1     1    17     8     2    23     0     0    -7.0   46.342 -119.786    726.6    928.0
     1     1    17     8     2    22     0     0    -8.0   46.359 -119.846    724.0    928.3
     1     1    17     8     2    21     0     0    -9.0   46.374 -119.920    716.9    929.6
     1     1    17     8     2    20     0     0   -10.0   46.402 -120.002    711.2    929.6
     1     1    17     8     2    19     0     0   -11.0   46.466 -120.066    693.0    931.9
     1     1    17     8     2    18     0     0   -12.0   46.499 -120.183    695.2    932.1
     1     1    17     8     2    17     0     0   -13.0   46.426 -120.267    678.6    934.6
     1     1    17     8     2    16     0     0   -14.0   46.415 -120.238    693.4    931.7
     1     1    17     8     2    15     0     0   -15.0   46.413 -120.218    704.0    932.0
     1     1    17     8     2    14     0     0   -16.0   46.277 -120.222    738.6    926.9
     1     1    17     8     2    13     0     0   -17.0   46.127 -120.225    746.7    926.0
     1     1    17     8     2    12     0     0   -18.0   45.962 -120.225    756.8    924.4
     1     1    17     8     2    11     0     0   -19.0   45.780 -120.218    771.8    924.5
     1     1    17     8     2    10     0     0   -20.0   45.681 -120.064    847.5    914.6
     1     1    17     8     2     9     0     0   -21.0   45.796 -119.932    829.2    917.8
     1     1    17     8     2     8     0     0   -22.0   46.017 -119.981    855.5    914.8
     1     1    17     8     2     7     0     0   -23.0   46.216 -120.083    869.6    912.6
     1     1    17     8     2     6     0     0   -24.0   46.381 -120.212    881.3    911.0
     1     1    17     8     2     5     0     0   -25.0   46.522 -120.307    902.9    908.2
     1     1    17     8     2     4     0     0   -26.0   46.657 -120.370    898.1    910.0
     1     1    17     8     2     3     0     0   -27.0   46.800 -120.446    902.2    909.5
     1     1    17     8     2     2     0     0   -28.0   46.949 -120.560    955.2    904.2
     1     1    17     8     2     1     0     0   -29.0   47.074 -120.670   1005.5    897.8
     1     1    17     8     2     0     0     0   -30.0   47.150 -120.753   1018.9    896.2
     1     1    17     8     1    23     0     0   -31.0   47.163 -120.819   1016.2    896.3
     1     1    17     8     1    22     0     0   -32.0   47.146 -120.869   1006.0    897.9
