     1     1
    SITE    10     3     1     0     0
     1 BACKWARD OMEGA   
    17     8     1    17   46.392 -119.412   700.0
     1 PRESSURE
     1     1    17     8     1    17     0     0     0.0   46.392 -119.412    700.0    931.4
     1     1    17     8     1    16     0     0    -1.0   46.411 -119.285    685.6    933.0
     1     1    17     8     1    15     0     0    -2.0   46.384 -119.278    672.2    935.7
     1     1    17     8     1    14     0     0    -3.0   46.361 -119.276    689.1    933.0
     1     1    17     8     1    13     0     0    -4.0   46.293 -119.224    705.4    930.6
     1     1    17     8     1    12     0     0    -5.0   46.229 -119.298    704.3    930.7
     1     1    17     8     1    11     0     0    -6.0   46.261 -119.383    699.4    931.5
     1     1    17     8     1    10     0     0    -7.0   46.347 -119.408    702.5    931.3
     1     1    17     8     1     9     0     0    -8.0   46.366 -119.424    710.6    930.3
     1     1    17     8     1     8     0     0    -9.0   46.320 -119.416    710.9    929.5
     1     1    17     8     1     7     0     0   -10.0   46.273 -119.383    706.3    931.2
     1     1    17     8     1     6     0     0   -11.0   46.220 -119.361    708.7    930.7
     1     1    17     8     1     5     0     0   -12.0   46.165 -119.346    714.1    929.7
     1     1    17     8     1     4     0     0   -13.0   46.123 -119.340    721.6    929.1
     1     1    17     8     1     3     0     0   -14.0   46.086 -119.344    726.9    927.8
     1     1    17     8     1     2     0     0   -15.0   46.056 -119.328    722.4    928.1
     1     1    17     8     1     1     0     0   -16.0   46.024 -119.306    725.1    930.2
     1     1    17     8     1     0     0     0   -17.0   45.979 -119.306    735.6    926.8
     1     1    17     7    31    23     0     0   -18.0   45.976 -119.332    745.3    926.5
     1     1    17     7    31    22     0     0   -19.0   45.988 -119.402    727.3    925.5
     1     1    17     7    31    21     0     0   -20.0   45.985 -119.465    715.7    931.9
     1     1    17     7    31    20     0     0   -21.0   46.000 -119.498    721.9    929.1
     1     1    17     7    31    19     0     0   -22.0   45.986 -119.513    724.3    927.9
     1     1    17     7    31    18     0     0   -23.0   45.925 -119.472    721.9    928.9
     1     1    17     7    31    17     0     0   -24.0   45.847 -119.394    712.9    929.4
     1     1    17     7    31    16     0     0   -25.0   45.763 -119.346    710.1    930.7
     1     1    17     7    31    15     0     0   -26.0   45.672 -119.308    715.1    930.1
     1     1    17     7    31    14     0     0   -27.0   45.568 -119.255    729.7    926.8
     1     1    17     7    31    13     0     0   -28.0   45.455 -119.226    712.7    931.0
     1     1    17     7    31    12     0     0   -29.0   45.356 -119.213    731.1    927.4
