     1     1
    SITE    10     3     1     0     0
     1 BACKWARD OMEGA   
    17     8    28    10   46.392 -119.412   700.0
     1 PRESSURE
     1     1    17     8    28    10     0     0     0.0   46.392 -119.412    700.0    931.4
     1     1    17     8    28     9     0     0    -1.0   46.534 -119.477    680.3    933.8
     1     1    17     8    28     8     0     0    -2.0   46.546 -119.516    655.3    936.7
     1     1    17     8    28     7     0     0    -3.0   46.479 -119.557    650.8    937.0
     1     1    17     8    28     6     0     0    -4.0   46.495 -119.628    649.8    937.4
     1     1    17     8    28     5     0     0    -5.0   46.549 -119.616    640.8    937.6
     1     1    17     8    28     4     0     0    -6.0   46.567 -119.546    635.1    941.1
     1     1    17     8    28     3     0     0    -7.0   46.528 -119.519    638.4    937.5
     1     1    17     8    28     2     0     0    -8.0   46.486 -119.498    628.4    940.0
     1     1    17     8    28     1     0     0    -9.0   46.437 -119.459    618.6    940.7
     1     1    17     8    28     0     0     0   -10.0   46.389 -119.416    608.3    942.5
     1     1    17     8    27    23     0     0   -11.0   46.353 -119.392    606.0    942.8
     1     1    17     8    27    22     0     0   -12.0   46.326 -119.409    609.5    941.9
     1     1    17     8    27    21     0     0   -13.0   46.316 -119.439    609.5    941.4
     1     1    17     8    27    20     0     0   -14.0   46.319 -119.490    605.1    942.4
     1     1    17     8    27    19     0     0   -15.0   46.318 -119.540    606.8    942.3
     1     1    17     8    27    18     0     0   -16.0   46.301 -119.574    616.1    941.8
     1     1    17     8    27    17     0     0   -17.0   46.261 -119.595    626.9    939.7
     1     1    17     8    27    16     0     0   -18.0   46.203 -119.610    639.8    939.3
     1     1    17     8    27    15     0     0   -19.0   46.199 -119.609    649.6    936.4
     1     1    17     8    27    14     0     0   -20.0   46.238 -119.558    657.7    935.0
     1     1    17     8    27    13     0     0   -21.0   46.258 -119.479    646.4    936.8
     1     1    17     8    27    12     0     0   -22.0   46.246 -119.400    647.7    939.8
     1     1    17     8    27    11     0     0   -23.0   46.206 -119.352    647.4    937.0
     1     1    17     8    27    10     0     0   -24.0   46.162 -119.333    647.3    938.3
     1     1    17     8    27     9     0     0   -25.0   46.116 -119.321    638.0    937.1
     1     1    17     8    27     8     0     0   -26.0   46.077 -119.302    624.9    941.3
     1     1    17     8    27     7     0     0   -27.0   46.051 -119.300    625.4    940.8
     1     1    17     8    27     6     0     0   -28.0   46.057 -119.327    635.5    939.5
     1     1    17     8    27     5     0     0   -29.0   46.086 -119.361    642.2    937.9
     1     1    17     8    27     4     0     0   -30.0   46.104 -119.404    640.1    937.9
     1     1    17     8    27     3     0     0   -31.0   46.105 -119.445    635.4    939.3
     1     1    17     8    27     2     0     0   -32.0   46.086 -119.486    628.9    939.6
     1     1    17     8    27     1     0     0   -33.0   46.049 -119.515    624.6    940.5
     1     1    17     8    27     0     0     0   -34.0   46.000 -119.549    625.2    940.4
     1     1    17     8    26    23     0     0   -35.0   45.964 -119.617    620.5    940.4
     1     1    17     8    26    22     0     0   -36.0   45.936 -119.652    622.1    941.2
     1     1    17     8    26    21     0     0   -37.0   45.930 -119.667    629.1    939.8
     1     1    17     8    26    20     0     0   -38.0   45.937 -119.702    627.2    940.1
     1     1    17     8    26    19     0     0   -39.0   45.919 -119.732    624.9    940.3
     1     1    17     8    26    18     0     0   -40.0   45.875 -119.751    622.5    940.5
     1     1    17     8    26    17     0     0   -41.0   45.878 -119.727    607.4    940.6
     1     1    17     8    26    16     0     0   -42.0   45.941 -119.652    612.5    942.6
     1     1    17     8    26    15     0     0   -43.0   45.945 -119.563    629.9    936.9
     1     1    17     8    26    14     0     0   -44.0   45.949 -119.478    624.4    940.2
     1     1    17     8    26    13     0     0   -45.0   45.985 -119.387    620.0    942.1
     1     1    17     8    26    12     0     0   -46.0   46.017 -119.300    623.4    940.4
     1     1    17     8    26    11     0     0   -47.0   46.047 -119.216    611.9    940.5
     1     1    17     8    26    10     0     0   -48.0   46.077 -119.140    593.2    944.7
     1     1    17     8    26     9     0     0   -49.0   46.091 -119.146    589.9    944.0
     1     1    17     8    26     8     0     0   -50.0   46.066 -119.175    586.6    944.7
     1     1    17     8    26     7     0     0   -51.0   46.035 -119.168    582.3    944.7
     1     1    17     8    26     6     0     0   -52.0   46.022 -119.188    577.9    945.2
     1     1    17     8    26     5     0     0   -53.0   46.016 -119.193    573.6    946.1
     1     1    17     8    26     4     0     0   -54.0   46.014 -119.196    574.9    945.7
     1     1    17     8    26     3     0     0   -55.0   46.013 -119.223    572.9    945.5
     1     1    17     8    26     2     0     0   -56.0   46.000 -119.244    569.4    946.4
     1     1    17     8    26     1     0     0   -57.0   45.989 -119.269    566.5    946.4
     1     1    17     8    26     0     0     0   -58.0   45.964 -119.307    564.2    946.8
     1     1    17     8    25    23     0     0   -59.0   45.960 -119.359    566.1    946.6
     1     1    17     8    25    22     0     0   -60.0   45.967 -119.411    565.4    946.4
     1     1    17     8    25    21     0     0   -61.0   45.929 -119.458    573.4    947.1
     1     1    17     8    25    20     0     0   -62.0   45.868 -119.498    586.1    943.6
     1     1    17     8    25    19     0     0   -63.0   45.788 -119.504    577.6    943.7
     1     1    17     8    25    18     0     0   -64.0   45.684 -119.476    571.2    946.3
     1     1    17     8    25    17     0     0   -65.0   45.579 -119.449    572.8    945.6
     1     1    17     8    25    16     0     0   -66.0   45.489 -119.411    579.6    946.0
     1     1    17     8    25    15     0     0   -67.0   45.413 -119.361    602.9    942.5
