     1     1
    SITE    10     3     1     0     0
     1 BACKWARD OMEGA   
    17     8     3    16   46.392 -119.412   700.0
     1 PRESSURE
     1     1    17     8     3    16     0     0     0.0   46.392 -119.412    700.0    931.4
     1     1    17     8     3    15     0     0    -1.0   46.346 -119.269    731.0    927.8
     1     1    17     8     3    14     0     0    -2.0   46.299 -119.148    718.0    929.0
     1     1    17     8     3    13     0     0    -3.0   46.236 -119.124    715.1    930.0
     1     1    17     8     3    12     0     0    -4.0   46.192 -119.216    725.6    928.4
     1     1    17     8     3    11     0     0    -5.0   46.234 -119.288    730.1    927.5
     1     1    17     8     3    10     0     0    -6.0   46.330 -119.325    725.8    929.2
     1     1    17     8     3     9     0     0    -7.0   46.368 -119.404    729.8    927.3
     1     1    17     8     3     8     0     0    -8.0   46.347 -119.449    724.8    928.5
     1     1    17     8     3     7     0     0    -9.0   46.313 -119.445    723.5    928.9
     1     1    17     8     3     6     0     0   -10.0   46.278 -119.451    723.9    928.9
     1     1    17     8     3     5     0     0   -11.0   46.245 -119.478    722.9    928.2
     1     1    17     8     3     4     0     0   -12.0   46.231 -119.525    723.7    929.0
     1     1    17     8     3     3     0     0   -13.0   46.236 -119.585    722.9    928.0
     1     1    17     8     3     2     0     0   -14.0   46.243 -119.657    724.8    929.0
     1     1    17     8     3     1     0     0   -15.0   46.250 -119.722    728.3    927.7
     1     1    17     8     3     0     0     0   -16.0   46.240 -119.774    726.6    928.3
     1     1    17     8     2    23     0     0   -17.0   46.230 -119.828    727.3    928.4
     1     1    17     8     2    22     0     0   -18.0   46.248 -119.886    736.3    928.2
     1     1    17     8     2    21     0     0   -19.0   46.265 -119.957    746.5    925.5
     1     1    17     8     2    20     0     0   -20.0   46.293 -120.033    743.9    925.1
     1     1    17     8     2    19     0     0   -21.0   46.355 -120.091    734.4    929.5
     1     1    17     8     2    18     0     0   -22.0   46.388 -120.207    733.0    927.7
     1     1    17     8     2    17     0     0   -23.0   46.317 -120.295    741.6    928.1
     1     1    17     8     2    16     0     0   -24.0   46.310 -120.266    778.6    922.3
     1     1    17     8     2    15     0     0   -25.0   46.308 -120.245    802.9    920.0
     1     1    17     8     2    14     0     0   -26.0   46.173 -120.249    807.3    919.0
     1     1    17     8     2    13     0     0   -27.0   46.021 -120.249    811.4    919.4
     1     1    17     8     2    12     0     0   -28.0   45.857 -120.251    834.8    917.0
     1     1    17     8     2    11     0     0   -29.0   45.677 -120.246    900.2    910.9
     1     1    17     8     2    10     0     0   -30.0   45.580 -120.090    954.7    904.5
     1     1    17     8     2     9     0     0   -31.0   45.694 -119.958    969.7    899.9
     1     1    17     8     2     8     0     0   -32.0   45.916 -120.009    951.0    903.2
     1     1    17     8     2     7     0     0   -33.0   46.117 -120.109    945.6    904.5
     1     1    17     8     2     6     0     0   -34.0   46.282 -120.235    975.5    901.0
     1     1    17     8     2     5     0     0   -35.0   46.425 -120.331    989.3    900.0
     1     1    17     8     2     4     0     0   -36.0   46.560 -120.394   1022.6    895.9
     1     1    17     8     2     3     0     0   -37.0   46.703 -120.470   1032.4    895.2
     1     1    17     8     2     2     0     0   -38.0   46.852 -120.584   1040.4    895.6
     1     1    17     8     2     1     0     0   -39.0   46.978 -120.694   1106.8    886.9
     1     1    17     8     2     0     0     0   -40.0   47.054 -120.777   1145.0    882.1
     1     1    17     8     1    23     0     0   -41.0   47.067 -120.842   1137.3    883.1
     1     1    17     8     1    22     0     0   -42.0   47.050 -120.893   1131.8    884.8
