     1     1
    SITE    10     3     1     0     0
     1 BACKWARD OMEGA   
    17     8    22    13   46.392 -119.412   700.0
     1 PRESSURE
     1     1    17     8    22    13     0     0     0.0   46.392 -119.412    700.0    931.4
     1     1    17     8    22    12     0     0    -1.0   46.358 -119.348    686.4    933.0
     1     1    17     8    22    11     0     0    -2.0   46.327 -119.296    685.1    932.4
     1     1    17     8    22    10     0     0    -3.0   46.268 -119.256    678.3    933.5
     1     1    17     8    22     9     0     0    -4.0   46.198 -119.219    679.9    934.1
     1     1    17     8    22     8     0     0    -5.0   46.129 -119.192    683.6    933.6
     1     1    17     8    22     7     0     0    -6.0   46.072 -119.168    693.0    932.3
     1     1    17     8    22     6     0     0    -7.0   46.042 -119.159    700.2    930.7
     1     1    17     8    22     5     0     0    -8.0   46.045 -119.170    704.4    931.3
     1     1    17     8    22     4     0     0    -9.0   46.062 -119.197    705.8    930.5
     1     1    17     8    22     3     0     0   -10.0   46.090 -119.218    702.4    930.8
     1     1    17     8    22     2     0     0   -11.0   46.100 -119.237    698.8    931.8
     1     1    17     8    22     1     0     0   -12.0   46.090 -119.276    694.1    931.8
     1     1    17     8    22     0     0     0   -13.0   46.080 -119.285    691.6    932.9
     1     1    17     8    21    23     0     0   -14.0   46.056 -119.261    693.2    931.9
     1     1    17     8    21    22     0     0   -15.0   46.031 -119.253    686.7    932.3
     1     1    17     8    21    21     0     0   -16.0   46.044 -119.268    679.5    934.5
     1     1    17     8    21    20     0     0   -17.0   46.111 -119.323    663.2    934.3
     1     1    17     8    21    19     0     0   -18.0   46.191 -119.413    661.0    936.4
     1     1    17     8    21    18     0     0   -19.0   46.272 -119.484    684.4    933.4
     1     1    17     8    21    17     0     0   -20.0   46.306 -119.562    694.7    931.1
     1     1    17     8    21    16     0     0   -21.0   46.277 -119.590    686.8    933.1
     1     1    17     8    21    15     0     0   -22.0   46.253 -119.516    687.8    933.2
     1     1    17     8    21    14     0     0   -23.0   46.280 -119.439    692.6    932.5
     1     1    17     8    21    13     0     0   -24.0   46.343 -119.368    705.2    931.6
     1     1    17     8    21    12     0     0   -25.0   46.369 -119.265    697.1    928.5
     1     1    17     8    21    11     0     0   -26.0   46.413 -119.219    679.2    933.4
     1     1    17     8    21    10     0     0   -27.0   46.496 -119.220    672.7    935.8
     1     1    17     8    21     9     0     0   -28.0   46.517 -119.163    688.9    932.4
     1     1    17     8    21     8     0     0   -29.0   46.490 -119.108    686.9    932.8
     1     1    17     8    21     7     0     0   -30.0   46.459 -119.071    679.2    933.9
     1     1    17     8    21     6     0     0   -31.0   46.441 -119.031    675.8    934.8
     1     1    17     8    21     5     0     0   -32.0   46.429 -119.011    676.0    934.0
     1     1    17     8    21     4     0     0   -33.0   46.416 -118.995    678.4    934.3
     1     1    17     8    21     3     0     0   -34.0   46.403 -118.993    680.2    933.6
     1     1    17     8    21     2     0     0   -35.0   46.380 -119.026    674.7    933.7
     1     1    17     8    21     1     0     0   -36.0   46.351 -119.039    665.8    935.7
     1     1    17     8    21     0     0     0   -37.0   46.323 -119.065    654.9    936.3
     1     1    17     8    20    23     0     0   -38.0   46.347 -119.115    644.9    938.4
     1     1    17     8    20    22     0     0   -39.0   46.414 -119.149    644.3    938.1
     1     1    17     8    20    21     0     0   -40.0   46.435 -119.184    644.0    937.7
     1     1    17     8    20    20     0     0   -41.0   46.403 -119.215    645.8    938.1
     1     1    17     8    20    19     0     0   -42.0   46.354 -119.232    644.9    937.5
     1     1    17     8    20    18     0     0   -43.0   46.311 -119.179    633.4    938.5
     1     1    17     8    20    17     0     0   -44.0   46.276 -119.065    608.8    942.0
     1     1    17     8    20    16     0     0   -45.0   46.212 -118.981    598.2    943.4
     1     1    17     8    20    15     0     0   -46.0   46.123 -118.955    605.8    942.7
     1     1    17     8    20    14     0     0   -47.0   46.039 -118.938    621.2    941.0
     1     1    17     8    20    13     0     0   -48.0   45.976 -118.872    630.2    939.4
     1     1    17     8    20    12     0     0   -49.0   45.898 -118.827    619.9    941.0
     1     1    17     8    20    11     0     0   -50.0   45.793 -118.821    629.2    940.4
     1     1    17     8    20    10     0     0   -51.0   45.722 -118.825    645.9    937.2
     1     1    17     8    20     9     0     0   -52.0   45.666 -118.860    649.3    937.5
     1     1    17     8    20     8     0     0   -53.0   45.603 -118.890    659.0    936.6
     1     1    17     8    20     7     0     0   -54.0   45.538 -118.887    665.9    934.0
     1     1    17     8    20     6     0     0   -55.0   45.453 -118.832    659.3    936.4
     1     1    17     8    20     5     0     0   -56.0   45.358 -118.806    671.6    935.0
