     1     1
    SITE    10     3     1     0     0
     1 BACKWARD OMEGA   
    17     8    23     2   46.392 -119.412   700.0
     1 PRESSURE
     1     1    17     8    23     2     0     0     0.0   46.392 -119.412    700.0    931.4
     1     1    17     8    23     1     0     0    -1.0   46.307 -119.446    717.4    929.4
     1     1    17     8    23     0     0     0    -2.0   46.183 -119.462    707.1    931.3
     1     1    17     8    22    23     0     0    -3.0   46.098 -119.515    714.2    930.1
     1     1    17     8    22    22     0     0    -4.0   46.027 -119.545    718.9    929.0
     1     1    17     8    22    21     0     0    -5.0   45.936 -119.536    692.5    930.5
     1     1    17     8    22    20     0     0    -6.0   45.836 -119.508    671.2    935.3
     1     1    17     8    22    19     0     0    -7.0   45.750 -119.503    674.2    934.3
     1     1    17     8    22    18     0     0    -8.0   45.675 -119.494    677.8    934.7
     1     1    17     8    22    17     0     0    -9.0   45.593 -119.464    678.7    934.3
     1     1    17     8    22    16     0     0   -10.0   45.492 -119.433    689.1    931.9
     1     1    17     8    22    15     0     0   -11.0   45.378 -119.395    691.3    932.9
