     1     1
    SITE    10     3     1     0     0
     1 BACKWARD OMEGA   
    17     8     7    21   46.392 -119.412   700.0
     1 PRESSURE
     1     1    17     8     7    21     0     0     0.0   46.392 -119.412    700.0    931.4
     1     1    17     8     7    20     0     0    -1.0   46.349 -119.459    689.2    932.7
     1     1    17     8     7    19     0     0    -2.0   46.297 -119.488    684.2    935.4
     1     1    17     8     7    18     0     0    -3.0   46.242 -119.492    691.0    931.8
     1     1    17     8     7    17     0     0    -4.0   46.176 -119.472    687.1    932.9
     1     1    17     8     7    16     0     0    -5.0   46.095 -119.445    682.5    933.4
     1     1    17     8     7    15     0     0    -6.0   45.999 -119.398    684.5    933.5
     1     1    17     8     7    14     0     0    -7.0   45.888 -119.344    686.6    934.4
     1     1    17     8     7    13     0     0    -8.0   45.763 -119.310    700.8    929.5
     1     1    17     8     7    12     0     0    -9.0   45.647 -119.283    681.0    933.7
     1     1    17     8     7    11     0     0   -10.0   45.549 -119.251    676.0    934.4
     1     1    17     8     7    10     0     0   -11.0   45.508 -119.189    676.1    933.9
     1     1    17     8     7     9     0     0   -12.0   45.496 -119.122    673.0    935.0
     1     1    17     8     7     8     0     0   -13.0   45.473 -119.069    671.5    934.4
     1     1    17     8     7     7     0     0   -14.0   45.446 -119.034    671.5    935.4
     1     1    17     8     7     6     0     0   -15.0   45.415 -119.033    677.4    933.9
     1     1    17     8     7     5     0     0   -16.0   45.385 -119.047    675.6    933.5
