     1     1
    SITE    10     3     1     0     0
     1 BACKWARD OMEGA   
    17     8     6    20   46.392 -119.412   700.0
     1 PRESSURE
     1     1    17     8     6    20     0     0     0.0   46.392 -119.412    700.0    931.4
     1     1    17     8     6    19     0     0    -1.0   46.403 -119.449    702.4    931.1
     1     1    17     8     6    18     0     0    -2.0   46.449 -119.490    697.1    932.0
     1     1    17     8     6    17     0     0    -3.0   46.466 -119.540    698.0    932.1
     1     1    17     8     6    16     0     0    -4.0   46.449 -119.531    687.8    931.0
     1     1    17     8     6    15     0     0    -5.0   46.473 -119.449    677.3    934.6
     1     1    17     8     6    14     0     0    -6.0   46.536 -119.389    686.4    932.5
     1     1    17     8     6    13     0     0    -7.0   46.594 -119.343    690.1    932.2
     1     1    17     8     6    12     0     0    -8.0   46.614 -119.271    683.4    932.5
     1     1    17     8     6    11     0     0    -9.0   46.636 -119.207    691.6    934.1
     1     1    17     8     6    10     0     0   -10.0   46.686 -119.166    693.0    932.7
     1     1    17     8     6     9     0     0   -11.0   46.688 -119.131    705.0    931.2
     1     1    17     8     6     8     0     0   -12.0   46.647 -119.120    717.2    929.7
     1     1    17     8     6     7     0     0   -13.0   46.612 -119.125    724.8    927.8
     1     1    17     8     6     6     0     0   -14.0   46.580 -119.135    714.0    928.5
     1     1    17     8     6     5     0     0   -15.0   46.542 -119.123    705.7    932.3
     1     1    17     8     6     4     0     0   -16.0   46.508 -119.101    706.1    930.5
     1     1    17     8     6     3     0     0   -17.0   46.481 -119.112    705.0    930.6
     1     1    17     8     6     2     0     0   -18.0   46.450 -119.112    696.8    931.4
     1     1    17     8     6     1     0     0   -19.0   46.410 -119.112    681.3    933.3
     1     1    17     8     6     0     0     0   -20.0   46.378 -119.147    663.6    936.7
     1     1    17     8     5    23     0     0   -21.0   46.391 -119.187    657.9    936.9
     1     1    17     8     5    22     0     0   -22.0   46.398 -119.224    654.6    936.4
     1     1    17     8     5    21     0     0   -23.0   46.367 -119.254    647.4    937.7
     1     1    17     8     5    20     0     0   -24.0   46.323 -119.293    649.8    938.5
     1     1    17     8     5    19     0     0   -25.0   46.267 -119.334    653.1    936.6
     1     1    17     8     5    18     0     0   -26.0   46.208 -119.353    638.5    937.2
     1     1    17     8     5    17     0     0   -27.0   46.124 -119.339    619.8    941.3
     1     1    17     8     5    16     0     0   -28.0   46.039 -119.274    627.8    941.5
     1     1    17     8     5    15     0     0   -29.0   46.001 -119.171    650.6    936.2
     1     1    17     8     5    14     0     0   -30.0   46.014 -119.159    648.9    937.8
     1     1    17     8     5    13     0     0   -31.0   46.018 -119.147    639.0    936.6
     1     1    17     8     5    12     0     0   -32.0   45.999 -119.030    608.4    942.3
     1     1    17     8     5    11     0     0   -33.0   45.935 -118.968    582.7    944.1
     1     1    17     8     5    10     0     0   -34.0   45.832 -118.971    552.7    948.0
     1     1    17     8     5     9     0     0   -35.0   45.755 -118.970    547.3    948.7
     1     1    17     8     5     8     0     0   -36.0   45.720 -118.984    551.3    948.1
     1     1    17     8     5     7     0     0   -37.0   45.693 -118.996    548.4    947.7
     1     1    17     8     5     6     0     0   -38.0   45.665 -118.965    541.0    949.7
     1     1    17     8     5     5     0     0   -39.0   45.657 -118.958    544.2    949.4
     1     1    17     8     5     4     0     0   -40.0   45.630 -118.966    545.3    948.4
     1     1    17     8     5     3     0     0   -41.0   45.569 -118.939    546.2    948.6
     1     1    17     8     5     2     0     0   -42.0   45.493 -118.914    543.9    948.2
     1     1    17     8     5     1     0     0   -43.0   45.417 -118.892    531.1    950.4
