     1     1
    SITE    10     3     1     0     0
     1 BACKWARD OMEGA   
    17     8     7    17   46.392 -119.412   700.0
     1 PRESSURE
     1     1    17     8     7    17     0     0     0.0   46.392 -119.412    700.0    931.4
     1     1    17     8     7    16     0     0    -1.0   46.310 -119.386    701.3    931.3
     1     1    17     8     7    15     0     0    -2.0   46.216 -119.343    703.3    930.9
     1     1    17     8     7    14     0     0    -3.0   46.105 -119.290    695.9    932.6
     1     1    17     8     7    13     0     0    -4.0   45.979 -119.254    709.7    929.9
     1     1    17     8     7    12     0     0    -5.0   45.860 -119.229    701.4    929.7
     1     1    17     8     7    11     0     0    -6.0   45.761 -119.196    652.8    936.3
     1     1    17     8     7    10     0     0    -7.0   45.721 -119.135    630.1    940.3
     1     1    17     8     7     9     0     0    -8.0   45.710 -119.068    629.0    939.5
     1     1    17     8     7     8     0     0    -9.0   45.687 -119.015    627.3    940.6
     1     1    17     8     7     7     0     0   -10.0   45.661 -118.979    630.4    939.9
     1     1    17     8     7     6     0     0   -11.0   45.630 -118.976    630.4    939.5
     1     1    17     8     7     5     0     0   -12.0   45.602 -118.990    627.1    940.1
     1     1    17     8     7     4     0     0   -13.0   45.601 -119.005    624.0    940.5
     1     1    17     8     7     3     0     0   -14.0   45.629 -119.025    628.9    940.6
     1     1    17     8     7     2     0     0   -15.0   45.634 -119.057    637.7    938.5
     1     1    17     8     7     1     0     0   -16.0   45.613 -119.068    642.6    938.4
     1     1    17     8     7     0     0     0   -17.0   45.573 -119.079    640.2    937.7
     1     1    17     8     6    23     0     0   -18.0   45.536 -119.103    636.4    939.6
     1     1    17     8     6    22     0     0   -19.0   45.510 -119.118    634.1    938.7
     1     1    17     8     6    21     0     0   -20.0   45.507 -119.141    636.6    940.1
     1     1    17     8     6    20     0     0   -21.0   45.512 -119.164    637.7    937.9
     1     1    17     8     6    19     0     0   -22.0   45.523 -119.201    636.7    939.7
     1     1    17     8     6    18     0     0   -23.0   45.570 -119.238    635.2    938.6
     1     1    17     8     6    17     0     0   -24.0   45.586 -119.286    633.8    939.5
     1     1    17     8     6    16     0     0   -25.0   45.567 -119.278    638.4    938.4
     1     1    17     8     6    15     0     0   -26.0   45.589 -119.199    621.2    940.3
     1     1    17     8     6    14     0     0   -27.0   45.651 -119.141    624.1    943.1
     1     1    17     8     6    13     0     0   -28.0   45.708 -119.093    642.6    936.3
     1     1    17     8     6    12     0     0   -29.0   45.728 -119.024    633.5    938.0
     1     1    17     8     6    11     0     0   -30.0   45.753 -118.960    618.4    941.5
     1     1    17     8     6    10     0     0   -31.0   45.804 -118.922    610.6    942.7
     1     1    17     8     6     9     0     0   -32.0   45.806 -118.891    603.4    941.9
     1     1    17     8     6     8     0     0   -33.0   45.765 -118.882    596.4    943.6
     1     1    17     8     6     7     0     0   -34.0   45.729 -118.889    593.3    943.8
     1     1    17     8     6     6     0     0   -35.0   45.698 -118.900    591.8    943.8
     1     1    17     8     6     5     0     0   -36.0   45.661 -118.885    592.8    943.9
     1     1    17     8     6     4     0     0   -37.0   45.626 -118.861    596.9    943.1
     1     1    17     8     6     3     0     0   -38.0   45.599 -118.871    594.0    943.1
     1     1    17     8     6     2     0     0   -39.0   45.568 -118.872    593.4    944.3
     1     1    17     8     6     1     0     0   -40.0   45.528 -118.873    595.0    943.4
     1     1    17     8     6     0     0     0   -41.0   45.499 -118.908    600.3    943.3
     1     1    17     8     5    23     0     0   -42.0   45.511 -118.951    603.4    941.9
     1     1    17     8     5    22     0     0   -43.0   45.518 -118.988    602.3    942.8
     1     1    17     8     5    21     0     0   -44.0   45.488 -119.019    597.6    942.1
     1     1    17     8     5    20     0     0   -45.0   45.441 -119.057    578.9    944.7
     1     1    17     8     5    19     0     0   -46.0   45.385 -119.098    566.5    947.2
