     1     1
    SITE    10     3     1     0     0
     1 BACKWARD OMEGA   
    17     8    29     8   46.392 -119.412   700.0
     1 PRESSURE
     1     1    17     8    29     8     0     0     0.0   46.392 -119.412    700.0    931.4
     1     1    17     8    29     7     0     0    -1.0   46.396 -119.386    686.4    933.0
     1     1    17     8    29     6     0     0    -2.0   46.371 -119.363    679.2    933.4
     1     1    17     8    29     5     0     0    -3.0   46.345 -119.364    669.8    935.2
     1     1    17     8    29     4     0     0    -4.0   46.336 -119.396    666.8    935.8
     1     1    17     8    29     3     0     0    -5.0   46.364 -119.429    678.6    935.0
     1     1    17     8    29     2     0     0    -6.0   46.412 -119.460    695.4    931.1
     1     1    17     8    29     1     0     0    -7.0   46.426 -119.531    690.9    930.8
     1     1    17     8    29     0     0     0    -8.0   46.375 -119.587    678.4    933.9
     1     1    17     8    28    23     0     0    -9.0   46.305 -119.614    673.4    934.8
     1     1    17     8    28    22     0     0   -10.0   46.264 -119.656    672.9    934.3
     1     1    17     8    28    21     0     0   -11.0   46.261 -119.693    666.9    935.7
     1     1    17     8    28    20     0     0   -12.0   46.257 -119.766    665.5    935.3
     1     1    17     8    28    19     0     0   -13.0   46.227 -119.839    666.3    935.5
     1     1    17     8    28    18     0     0   -14.0   46.239 -119.894    665.2    935.1
     1     1    17     8    28    17     0     0   -15.0   46.307 -119.965    665.3    936.9
     1     1    17     8    28    16     0     0   -16.0   46.335 -120.056    674.1    933.7
     1     1    17     8    28    15     0     0   -17.0   46.374 -120.133    656.9    936.4
     1     1    17     8    28    14     0     0   -18.0   46.408 -120.096    652.9    937.1
     1     1    17     8    28    13     0     0   -19.0   46.437 -120.002    663.5    936.4
     1     1    17     8    28    12     0     0   -20.0   46.533 -119.960    669.8    935.4
     1     1    17     8    28    11     0     0   -21.0   46.642 -119.951    652.6    936.8
     1     1    17     8    28    10     0     0   -22.0   46.771 -119.976    634.3    938.5
     1     1    17     8    28     9     0     0   -23.0   46.916 -120.044    627.4    940.2
     1     1    17     8    28     8     0     0   -24.0   46.936 -120.090    623.3    940.3
     1     1    17     8    28     7     0     0   -25.0   46.871 -120.130    623.0    940.4
     1     1    17     8    28     6     0     0   -26.0   46.884 -120.200    616.3    940.9
     1     1    17     8    28     5     0     0   -27.0   46.940 -120.183    612.1    943.1
     1     1    17     8    28     4     0     0   -28.0   46.956 -120.110    609.7    941.6
     1     1    17     8    28     3     0     0   -29.0   46.914 -120.082    595.9    942.8
     1     1    17     8    28     2     0     0   -30.0   46.870 -120.059    586.4    944.8
     1     1    17     8    28     1     0     0   -31.0   46.820 -120.017    578.0    945.0
     1     1    17     8    28     0     0     0   -32.0   46.772 -119.971    579.1    946.1
     1     1    17     8    27    23     0     0   -33.0   46.735 -119.947    577.8    944.3
     1     1    17     8    27    22     0     0   -34.0   46.707 -119.964    575.0    946.3
     1     1    17     8    27    21     0     0   -35.0   46.696 -119.995    575.9    945.4
     1     1    17     8    27    20     0     0   -36.0   46.699 -120.044    578.9    945.4
     1     1    17     8    27    19     0     0   -37.0   46.697 -120.094    583.3    944.4
     1     1    17     8    27    18     0     0   -38.0   46.680 -120.130    585.9    944.6
     1     1    17     8    27    17     0     0   -39.0   46.639 -120.155    587.5    943.8
     1     1    17     8    27    16     0     0   -40.0   46.579 -120.172    585.1    944.7
     1     1    17     8    27    15     0     0   -41.0   46.571 -120.173    580.4    944.7
     1     1    17     8    27    14     0     0   -42.0   46.610 -120.121    575.0    947.3
     1     1    17     8    27    13     0     0   -43.0   46.630 -120.041    587.4    945.0
     1     1    17     8    27    12     0     0   -44.0   46.615 -119.962    592.1    942.5
     1     1    17     8    27    11     0     0   -45.0   46.574 -119.914    598.6    943.2
     1     1    17     8    27    10     0     0   -46.0   46.529 -119.897    593.7    942.4
     1     1    17     8    27     9     0     0   -47.0   46.484 -119.887    588.2    945.3
     1     1    17     8    27     8     0     0   -48.0   46.447 -119.869    587.2    943.7
     1     1    17     8    27     7     0     0   -49.0   46.421 -119.866    584.4    944.6
     1     1    17     8    27     6     0     0   -50.0   46.427 -119.891    588.6    944.7
     1     1    17     8    27     5     0     0   -51.0   46.456 -119.925    593.8    943.1
     1     1    17     8    27     4     0     0   -52.0   46.474 -119.967    591.2    943.5
     1     1    17     8    27     3     0     0   -53.0   46.476 -120.007    585.8    944.5
     1     1    17     8    27     2     0     0   -54.0   46.457 -120.049    581.3    944.8
     1     1    17     8    27     1     0     0   -55.0   46.419 -120.080    576.8    945.4
     1     1    17     8    27     0     0     0   -56.0   46.371 -120.114    567.5    945.7
     1     1    17     8    26    23     0     0   -57.0   46.335 -120.182    559.3    948.0
     1     1    17     8    26    22     0     0   -58.0   46.306 -120.217    558.0    947.6
     1     1    17     8    26    21     0     0   -59.0   46.299 -120.234    551.6    947.8
     1     1    17     8    26    20     0     0   -60.0   46.305 -120.270    549.9    948.2
     1     1    17     8    26    19     0     0   -61.0   46.288 -120.302    546.1    948.7
     1     1    17     8    26    18     0     0   -62.0   46.245 -120.320    551.6    949.0
     1     1    17     8    26    17     0     0   -63.0   46.251 -120.291    559.5    946.9
     1     1    17     8    26    16     0     0   -64.0   46.312 -120.217    576.7    945.7
     1     1    17     8    26    15     0     0   -65.0   46.315 -120.130    579.9    942.7
     1     1    17     8    26    14     0     0   -66.0   46.318 -120.050    568.6    948.3
     1     1    17     8    26    13     0     0   -67.0   46.352 -119.957    570.8    945.7
     1     1    17     8    26    12     0     0   -68.0   46.385 -119.868    570.4    945.8
     1     1    17     8    26    11     0     0   -69.0   46.417 -119.782    560.5    946.8
     1     1    17     8    26    10     0     0   -70.0   46.448 -119.704    557.7    947.8
     1     1    17     8    26     9     0     0   -71.0   46.463 -119.712    556.1    946.7
     1     1    17     8    26     8     0     0   -72.0   46.439 -119.741    549.2    948.2
