     1     1
    SITE    10     3     1     0     0
     1 BACKWARD OMEGA   
    17     8    26    12   46.392 -119.412   700.0
     1 PRESSURE
     1     1    17     8    26    12     0     0     0.0   46.392 -119.412    700.0    931.4
     1     1    17     8    26    11     0     0    -1.0   46.424 -119.327    695.3    932.0
     1     1    17     8    26    10     0     0    -2.0   46.455 -119.248    705.0    930.7
     1     1    17     8    26     9     0     0    -3.0   46.470 -119.252    706.6    929.7
     1     1    17     8    26     8     0     0    -4.0   46.445 -119.281    703.6    931.5
     1     1    17     8    26     7     0     0    -5.0   46.412 -119.273    699.9    931.1
     1     1    17     8    26     6     0     0    -6.0   46.399 -119.292    696.7    932.3
     1     1    17     8    26     5     0     0    -7.0   46.393 -119.295    700.1    931.8
     1     1    17     8    26     4     0     0    -8.0   46.392 -119.297    693.2    930.0
     1     1    17     8    26     3     0     0    -9.0   46.392 -119.324    680.3    935.4
     1     1    17     8    26     2     0     0   -10.0   46.380 -119.346    678.4    933.6
     1     1    17     8    26     1     0     0   -11.0   46.369 -119.371    676.1    934.5
     1     1    17     8    26     0     0     0   -12.0   46.342 -119.407    666.9    934.3
     1     1    17     8    25    23     0     0   -13.0   46.339 -119.458    658.6    936.9
     1     1    17     8    25    22     0     0   -14.0   46.347 -119.510    653.9    936.5
     1     1    17     8    25    21     0     0   -15.0   46.309 -119.558    645.3    938.2
     1     1    17     8    25    20     0     0   -16.0   46.248 -119.597    630.9    939.3
     1     1    17     8    25    19     0     0   -17.0   46.163 -119.604    622.4    941.6
     1     1    17     8    25    18     0     0   -18.0   46.059 -119.575    620.8    940.3
     1     1    17     8    25    17     0     0   -19.0   45.954 -119.544    615.9    941.7
     1     1    17     8    25    16     0     0   -20.0   45.866 -119.506    617.0    940.4
     1     1    17     8    25    15     0     0   -21.0   45.790 -119.458    609.9    942.1
     1     1    17     8    25    14     0     0   -22.0   45.710 -119.405    621.8    941.0
     1     1    17     8    25    13     0     0   -23.0   45.630 -119.395    641.9    938.6
     1     1    17     8    25    12     0     0   -24.0   45.566 -119.391    655.6    936.1
     1     1    17     8    25    11     0     0   -25.0   45.506 -119.374    643.4    938.2
     1     1    17     8    25    10     0     0   -26.0   45.451 -119.358    636.2    939.1
     1     1    17     8    25     9     0     0   -27.0   45.446 -119.310    630.3    939.8
     1     1    17     8    25     8     0     0   -28.0   45.453 -119.257    633.4    939.4
     1     1    17     8    25     7     0     0   -29.0   45.424 -119.224    633.9    939.1
     1     1    17     8    25     6     0     0   -30.0   45.398 -119.193    630.7    939.9
