     1     1
    SITE    10     3     1     0     0
     1 BACKWARD OMEGA   
    17     8     4     8   46.392 -119.412   700.0
     1 PRESSURE
     1     1    17     8     4     8     0     0     0.0   46.392 -119.412    700.0    931.4
     1     1    17     8     4     7     0     0    -1.0   46.393 -119.460    691.8    932.4
     1     1    17     8     4     6     0     0    -2.0   46.400 -119.498    694.0    932.9
     1     1    17     8     4     5     0     0    -3.0   46.383 -119.552    711.5    931.1
     1     1    17     8     4     4     0     0    -4.0   46.321 -119.547    737.6    926.6
     1     1    17     8     4     3     0     0    -5.0   46.275 -119.477    736.1    926.9
     1     1    17     8     4     2     0     0    -6.0   46.242 -119.460    733.7    928.7
     1     1    17     8     4     1     0     0    -7.0   46.190 -119.456    738.9    927.9
     1     1    17     8     4     0     0     0    -8.0   46.136 -119.428    751.3    926.8
     1     1    17     8     3    23     0     0    -9.0   46.107 -119.396    760.4    923.3
     1     1    17     8     3    22     0     0   -10.0   46.098 -119.336    751.4    925.0
     1     1    17     8     3    21     0     0   -11.0   46.059 -119.293    745.3    927.1
     1     1    17     8     3    20     0     0   -12.0   45.983 -119.303    747.1    925.6
     1     1    17     8     3    19     0     0   -13.0   45.915 -119.332    743.7    926.4
     1     1    17     8     3    18     0     0   -14.0   45.847 -119.343    743.8    926.7
     1     1    17     8     3    17     0     0   -15.0   45.758 -119.287    736.6    925.8
     1     1    17     8     3    16     0     0   -16.0   45.681 -119.171    728.3    928.0
     1     1    17     8     3    15     0     0   -17.0   45.637 -119.034    717.1    929.2
     1     1    17     8     3    14     0     0   -18.0   45.591 -118.915    702.6    931.1
     1     1    17     8     3    13     0     0   -19.0   45.531 -118.892    692.7    932.7
     1     1    17     8     3    12     0     0   -20.0   45.489 -118.981    693.8    932.7
     1     1    17     8     3    11     0     0   -21.0   45.531 -119.057    721.6    928.5
     1     1    17     8     3    10     0     0   -22.0   45.628 -119.094    722.0    929.7
     1     1    17     8     3     9     0     0   -23.0   45.665 -119.173    716.8    929.0
     1     1    17     8     3     8     0     0   -24.0   45.646 -119.218    713.2    930.0
     1     1    17     8     3     7     0     0   -25.0   45.613 -119.215    716.4    929.4
     1     1    17     8     3     6     0     0   -26.0   45.578 -119.221    719.9    929.3
     1     1    17     8     3     5     0     0   -27.0   45.546 -119.246    722.1    928.5
     1     1    17     8     3     4     0     0   -28.0   45.532 -119.292    724.0    928.6
     1     1    17     8     3     3     0     0   -29.0   45.536 -119.352    722.4    928.3
     1     1    17     8     3     2     0     0   -30.0   45.543 -119.422    723.3    929.9
     1     1    17     8     3     1     0     0   -31.0   45.550 -119.484    738.4    927.2
     1     1    17     8     3     0     0     0   -32.0   45.540 -119.535    756.3    925.1
     1     1    17     8     2    23     0     0   -33.0   45.529 -119.586    758.0    923.0
     1     1    17     8     2    22     0     0   -34.0   45.548 -119.645    747.8    926.0
     1     1    17     8     2    21     0     0   -35.0   45.566 -119.716    737.4    926.3
     1     1    17     8     2    20     0     0   -36.0   45.596 -119.794    747.9    928.1
     1     1    17     8     2    19     0     0   -37.0   45.659 -119.854    777.4    921.6
     1     1    17     8     2    18     0     0   -38.0   45.690 -119.970    781.0    922.1
     1     1    17     8     2    17     0     0   -39.0   45.619 -120.057    804.4    919.4
     1     1    17     8     2    16     0     0   -40.0   45.610 -120.029    788.4    920.7
     1     1    17     8     2    15     0     0   -41.0   45.608 -120.009    762.4    924.7
     1     1    17     8     2    14     0     0   -42.0   45.471 -120.011    758.9    925.1
