     1     1
    SITE    10     3     1     0     0
     1 BACKWARD OMEGA   
    17     8    18    17   46.392 -119.412   700.0
     1 PRESSURE
     1     1    17     8    18    17     0     0     0.0   46.392 -119.412    700.0    931.4
     1     1    17     8    18    16     0     0    -1.0   46.571 -119.662    749.8    925.8
     1     1    17     8    18    15     0     0    -2.0   46.588 -119.836    765.3    923.7
     1     1    17     8    18    14     0     0    -3.0   46.444 -119.873    747.1    925.9
     1     1    17     8    18    13     0     0    -4.0   46.304 -119.902    728.2    928.6
     1     1    17     8    18    12     0     0    -5.0   46.192 -119.878    712.8    930.0
     1     1    17     8    18    11     0     0    -6.0   46.076 -119.802    716.7    928.6
     1     1    17     8    18    10     0     0    -7.0   45.946 -119.770    691.6    932.8
     1     1    17     8    18     9     0     0    -8.0   45.799 -119.796    666.5    935.9
     1     1    17     8    18     8     0     0    -9.0   45.655 -119.837    688.5    932.5
     1     1    17     8    18     7     0     0   -10.0   45.579 -119.871    703.5    930.9
     1     1    17     8    18     6     0     0   -11.0   45.584 -119.906    698.2    931.1
     1     1    17     8    18     5     0     0   -12.0   45.599 -119.953    683.7    934.4
     1     1    17     8    18     4     0     0   -13.0   45.557 -119.970    677.7    933.8
     1     1    17     8    18     3     0     0   -14.0   45.495 -119.945    656.9    937.7
     1     1    17     8    18     2     0     0   -15.0   45.480 -119.947    663.4    935.2
     1     1    17     8    18     1     0     0   -16.0   45.472 -119.948    658.4    935.8
     1     1    17     8    18     0     0     0   -17.0   45.441 -119.907    654.8    937.4
     1     1    17     8    17    23     0     0   -18.0   45.397 -119.858    657.6    936.4
