     1     1
    SITE    10     3     1     0     0
     1 BACKWARD OMEGA   
    17     8    10    20   46.392 -119.412   700.0
     1 PRESSURE
     1     1    17     8    10    20     0     0     0.0   46.392 -119.412    700.0    931.4
     1     1    17     8    10    19     0     0    -1.0   46.367 -119.455    699.6    931.5
     1     1    17     8    10    18     0     0    -2.0   46.320 -119.476    699.4    932.1
     1     1    17     8    10    17     0     0    -3.0   46.281 -119.426    709.3    930.4
     1     1    17     8    10    16     0     0    -4.0   46.274 -119.328    726.5    929.0
     1     1    17     8    10    15     0     0    -5.0   46.278 -119.226    743.1    925.9
     1     1    17     8    10    14     0     0    -6.0   46.293 -119.125    734.9    927.5
     1     1    17     8    10    13     0     0    -7.0   46.291 -119.019    715.9    929.9
     1     1    17     8    10    12     0     0    -8.0   46.262 -118.941    709.2    930.4
     1     1    17     8    10    11     0     0    -9.0   46.216 -118.909    702.5    931.0
     1     1    17     8    10    10     0     0   -10.0   46.164 -118.894    696.2    931.9
     1     1    17     8    10     9     0     0   -11.0   46.113 -118.863    691.6    932.6
     1     1    17     8    10     8     0     0   -12.0   46.051 -118.818    679.4    932.6
     1     1    17     8    10     7     0     0   -13.0   45.985 -118.790    666.5    935.9
     1     1    17     8    10     6     0     0   -14.0   45.942 -118.763    668.3    934.9
     1     1    17     8    10     5     0     0   -15.0   45.920 -118.761    662.9    935.4
     1     1    17     8    10     4     0     0   -16.0   45.896 -118.778    660.7    936.6
     1     1    17     8    10     3     0     0   -17.0   45.852 -118.770    658.2    936.2
     1     1    17     8    10     2     0     0   -18.0   45.824 -118.795    656.1    936.6
     1     1    17     8    10     1     0     0   -19.0   45.818 -118.848    656.1    937.3
     1     1    17     8    10     0     0     0   -20.0   45.785 -118.876    646.1    936.1
     1     1    17     8     9    23     0     0   -21.0   45.753 -118.927    649.1    939.4
     1     1    17     8     9    22     0     0   -22.0   45.712 -118.962    659.6    936.9
     1     1    17     8     9    21     0     0   -23.0   45.667 -118.973    668.7    934.9
     1     1    17     8     9    20     0     0   -24.0   45.656 -119.026    673.1    934.8
     1     1    17     8     9    19     0     0   -25.0   45.617 -119.058    667.3    933.6
     1     1    17     8     9    18     0     0   -26.0   45.604 -119.011    686.5    933.5
     1     1    17     8     9    17     0     0   -27.0   45.655 -118.900    683.2    928.6
     1     1    17     8     9    16     0     0   -28.0   45.702 -118.777    662.6    936.9
     1     1    17     8     9    15     0     0   -29.0   45.714 -118.663    675.6    933.8
     1     1    17     8     9    14     0     0   -30.0   45.668 -118.601    676.8    934.3
     1     1    17     8     9    13     0     0   -31.0   45.589 -118.592    683.7    933.4
     1     1    17     8     9    12     0     0   -32.0   45.518 -118.550    691.8    931.9
     1     1    17     8     9    11     0     0   -33.0   45.461 -118.507    670.9    935.4
     1     1    17     8     9    10     0     0   -34.0   45.412 -118.485    658.6    936.4
     1     1    17     8     9     9     0     0   -35.0   45.366 -118.463    650.9    937.5
