     1     1
    SITE    10     3     1     0     0
     1 BACKWARD OMEGA   
    17     8    14     8   46.392 -119.412   700.0
     1 PRESSURE
     1     1    17     8    14     8     0     0     0.0   46.392 -119.412    700.0    931.4
     1     1    17     8    14     7     0     0    -1.0   46.303 -119.441    708.2    930.4
     1     1    17     8    14     6     0     0    -2.0   46.254 -119.447    701.7    931.3
     1     1    17     8    14     5     0     0    -3.0   46.242 -119.460    701.7    931.2
     1     1    17     8    14     4     0     0    -4.0   46.210 -119.485    700.7    931.0
     1     1    17     8    14     3     0     0    -5.0   46.147 -119.494    693.0    933.2
     1     1    17     8    14     2     0     0    -6.0   46.079 -119.483    700.7    932.2
     1     1    17     8    14     1     0     0    -7.0   46.012 -119.469    710.4    929.7
     1     1    17     8    14     0     0     0    -8.0   45.948 -119.460    723.3    929.8
     1     1    17     8    13    23     0     0    -9.0   45.875 -119.449    749.6    925.6
     1     1    17     8    13    22     0     0   -10.0   45.803 -119.449    778.0    922.5
     1     1    17     8    13    21     0     0   -11.0   45.834 -119.547    782.0    921.2
     1     1    17     8    13    20     0     0   -12.0   45.996 -119.732    781.0    922.7
     1     1    17     8    13    19     0     0   -13.0   46.152 -119.894    823.4    917.8
     1     1    17     8    13    18     0     0   -14.0   46.269 -120.061    852.9    915.9
     1     1    17     8    13    17     0     0   -15.0   46.367 -120.268    894.8    909.9
     1     1    17     8    13    16     0     0   -16.0   46.344 -120.474    887.5    911.4
     1     1    17     8    13    15     0     0   -17.0   46.192 -120.603    905.7    908.0
     1     1    17     8    13    14     0     0   -18.0   46.018 -120.648    923.7    907.2
     1     1    17     8    13    13     0     0   -19.0   45.847 -120.678    968.1    902.2
     1     1    17     8    13    12     0     0   -20.0   45.659 -120.730    933.2    907.2
     1     1    17     8    13    11     0     0   -21.0   45.591 -120.757    924.9    906.9
     1     1    17     8    13    10     0     0   -22.0   45.591 -120.757    924.9    906.9
     1     1    17     8    13     9     0     0   -23.0   45.591 -120.757    924.9    906.9
     1     1    17     8    13     8     0     0   -24.0   45.591 -120.757    924.9    906.9
     1     1    17     8    13     7     0     0   -25.0   45.591 -120.757    924.9    906.9
     1     1    17     8    13     6     0     0   -26.0   45.591 -120.757    924.9    906.9
     1     1    17     8    13     5     0     0   -27.0   45.591 -120.757    924.9    906.9
     1     1    17     8    13     4     0     0   -28.0   45.618 -120.866    942.6    904.5
