     1     1
    SITE    10     3     1     0     0
     1 BACKWARD OMEGA   
    17     8     9    15   46.392 -119.412   700.0
     1 PRESSURE
     1     1    17     8     9    15     0     0     0.0   46.392 -119.412    700.0    931.4
     1     1    17     8     9    14     0     0    -1.0   46.345 -119.348    696.2    931.9
     1     1    17     8     9    13     0     0    -2.0   46.267 -119.335    700.0    931.2
     1     1    17     8     9    12     0     0    -3.0   46.194 -119.291    697.8    931.3
     1     1    17     8     9    11     0     0    -4.0   46.136 -119.245    691.4    932.8
     1     1    17     8     9    10     0     0    -5.0   46.089 -119.221    696.3    932.2
     1     1    17     8     9     9     0     0    -6.0   46.042 -119.199    700.9    930.8
     1     1    17     8     9     8     0     0    -7.0   45.987 -119.184    703.5    931.4
     1     1    17     8     9     7     0     0    -8.0   45.925 -119.160    712.1    930.8
     1     1    17     8     9     6     0     0    -9.0   45.883 -119.137    725.6    928.2
     1     1    17     8     9     5     0     0   -10.0   45.864 -119.152    729.3    927.5
     1     1    17     8     9     4     0     0   -11.0   45.842 -119.181    720.9    928.7
     1     1    17     8     9     3     0     0   -12.0   45.814 -119.213    718.9    930.6
     1     1    17     8     9     2     0     0   -13.0   45.806 -119.260    730.5    928.1
     1     1    17     8     9     1     0     0   -14.0   45.787 -119.286    728.4    926.4
     1     1    17     8     9     0     0     0   -15.0   45.762 -119.328    716.0    929.5
     1     1    17     8     8    23     0     0   -16.0   45.751 -119.385    708.9    930.7
     1     1    17     8     8    22     0     0   -17.0   45.725 -119.437    715.0    930.8
     1     1    17     8     8    21     0     0   -18.0   45.702 -119.480    721.8    928.2
     1     1    17     8     8    20     0     0   -19.0   45.686 -119.509    720.4    929.0
     1     1    17     8     8    19     0     0   -20.0   45.660 -119.549    729.7    929.4
     1     1    17     8     8    18     0     0   -21.0   45.629 -119.536    736.8    925.8
     1     1    17     8     8    17     0     0   -22.0   45.625 -119.458    737.1    927.0
     1     1    17     8     8    16     0     0   -23.0   45.622 -119.370    742.0    928.1
     1     1    17     8     8    15     0     0   -24.0   45.609 -119.256    759.4    925.3
     1     1    17     8     8    14     0     0   -25.0   45.581 -119.137    767.1    923.9
     1     1    17     8     8    13     0     0   -26.0   45.517 -119.038    753.6    924.7
     1     1    17     8     8    12     0     0   -27.0   45.436 -118.969    728.9    927.8
