     1     1
    SITE    10     3     1     0     0
     1 BACKWARD OMEGA   
    17     8    25    19   46.392 -119.412   700.0
     1 PRESSURE
     1     1    17     8    25    19     0     0     0.0   46.392 -119.412    700.0    931.4
     1     1    17     8    25    18     0     0    -1.0   46.290 -119.382    692.8    932.3
     1     1    17     8    25    17     0     0    -2.0   46.188 -119.352    690.2    932.9
     1     1    17     8    25    16     0     0    -3.0   46.099 -119.314    706.7    931.3
     1     1    17     8    25    15     0     0    -4.0   46.024 -119.262    719.4    929.1
     1     1    17     8    25    14     0     0    -5.0   45.945 -119.206    704.3    930.1
     1     1    17     8    25    13     0     0    -6.0   45.866 -119.194    678.9    934.3
     1     1    17     8    25    12     0     0    -7.0   45.805 -119.190    676.2    934.3
     1     1    17     8    25    11     0     0    -8.0   45.746 -119.172    685.0    933.3
     1     1    17     8    25    10     0     0    -9.0   45.691 -119.152    699.0    932.6
     1     1    17     8    25     9     0     0   -10.0   45.685 -119.102    711.8    927.0
     1     1    17     8    25     8     0     0   -11.0   45.691 -119.050    707.2    931.6
     1     1    17     8    25     7     0     0   -12.0   45.662 -119.020    704.9    930.2
     1     1    17     8    25     6     0     0   -13.0   45.638 -118.990    698.9    932.2
     1     1    17     8    25     5     0     0   -14.0   45.639 -118.946    698.6    931.8
     1     1    17     8    25     4     0     0   -15.0   45.633 -118.911    702.5    931.4
     1     1    17     8    25     3     0     0   -16.0   45.633 -118.910    708.1    930.5
     1     1    17     8    25     2     0     0   -17.0   45.628 -118.935    712.7    929.8
     1     1    17     8    25     1     0     0   -18.0   45.598 -118.959    714.6    929.9
     1     1    17     8    25     0     0     0   -19.0   45.548 -118.960    722.5    929.1
     1     1    17     8    24    23     0     0   -20.0   45.481 -118.946    727.4    927.1
     1     1    17     8    24    22     0     0   -21.0   45.444 -119.007    737.0    928.9
     1     1    17     8    24    21     0     0   -22.0   45.507 -119.162    702.7    927.2
     1     1    17     8    24    20     0     0   -23.0   45.697 -119.384    659.1    936.1
     1     1    17     8    24    19     0     0   -24.0   45.939 -119.635    620.8    939.4
     1     1    17     8    24    18     0     0   -25.0   46.169 -119.900    600.8    942.8
     1     1    17     8    24    17     0     0   -26.0   46.413 -120.173    623.4    938.2
     1     1    17     8    24    16     0     0   -27.0   46.653 -120.428    634.8    938.1
     1     1    17     8    24    15     0     0   -28.0   46.842 -120.619    709.3    930.6
     1     1    17     8    24    14     0     0   -29.0   46.975 -120.757    763.4    924.3
