     1     1
    SITE    10     3     1     0     0
     1 BACKWARD OMEGA   
    17     8    15    23   46.392 -119.412   700.0
     1 PRESSURE
     1     1    17     8    15    23     0     0     0.0   46.392 -119.412    700.0    931.4
     1     1    17     8    15    22     0     0    -1.0   46.356 -119.424    698.1    931.6
     1     1    17     8    15    21     0     0    -2.0   46.318 -119.445    699.2    932.3
     1     1    17     8    15    20     0     0    -3.0   46.258 -119.468    704.1    931.1
     1     1    17     8    15    19     0     0    -4.0   46.185 -119.464    698.0    931.6
     1     1    17     8    15    18     0     0    -5.0   46.104 -119.427    702.3    932.0
     1     1    17     8    15    17     0     0    -6.0   46.016 -119.378    718.1    929.3
     1     1    17     8    15    16     0     0    -7.0   45.953 -119.311    723.7    929.1
     1     1    17     8    15    15     0     0    -8.0   45.891 -119.264    741.4    926.7
     1     1    17     8    15    14     0     0    -9.0   45.811 -119.246    745.6    926.1
     1     1    17     8    15    13     0     0   -10.0   45.731 -119.254    748.2    926.0
     1     1    17     8    15    12     0     0   -11.0   45.652 -119.288    752.7    925.4
     1     1    17     8    15    11     0     0   -12.0   45.588 -119.277    744.4    925.8
     1     1    17     8    15    10     0     0   -13.0   45.556 -119.308    734.4    928.0
     1     1    17     8    15     9     0     0   -14.0   45.529 -119.348    734.7    927.2
     1     1    17     8    15     8     0     0   -15.0   45.496 -119.360    728.1    927.3
     1     1    17     8    15     7     0     0   -16.0   45.467 -119.381    730.6    929.6
     1     1    17     8    15     6     0     0   -17.0   45.460 -119.390    739.0    926.2
     1     1    17     8    15     5     0     0   -18.0   45.454 -119.399    743.9    927.0
     1     1    17     8    15     4     0     0   -19.0   45.426 -119.403    743.0    925.6
     1     1    17     8    15     3     0     0   -20.0   45.417 -119.432    745.0    927.4
     1     1    17     8    15     2     0     0   -21.0   45.409 -119.431    750.0    924.9
     1     1    17     8    15     1     0     0   -22.0   45.404 -119.431    747.8    926.1
     1     1    17     8    15     0     0     0   -23.0   45.414 -119.483    747.0    926.1
     1     1    17     8    14    23     0     0   -24.0   45.420 -119.539    749.5    925.9
     1     1    17     8    14    22     0     0   -25.0   45.408 -119.600    751.9    925.3
     1     1    17     8    14    21     0     0   -26.0   45.366 -119.645    758.3    925.3
