     1     1
    SITE    10     3     1     0     0
     1 BACKWARD OMEGA   
    17     8     5     5   46.392 -119.412   700.0
     1 PRESSURE
     1     1    17     8     5     5     0     0     0.0   46.392 -119.412    700.0    931.4
     1     1    17     8     5     4     0     0    -1.0   46.366 -119.420    701.1    931.3
     1     1    17     8     5     3     0     0    -2.0   46.306 -119.394    698.0    931.5
     1     1    17     8     5     2     0     0    -3.0   46.230 -119.368    691.6    932.3
     1     1    17     8     5     1     0     0    -4.0   46.155 -119.348    687.1    933.2
     1     1    17     8     5     0     0     0    -5.0   46.100 -119.291    705.3    931.2
     1     1    17     8     4    23     0     0    -6.0   46.042 -119.245    718.8    926.0
     1     1    17     8     4    22     0     0    -7.0   46.047 -119.272    719.9    929.1
     1     1    17     8     4    21     0     0    -8.0   46.129 -119.314    736.2    928.1
     1     1    17     8     4    20     0     0    -9.0   46.197 -119.344    758.5    924.3
     1     1    17     8     4    19     0     0   -10.0   46.213 -119.400    771.4    923.7
     1     1    17     8     4    18     0     0   -11.0   46.237 -119.411    799.3    919.5
     1     1    17     8     4    17     0     0   -12.0   46.308 -119.327    825.2    917.6
     1     1    17     8     4    16     0     0   -13.0   46.341 -119.310    833.1    916.2
     1     1    17     8     4    15     0     0   -14.0   46.370 -119.374    835.7    916.3
     1     1    17     8     4    14     0     0   -15.0   46.383 -119.458    845.5    915.3
     1     1    17     8     4    13     0     0   -16.0   46.332 -119.544    848.4    914.6
     1     1    17     8     4    12     0     0   -17.0   46.312 -119.623    849.2    915.1
     1     1    17     8     4    11     0     0   -18.0   46.308 -119.722    867.8    913.9
     1     1    17     8     4    10     0     0   -19.0   46.275 -119.876    882.3    910.8
     1     1    17     8     4     9     0     0   -20.0   46.283 -120.036    870.4    912.5
     1     1    17     8     4     8     0     0   -21.0   46.311 -120.119    862.6    913.7
     1     1    17     8     4     7     0     0   -22.0   46.311 -120.166    867.8    913.4
     1     1    17     8     4     6     0     0   -23.0   46.318 -120.204    870.7    911.6
     1     1    17     8     4     5     0     0   -24.0   46.301 -120.258    866.6    913.4
     1     1    17     8     4     4     0     0   -25.0   46.239 -120.253    884.6    911.6
     1     1    17     8     4     3     0     0   -26.0   46.193 -120.182    877.9    911.9
     1     1    17     8     4     2     0     0   -27.0   46.160 -120.166    880.4    912.4
     1     1    17     8     4     1     0     0   -28.0   46.108 -120.165    904.8    909.8
     1     1    17     8     4     0     0     0   -29.0   46.054 -120.135    924.7    906.4
     1     1    17     8     3    23     0     0   -30.0   46.024 -120.103    932.2    905.7
     1     1    17     8     3    22     0     0   -31.0   46.015 -120.043    920.5    905.5
     1     1    17     8     3    21     0     0   -32.0   45.975 -119.999    911.4    910.3
     1     1    17     8     3    20     0     0   -33.0   45.899 -120.006    912.5    908.4
     1     1    17     8     3    19     0     0   -34.0   45.830 -120.033    906.4    908.2
     1     1    17     8     3    18     0     0   -35.0   45.763 -120.044    888.4    910.8
     1     1    17     8     3    17     0     0   -36.0   45.675 -119.988    898.2    909.6
     1     1    17     8     3    16     0     0   -37.0   45.596 -119.870    906.9    909.4
     1     1    17     8     3    15     0     0   -38.0   45.551 -119.729    916.8    907.9
     1     1    17     8     3    14     0     0   -39.0   45.504 -119.612    918.8    907.1
     1     1    17     8     3    13     0     0   -40.0   45.442 -119.590    914.7    908.6
     1     1    17     8     3    12     0     0   -41.0   45.398 -119.678    906.0    906.0
