     1     1
    SITE    10     3     1     0     0
     1 BACKWARD OMEGA   
    17     8    14    19   46.392 -119.412   700.0
     1 PRESSURE
     1     1    17     8    14    19     0     0     0.0   46.392 -119.412    700.0    931.4
     1     1    17     8    14    18     0     0    -1.0   46.333 -119.316    701.2    931.3
     1     1    17     8    14    17     0     0    -2.0   46.281 -119.204    697.8    931.3
     1     1    17     8    14    16     0     0    -3.0   46.213 -119.127    703.8    931.3
     1     1    17     8    14    15     0     0    -4.0   46.127 -119.077    700.8    931.2
     1     1    17     8    14    14     0     0    -5.0   46.031 -119.017    686.0    933.3
     1     1    17     8    14    13     0     0    -6.0   45.933 -118.972    696.0    932.1
     1     1    17     8    14    12     0     0    -7.0   45.828 -118.934    698.9    930.8
     1     1    17     8    14    11     0     0    -8.0   45.726 -118.873    672.6    935.4
     1     1    17     8    14    10     0     0    -9.0   45.625 -118.812    664.0    936.1
     1     1    17     8    14     9     0     0   -10.0   45.523 -118.776    657.9    936.7
     1     1    17     8    14     8     0     0   -11.0   45.421 -118.799    653.8    936.9
