     1     1
    SITE    10     3     1     0     0
     1 BACKWARD OMEGA   
    17     8     5    20   46.392 -119.412   700.0
     1 PRESSURE
     1     1    17     8     5    20     0     0     0.0   46.392 -119.412    700.0    931.4
     1     1    17     8     5    19     0     0    -1.0   46.336 -119.453    676.4    934.2
     1     1    17     8     5    18     0     0    -2.0   46.278 -119.474    660.6    934.9
     1     1    17     8     5    17     0     0    -3.0   46.198 -119.461    629.8    938.9
     1     1    17     8     5    16     0     0    -4.0   46.113 -119.393    615.5    941.2
     1     1    17     8     5    15     0     0    -5.0   46.075 -119.290    612.3    941.4
     1     1    17     8     5    14     0     0    -6.0   46.087 -119.275    607.0    942.2
     1     1    17     8     5    13     0     0    -7.0   46.092 -119.262    593.9    942.9
     1     1    17     8     5    12     0     0    -8.0   46.073 -119.146    580.4    945.0
     1     1    17     8     5    11     0     0    -9.0   46.009 -119.082    586.3    944.8
     1     1    17     8     5    10     0     0   -10.0   45.907 -119.087    580.0    945.2
     1     1    17     8     5     9     0     0   -11.0   45.829 -119.089    570.9    946.4
     1     1    17     8     5     8     0     0   -12.0   45.795 -119.104    572.5    945.8
     1     1    17     8     5     7     0     0   -13.0   45.768 -119.116    568.2    945.6
     1     1    17     8     5     6     0     0   -14.0   45.738 -119.086    561.5    947.4
     1     1    17     8     5     5     0     0   -15.0   45.731 -119.079    562.2    947.3
     1     1    17     8     5     4     0     0   -16.0   45.705 -119.085    560.0    946.4
     1     1    17     8     5     3     0     0   -17.0   45.644 -119.059    562.1    947.7
     1     1    17     8     5     2     0     0   -18.0   45.567 -119.035    560.5    946.9
     1     1    17     8     5     1     0     0   -19.0   45.493 -119.014    557.3    947.3
     1     1    17     8     5     0     0     0   -20.0   45.442 -118.954    554.5    947.9
     1     1    17     8     4    23     0     0   -21.0   45.385 -118.907    552.8    947.1
