     1     1
    SITE    10     3     1     0     0
     1 BACKWARD OMEGA   
    17     8    15     7   46.392 -119.412   700.0
     1 PRESSURE
     1     1    17     8    15     7     0     0     0.0   46.392 -119.412    700.0    931.4
     1     1    17     8    15     6     0     0    -1.0   46.384 -119.421    705.2    930.8
     1     1    17     8    15     5     0     0    -2.0   46.379 -119.431    710.1    930.7
     1     1    17     8    15     4     0     0    -3.0   46.350 -119.435    716.2    929.2
     1     1    17     8    15     3     0     0    -4.0   46.340 -119.465    719.4    929.2
     1     1    17     8    15     2     0     0    -5.0   46.333 -119.463    722.9    929.0
     1     1    17     8    15     1     0     0    -6.0   46.329 -119.463    720.8    928.7
     1     1    17     8    15     0     0     0    -7.0   46.339 -119.516    731.2    928.2
     1     1    17     8    14    23     0     0    -8.0   46.345 -119.573    743.9    926.4
     1     1    17     8    14    22     0     0    -9.0   46.334 -119.634    752.3    924.9
     1     1    17     8    14    21     0     0   -10.0   46.292 -119.679    750.3    925.8
     1     1    17     8    14    20     0     0   -11.0   46.234 -119.681    760.3    926.0
     1     1    17     8    14    19     0     0   -12.0   46.168 -119.640    777.0    921.6
     1     1    17     8    14    18     0     0   -13.0   46.111 -119.545    775.6    922.0
     1     1    17     8    14    17     0     0   -14.0   46.056 -119.435    771.9    924.0
     1     1    17     8    14    16     0     0   -15.0   45.990 -119.359    772.3    923.1
     1     1    17     8    14    15     0     0   -16.0   45.901 -119.308    785.1    922.3
     1     1    17     8    14    14     0     0   -17.0   45.803 -119.250    782.8    921.3
     1     1    17     8    14    13     0     0   -18.0   45.704 -119.206    771.4    922.9
     1     1    17     8    14    12     0     0   -19.0   45.599 -119.167    752.3    925.0
     1     1    17     8    14    11     0     0   -20.0   45.494 -119.106    728.2    928.4
     1     1    17     8    14    10     0     0   -21.0   45.390 -119.047    723.5    928.5
