     1     1
    SITE    10     3     1     0     0
     1 BACKWARD OMEGA   
    17     8     2     1   46.392 -119.412   700.0
     1 PRESSURE
     1     1    17     8     2     1     0     0     0.0   46.392 -119.412    700.0    931.4
     1     1    17     8     2     0     0     0    -1.0   46.467 -119.495    675.0    934.4
     1     1    17     8     1    23     0     0    -2.0   46.481 -119.561    669.7    935.4
     1     1    17     8     1    22     0     0    -3.0   46.464 -119.612    674.5    934.0
     1     1    17     8     1    21     0     0    -4.0   46.466 -119.645    677.7    934.4
     1     1    17     8     1    20     0     0    -5.0   46.487 -119.685    692.7    932.4
     1     1    17     8     1    19     0     0    -6.0   46.484 -119.734    700.1    930.5
     1     1    17     8     1    18     0     0    -7.0   46.505 -119.704    693.2    931.8
     1     1    17     8     1    17     0     0    -8.0   46.582 -119.585    721.9    927.9
     1     1    17     8     1    16     0     0    -9.0   46.601 -119.459    718.5    929.1
     1     1    17     8     1    15     0     0   -10.0   46.573 -119.452    714.3    930.3
     1     1    17     8     1    14     0     0   -11.0   46.550 -119.451    714.5    930.0
     1     1    17     8     1    13     0     0   -12.0   46.481 -119.397    731.3    927.7
     1     1    17     8     1    12     0     0   -13.0   46.418 -119.469    746.3    926.1
     1     1    17     8     1    11     0     0   -14.0   46.452 -119.556    747.1    926.4
     1     1    17     8     1    10     0     0   -15.0   46.540 -119.582    737.2    927.5
     1     1    17     8     1     9     0     0   -16.0   46.560 -119.599    727.7    927.9
     1     1    17     8     1     8     0     0   -17.0   46.513 -119.591    719.8    929.9
     1     1    17     8     1     7     0     0   -18.0   46.466 -119.558    720.4    930.1
     1     1    17     8     1     6     0     0   -19.0   46.415 -119.533    723.7    928.0
     1     1    17     8     1     5     0     0   -20.0   46.361 -119.516    722.4    929.3
     1     1    17     8     1     4     0     0   -21.0   46.319 -119.509    717.2    928.6
     1     1    17     8     1     3     0     0   -22.0   46.281 -119.511    713.0    930.7
     1     1    17     8     1     2     0     0   -23.0   46.251 -119.495    718.9    929.6
     1     1    17     8     1     1     0     0   -24.0   46.218 -119.474    723.2    928.5
     1     1    17     8     1     0     0     0   -25.0   46.173 -119.475    714.5    927.9
     1     1    17     7    31    23     0     0   -26.0   46.171 -119.501    694.7    932.7
     1     1    17     7    31    22     0     0   -27.0   46.185 -119.569    704.7    932.4
     1     1    17     7    31    21     0     0   -28.0   46.184 -119.632    715.5    929.2
     1     1    17     7    31    20     0     0   -29.0   46.198 -119.665    714.8    929.1
     1     1    17     7    31    19     0     0   -30.0   46.184 -119.679    708.1    930.4
     1     1    17     7    31    18     0     0   -31.0   46.122 -119.637    687.6    931.7
     1     1    17     7    31    17     0     0   -32.0   46.042 -119.559    679.0    933.1
     1     1    17     7    31    16     0     0   -33.0   45.959 -119.511    678.5    934.7
     1     1    17     7    31    15     0     0   -34.0   45.870 -119.476    683.9    933.7
     1     1    17     7    31    14     0     0   -35.0   45.765 -119.423    677.1    933.3
     1     1    17     7    31    13     0     0   -36.0   45.655 -119.393    669.1    936.6
     1     1    17     7    31    12     0     0   -37.0   45.560 -119.382    676.9    934.8
     1     1    17     7    31    11     0     0   -38.0   45.473 -119.347    686.2    933.4
     1     1    17     7    31    10     0     0   -39.0   45.432 -119.276    698.5    932.3
     1     1    17     7    31     9     0     0   -40.0   45.408 -119.236    705.3    929.8
     1     1    17     7    31     8     0     0   -41.0   45.360 -119.230    703.6    932.1
