     1     1
    SITE    10     3     1     0     0
     1 BACKWARD OMEGA   
    17     8     4    15   46.392 -119.412   700.0
     1 PRESSURE
     1     1    17     8     4    15     0     0     0.0   46.392 -119.412    700.0    931.4
     1     1    17     8     4    14     0     0    -1.0   46.405 -119.496    709.4    930.3
     1     1    17     8     4    13     0     0    -2.0   46.355 -119.583    707.9    930.0
     1     1    17     8     4    12     0     0    -3.0   46.335 -119.663    705.6    931.2
     1     1    17     8     4    11     0     0    -4.0   46.332 -119.763    722.7    929.4
     1     1    17     8     4    10     0     0    -5.0   46.299 -119.918    721.6    927.6
     1     1    17     8     4     9     0     0    -6.0   46.308 -120.080    700.5    931.6
     1     1    17     8     4     8     0     0    -7.0   46.336 -120.162    694.0    932.3
     1     1    17     8     4     7     0     0    -8.0   46.336 -120.209    696.4    931.9
     1     1    17     8     4     6     0     0    -9.0   46.343 -120.246    697.5    931.3
     1     1    17     8     4     5     0     0   -10.0   46.325 -120.299    694.5    932.2
     1     1    17     8     4     4     0     0   -11.0   46.262 -120.293    705.8    930.5
     1     1    17     8     4     3     0     0   -12.0   46.216 -120.221    702.9    930.9
     1     1    17     8     4     2     0     0   -13.0   46.183 -120.206    706.0    932.1
     1     1    17     8     4     1     0     0   -14.0   46.130 -120.205    725.5    928.7
     1     1    17     8     4     0     0     0   -15.0   46.077 -120.176    742.1    925.7
     1     1    17     8     3    23     0     0   -16.0   46.048 -120.144    748.5    925.6
     1     1    17     8     3    22     0     0   -17.0   46.038 -120.083    740.7    925.7
     1     1    17     8     3    21     0     0   -18.0   45.997 -120.039    721.1    929.4
     1     1    17     8     3    20     0     0   -19.0   45.921 -120.044    710.6    930.2
     1     1    17     8     3    19     0     0   -20.0   45.852 -120.070    704.2    930.2
     1     1    17     8     3    18     0     0   -21.0   45.785 -120.080    693.6    932.3
     1     1    17     8     3    17     0     0   -22.0   45.697 -120.025    713.5    930.4
     1     1    17     8     3    16     0     0   -23.0   45.616 -119.905    722.1    929.4
     1     1    17     8     3    15     0     0   -24.0   45.571 -119.763    728.2    928.1
     1     1    17     8     3    14     0     0   -25.0   45.525 -119.643    734.2    927.1
     1     1    17     8     3    13     0     0   -26.0   45.463 -119.620    735.7    927.8
     1     1    17     8     3    12     0     0   -27.0   45.419 -119.708    716.9    925.0
     1     1    17     8     3    11     0     0   -28.0   45.460 -119.781    685.5    933.4
     1     1    17     8     3    10     0     0   -29.0   45.555 -119.819    678.2    934.5
     1     1    17     8     3     9     0     0   -30.0   45.594 -119.897    675.0    934.0
     1     1    17     8     3     8     0     0   -31.0   45.574 -119.942    661.6    936.2
     1     1    17     8     3     7     0     0   -32.0   45.541 -119.940    656.2    937.1
     1     1    17     8     3     6     0     0   -33.0   45.508 -119.947    656.0    936.8
     1     1    17     8     3     5     0     0   -34.0   45.476 -119.973    669.4    936.6
     1     1    17     8     3     4     0     0   -35.0   45.461 -120.017    683.4    932.5
     1     1    17     8     3     3     0     0   -36.0   45.464 -120.075    672.8    933.0
     1     1    17     8     3     2     0     0   -37.0   45.472 -120.145    668.5    937.2
     1     1    17     8     3     1     0     0   -38.0   45.480 -120.209    673.8    933.5
     1     1    17     8     3     0     0     0   -39.0   45.471 -120.262    676.2    934.9
     1     1    17     8     2    23     0     0   -40.0   45.461 -120.315    683.8    933.4
     1     1    17     8     2    22     0     0   -41.0   45.478 -120.373    691.7    932.6
     1     1    17     8     2    21     0     0   -42.0   45.494 -120.443    698.0    931.4
     1     1    17     8     2    20     0     0   -43.0   45.526 -120.519    680.9    931.5
     1     1    17     8     2    19     0     0   -44.0   45.589 -120.579    665.0    935.8
     1     1    17     8     2    18     0     0   -45.0   45.619 -120.690    676.2    937.2
     1     1    17     8     2    17     0     0   -46.0   45.548 -120.770    665.8    935.6
     1     1    17     8     2    16     0     0   -47.0   45.538 -120.744    677.1    933.4
     1     1    17     8     2    15     0     0   -48.0   45.537 -120.722    695.9    930.6
     1     1    17     8     2    14     0     0   -49.0   45.400 -120.718    677.5    933.8
