     1     1
    SITE    10     3     1     0     0
     1 BACKWARD OMEGA   
    17     8     2     0   46.392 -119.412   700.0
     1 PRESSURE
     1     1    17     8     2     0     0     0     0.0   46.392 -119.412    700.0    931.4
     1     1    17     8     1    23     0     0    -1.0   46.405 -119.476    691.7    932.4
     1     1    17     8     1    22     0     0    -2.0   46.388 -119.527    679.9    932.7
     1     1    17     8     1    21     0     0    -3.0   46.390 -119.562    670.5    936.2
     1     1    17     8     1    20     0     0    -4.0   46.411 -119.603    678.3    934.9
     1     1    17     8     1    19     0     0    -5.0   46.408 -119.652    680.8    932.1
     1     1    17     8     1    18     0     0    -6.0   46.432 -119.622    658.6    935.3
     1     1    17     8     1    17     0     0    -7.0   46.508 -119.501    654.3    935.9
     1     1    17     8     1    16     0     0    -8.0   46.524 -119.374    643.4    938.3
     1     1    17     8     1    15     0     0    -9.0   46.493 -119.370    637.9    938.7
     1     1    17     8     1    14     0     0   -10.0   46.470 -119.369    645.6    938.3
     1     1    17     8     1    13     0     0   -11.0   46.402 -119.317    658.8    936.2
     1     1    17     8     1    12     0     0   -12.0   46.339 -119.393    659.4    936.2
     1     1    17     8     1    11     0     0   -13.0   46.374 -119.481    656.4    936.5
     1     1    17     8     1    10     0     0   -14.0   46.462 -119.508    645.1    937.4
     1     1    17     8     1     9     0     0   -15.0   46.482 -119.525    632.6    939.9
     1     1    17     8     1     8     0     0   -16.0   46.435 -119.518    634.4    938.4
     1     1    17     8     1     7     0     0   -17.0   46.390 -119.485    634.2    939.8
     1     1    17     8     1     6     0     0   -18.0   46.337 -119.462    633.0    938.7
     1     1    17     8     1     5     0     0   -19.0   46.282 -119.445    635.9    940.3
     1     1    17     8     1     4     0     0   -20.0   46.239 -119.439    639.1    937.5
     1     1    17     8     1     3     0     0   -21.0   46.202 -119.442    641.4    939.5
     1     1    17     8     1     2     0     0   -22.0   46.172 -119.427    642.5    937.1
     1     1    17     8     1     1     0     0   -23.0   46.139 -119.405    637.2    939.5
     1     1    17     8     1     0     0     0   -24.0   46.093 -119.404    642.8    938.8
     1     1    17     7    31    23     0     0   -25.0   46.090 -119.428    636.3    937.0
     1     1    17     7    31    22     0     0   -26.0   46.104 -119.497    627.3    941.7
     1     1    17     7    31    21     0     0   -27.0   46.102 -119.561    632.5    939.3
     1     1    17     7    31    20     0     0   -28.0   46.115 -119.595    632.7    939.8
     1     1    17     7    31    19     0     0   -29.0   46.101 -119.609    629.8    939.2
     1     1    17     7    31    18     0     0   -30.0   46.038 -119.569    631.2    940.4
     1     1    17     7    31    17     0     0   -31.0   45.960 -119.489    636.1    938.5
     1     1    17     7    31    16     0     0   -32.0   45.877 -119.441    634.5    939.1
     1     1    17     7    31    15     0     0   -33.0   45.788 -119.403    639.0    938.3
     1     1    17     7    31    14     0     0   -34.0   45.682 -119.349    616.7    941.2
     1     1    17     7    31    13     0     0   -35.0   45.569 -119.318    593.4    942.8
     1     1    17     7    31    12     0     0   -36.0   45.470 -119.306    575.8    946.0
     1     1    17     7    31    11     0     0   -37.0   45.382 -119.274    572.5    945.1
