     1     1
    SITE    10     3     1     0     0
     1 BACKWARD OMEGA   
    17     8    13    11   46.392 -119.412   700.0
     1 PRESSURE
     1     1    17     8    13    11     0     0     0.0   46.392 -119.412    700.0    931.4
     1     1    17     8    13    10     0     0    -1.0   46.169 -119.546    679.4    934.0
     1     1    17     8    13     9     0     0    -2.0   45.952 -119.702    671.8    934.8
     1     1    17     8    13     8     0     0    -3.0   45.751 -119.854    642.3    938.4
     1     1    17     8    13     7     0     0    -4.0   45.577 -119.924    632.3    939.1
     1     1    17     8    13     6     0     0    -5.0   45.451 -119.930    618.8    940.6
     1     1    17     8    13     5     0     0    -6.0   45.405 -119.989    605.5    942.5
     1     1    17     8    13     4     0     0    -7.0   45.433 -120.096    604.4    942.4
     1     1    17     8    13     3     0     0    -8.0   45.474 -120.181    603.2    942.2
     1     1    17     8    13     2     0     0    -9.0   45.468 -120.225    588.3    943.6
     1     1    17     8    13     1     0     0   -10.0   45.420 -120.235    585.4    945.6
     1     1    17     8    13     0     0     0   -11.0   45.346 -120.217    602.1    942.7
