     1     1
    SITE    10     3     1     0     0
     1 BACKWARD OMEGA   
    17     8    12     3   46.392 -119.412   700.0
     1 PRESSURE
     1     1    17     8    12     3     0     0     0.0   46.392 -119.412    700.0    931.4
     1     1    17     8    12     2     0     0    -1.0   46.312 -119.447    691.0    932.5
     1     1    17     8    12     1     0     0    -2.0   46.258 -119.495    687.5    932.7
     1     1    17     8    12     0     0     0    -3.0   46.224 -119.570    700.3    934.1
     1     1    17     8    11    23     0     0    -4.0   46.179 -119.617    708.2    929.1
     1     1    17     8    11    22     0     0    -5.0   46.095 -119.601    716.8    929.5
     1     1    17     8    11    21     0     0    -6.0   46.007 -119.588    724.6    928.8
     1     1    17     8    11    20     0     0    -7.0   45.923 -119.632    729.2    927.1
     1     1    17     8    11    19     0     0    -8.0   45.834 -119.702    741.4    927.9
     1     1    17     8    11    18     0     0    -9.0   45.753 -119.731    749.2    925.2
     1     1    17     8    11    17     0     0   -10.0   45.674 -119.726    730.5    927.7
     1     1    17     8    11    16     0     0   -11.0   45.573 -119.703    705.7    929.9
     1     1    17     8    11    15     0     0   -12.0   45.502 -119.636    679.7    933.4
     1     1    17     8    11    14     0     0   -13.0   45.476 -119.526    672.7    934.7
     1     1    17     8    11    13     0     0   -14.0   45.426 -119.439    665.5    935.2
     1     1    17     8    11    12     0     0   -15.0   45.407 -119.370    650.1    937.1
     1     1    17     8    11    11     0     0   -16.0   45.395 -119.344    634.3    939.9
