     1     1
    SITE    10     3     1     0     0
     1 BACKWARD OMEGA   
    17     8    18    18   46.392 -119.412   700.0
     1 PRESSURE
     1     1    17     8    18    18     0     0     0.0   46.392 -119.412    700.0    931.4
     1     1    17     8    18    17     0     0    -1.0   46.580 -119.626    690.2    932.6
     1     1    17     8    18    16     0     0    -2.0   46.764 -119.877    664.4    935.6
     1     1    17     8    18    15     0     0    -3.0   46.782 -120.045    646.5    937.1
     1     1    17     8    18    14     0     0    -4.0   46.637 -120.080    608.0    941.8
     1     1    17     8    18    13     0     0    -5.0   46.498 -120.107    597.8    944.0
     1     1    17     8    18    12     0     0    -6.0   46.386 -120.080    624.9    940.9
     1     1    17     8    18    11     0     0    -7.0   46.271 -120.006    654.1    936.2
     1     1    17     8    18    10     0     0    -8.0   46.145 -119.972    670.5    934.7
     1     1    17     8    18     9     0     0    -9.0   46.003 -119.988    663.9    935.8
     1     1    17     8    18     8     0     0   -10.0   45.859 -120.025    654.8    937.2
     1     1    17     8    18     7     0     0   -11.0   45.785 -120.059    657.4    936.5
     1     1    17     8    18     6     0     0   -12.0   45.789 -120.094    654.9    936.7
     1     1    17     8    18     5     0     0   -13.0   45.804 -120.138    649.0    937.2
     1     1    17     8    18     4     0     0   -14.0   45.761 -120.155    633.1    938.2
     1     1    17     8    18     3     0     0   -15.0   45.699 -120.131    624.6    940.4
     1     1    17     8    18     2     0     0   -16.0   45.683 -120.133    624.8    940.7
     1     1    17     8    18     1     0     0   -17.0   45.675 -120.135    627.9    940.0
     1     1    17     8    18     0     0     0   -18.0   45.643 -120.095    625.4    939.7
     1     1    17     8    17    23     0     0   -19.0   45.599 -120.044    624.4    941.1
     1     1    17     8    17    22     0     0   -20.0   45.611 -120.058    623.7    939.6
     1     1    17     8    17    21     0     0   -21.0   45.632 -120.137    617.2    941.6
     1     1    17     8    17    20     0     0   -22.0   45.573 -120.170    614.8    940.5
     1     1    17     8    17    19     0     0   -23.0   45.496 -120.149    596.2    943.7
     1     1    17     8    17    18     0     0   -24.0   45.411 -120.172    594.1    943.2
