     1     1
    SITE    10     3     1     0     0
     1 BACKWARD OMEGA   
    17     8    19     8   46.392 -119.412   700.0
     1 PRESSURE
     1     1    17     8    19     8     0     0     0.0   46.392 -119.412    700.0    931.4
     1     1    17     8    19     7     0     0    -1.0   46.384 -119.484    714.4    929.7
     1     1    17     8    19     6     0     0    -2.0   46.324 -119.505    723.9    928.6
     1     1    17     8    19     5     0     0    -3.0   46.256 -119.530    729.4    928.1
     1     1    17     8    19     4     0     0    -4.0   46.187 -119.553    735.7    927.3
     1     1    17     8    19     3     0     0    -5.0   46.110 -119.554    740.9    927.1
     1     1    17     8    19     2     0     0    -6.0   46.042 -119.578    735.3    927.3
     1     1    17     8    19     1     0     0    -7.0   45.998 -119.591    730.3    928.1
     1     1    17     8    19     0     0     0    -8.0   45.943 -119.611    736.8    927.8
     1     1    17     8    18    23     0     0    -9.0   45.936 -119.772    728.7    929.3
     1     1    17     8    18    22     0     0   -10.0   46.060 -119.994    778.6    921.9
     1     1    17     8    18    21     0     0   -11.0   46.262 -120.178    756.0    925.5
     1     1    17     8    18    20     0     0   -12.0   46.451 -120.400    774.9    923.2
     1     1    17     8    18    19     0     0   -13.0   46.622 -120.622    778.3    922.3
     1     1    17     8    18    18     0     0   -14.0   46.800 -120.827    779.9    920.7
