     1     1
    SITE    10     3     1     0     0
     1 BACKWARD OMEGA   
    17     8    18     1   46.392 -119.412   700.0
     1 PRESSURE
     1     1    17     8    18     1     0     0     0.0   46.392 -119.412    700.0    931.4
     1     1    17     8    18     0     0     0    -1.0   46.360 -119.372    718.2    929.3
     1     1    17     8    17    23     0     0    -2.0   46.317 -119.321    721.7    927.7
     1     1    17     8    17    22     0     0    -3.0   46.331 -119.332    714.4    929.7
     1     1    17     8    17    21     0     0    -4.0   46.353 -119.414    712.7    929.9
     1     1    17     8    17    20     0     0    -5.0   46.293 -119.445    695.8    931.3
     1     1    17     8    17    19     0     0    -6.0   46.217 -119.425    690.0    932.4
     1     1    17     8    17    18     0     0    -7.0   46.135 -119.452    677.1    934.0
     1     1    17     8    17    17     0     0    -8.0   46.016 -119.538    642.9    937.5
     1     1    17     8    17    16     0     0    -9.0   45.874 -119.630    637.9    938.4
     1     1    17     8    17    15     0     0   -10.0   45.743 -119.659    650.0    937.3
     1     1    17     8    17    14     0     0   -11.0   45.636 -119.652    663.7    935.7
     1     1    17     8    17    13     0     0   -12.0   45.531 -119.635    679.8    933.2
     1     1    17     8    17    12     0     0   -13.0   45.433 -119.576    687.0    933.5
