     1     1
    SITE    10     3     1     0     0
     1 BACKWARD OMEGA   
    17     8     6     4   46.392 -119.412   700.0
     1 PRESSURE
     1     1    17     8     6     4     0     0     0.0   46.392 -119.412    700.0    931.4
     1     1    17     8     6     3     0     0    -1.0   46.364 -119.423    700.6    931.3
     1     1    17     8     6     2     0     0    -2.0   46.334 -119.423    693.8    932.1
     1     1    17     8     6     1     0     0    -3.0   46.293 -119.422    684.4    933.0
     1     1    17     8     6     0     0     0    -4.0   46.261 -119.457    680.5    934.6
     1     1    17     8     5    23     0     0    -5.0   46.273 -119.497    686.0    933.4
     1     1    17     8     5    22     0     0    -6.0   46.280 -119.534    682.9    932.3
     1     1    17     8     5    21     0     0    -7.0   46.250 -119.564    681.6    934.8
     1     1    17     8     5    20     0     0    -8.0   46.204 -119.601    691.5    932.4
     1     1    17     8     5    19     0     0    -9.0   46.146 -119.643    692.7    931.5
     1     1    17     8     5    18     0     0   -10.0   46.085 -119.664    685.3    932.9
     1     1    17     8     5    17     0     0   -11.0   46.003 -119.649    678.5    933.6
     1     1    17     8     5    16     0     0   -12.0   45.921 -119.582    673.8    935.0
     1     1    17     8     5    15     0     0   -13.0   45.883 -119.476    681.3    933.8
     1     1    17     8     5    14     0     0   -14.0   45.896 -119.460    703.4    931.3
     1     1    17     8     5    13     0     0   -15.0   45.900 -119.447    710.4    928.9
     1     1    17     8     5    12     0     0   -16.0   45.880 -119.331    706.7    930.7
     1     1    17     8     5    11     0     0   -17.0   45.819 -119.267    722.1    928.6
     1     1    17     8     5    10     0     0   -18.0   45.717 -119.273    711.6    929.8
     1     1    17     8     5     9     0     0   -19.0   45.642 -119.277    705.8    930.8
     1     1    17     8     5     8     0     0   -20.0   45.609 -119.294    701.1    931.2
     1     1    17     8     5     7     0     0   -21.0   45.583 -119.305    698.7    932.3
     1     1    17     8     5     6     0     0   -22.0   45.555 -119.273    700.5    931.0
     1     1    17     8     5     5     0     0   -23.0   45.549 -119.266    696.0    931.5
     1     1    17     8     5     4     0     0   -24.0   45.523 -119.274    688.0    933.2
     1     1    17     8     5     3     0     0   -25.0   45.461 -119.246    689.7    932.5
     1     1    17     8     5     2     0     0   -26.0   45.382 -119.218    682.8    933.0
