     1     1
    SITE    10     3     1     0     0
     1 BACKWARD OMEGA   
    17     8    13    22   46.392 -119.412   700.0
     1 PRESSURE
     1     1    17     8    13    22     0     0     0.0   46.392 -119.412    700.0    931.4
     1     1    17     8    13    21     0     0    -1.0   46.423 -119.512    699.8    931.4
     1     1    17     8    13    20     0     0    -2.0   46.585 -119.698    704.3    931.3
     1     1    17     8    13    19     0     0    -3.0   46.737 -119.860    703.7    930.8
     1     1    17     8    13    18     0     0    -4.0   46.853 -120.031    706.0    931.7
     1     1    17     8    13    17     0     0    -5.0   46.951 -120.240    739.9    927.0
     1     1    17     8    13    16     0     0    -6.0   46.928 -120.446    728.0    927.6
     1     1    17     8    13    15     0     0    -7.0   46.775 -120.582    729.2    929.9
     1     1    17     8    13    14     0     0    -8.0   46.601 -120.630    765.9    923.8
     1     1    17     8    13    13     0     0    -9.0   46.431 -120.661    784.7    920.7
     1     1    17     8    13    12     0     0   -10.0   46.243 -120.711    740.8    927.4
     1     1    17     8    13    11     0     0   -11.0   46.027 -120.807    745.7    927.1
