     1     1
    SITE    10     3     1     0     0
     1 BACKWARD OMEGA   
    17     8     5    15   46.392 -119.412   700.0
     1 PRESSURE
     1     1    17     8     5    15     0     0     0.0   46.392 -119.412    700.0    931.4
     1     1    17     8     5    14     0     0    -1.0   46.404 -119.397    705.5    930.8
     1     1    17     8     5    13     0     0    -2.0   46.408 -119.384    711.4    930.2
     1     1    17     8     5    12     0     0    -3.0   46.388 -119.268    710.4    930.3
     1     1    17     8     5    11     0     0    -4.0   46.324 -119.206    699.3    930.8
     1     1    17     8     5    10     0     0    -5.0   46.221 -119.210    695.0    933.0
     1     1    17     8     5     9     0     0    -6.0   46.145 -119.211    701.7    930.8
     1     1    17     8     5     8     0     0    -7.0   46.109 -119.226    694.3    932.2
     1     1    17     8     5     7     0     0    -8.0   46.083 -119.238    686.0    932.9
     1     1    17     8     5     6     0     0    -9.0   46.054 -119.208    678.8    934.3
     1     1    17     8     5     5     0     0   -10.0   46.047 -119.202    676.4    934.2
     1     1    17     8     5     4     0     0   -11.0   46.020 -119.211    677.5    934.1
     1     1    17     8     5     3     0     0   -12.0   45.960 -119.185    668.9    934.0
     1     1    17     8     5     2     0     0   -13.0   45.882 -119.160    650.5    937.7
     1     1    17     8     5     1     0     0   -14.0   45.806 -119.144    637.7    938.2
     1     1    17     8     5     0     0     0   -15.0   45.752 -119.087    622.2    940.9
     1     1    17     8     4    23     0     0   -16.0   45.693 -119.040    612.1    941.5
     1     1    17     8     4    22     0     0   -17.0   45.695 -119.069    617.7    941.5
     1     1    17     8     4    21     0     0   -18.0   45.776 -119.109    633.9    938.9
     1     1    17     8     4    20     0     0   -19.0   45.843 -119.138    628.4    940.1
     1     1    17     8     4    19     0     0   -20.0   45.858 -119.197    619.2    940.9
     1     1    17     8     4    18     0     0   -21.0   45.882 -119.209    615.0    941.9
     1     1    17     8     4    17     0     0   -22.0   45.954 -119.129    613.6    941.0
     1     1    17     8     4    16     0     0   -23.0   45.987 -119.113    602.1    942.9
     1     1    17     8     4    15     0     0   -24.0   46.015 -119.177    609.3    942.9
     1     1    17     8     4    14     0     0   -25.0   46.027 -119.258    613.9    941.4
     1     1    17     8     4    13     0     0   -26.0   45.975 -119.342    619.6    940.7
     1     1    17     8     4    12     0     0   -27.0   45.953 -119.421    622.8    940.6
     1     1    17     8     4    11     0     0   -28.0   45.946 -119.517    620.3    940.4
     1     1    17     8     4    10     0     0   -29.0   45.912 -119.670    596.2    942.3
     1     1    17     8     4     9     0     0   -30.0   45.919 -119.830    576.5    945.4
     1     1    17     8     4     8     0     0   -31.0   45.947 -119.914    571.2    946.3
     1     1    17     8     4     7     0     0   -32.0   45.949 -119.961    571.7    945.7
     1     1    17     8     4     6     0     0   -33.0   45.955 -120.001    571.4    946.2
     1     1    17     8     4     5     0     0   -34.0   45.936 -120.055    574.8    945.8
     1     1    17     8     4     4     0     0   -35.0   45.872 -120.051    581.7    943.6
     1     1    17     8     4     3     0     0   -36.0   45.824 -119.982    581.3    944.9
     1     1    17     8     4     2     0     0   -37.0   45.790 -119.967    585.7    945.3
     1     1    17     8     4     1     0     0   -38.0   45.739 -119.965    587.3    943.1
     1     1    17     8     4     0     0     0   -39.0   45.685 -119.933    590.2    945.0
     1     1    17     8     3    23     0     0   -40.0   45.655 -119.900    594.5    942.8
     1     1    17     8     3    22     0     0   -41.0   45.645 -119.839    595.1    943.7
     1     1    17     8     3    21     0     0   -42.0   45.604 -119.796    586.5    943.5
     1     1    17     8     3    20     0     0   -43.0   45.528 -119.804    582.0    944.6
     1     1    17     8     3    19     0     0   -44.0   45.462 -119.834    558.5    947.6
     1     1    17     8     3    18     0     0   -45.0   45.395 -119.845    541.0    949.0
