     1     1
    SITE    10     3     1     0     0
     1 BACKWARD OMEGA   
    17     8     3     1   46.392 -119.412   700.0
     1 PRESSURE
     1     1    17     8     3     1     0     0     0.0   46.392 -119.412    700.0    931.4
     1     1    17     8     3     0     0     0    -1.0   46.382 -119.464    700.4    931.4
     1     1    17     8     2    23     0     0    -2.0   46.372 -119.517    696.3    931.7
     1     1    17     8     2    22     0     0    -3.0   46.390 -119.575    700.3    932.9
     1     1    17     8     2    21     0     0    -4.0   46.407 -119.644    707.5    929.8
     1     1    17     8     2    20     0     0    -5.0   46.436 -119.723    711.3    930.4
     1     1    17     8     2    19     0     0    -6.0   46.500 -119.782    737.9    930.0
     1     1    17     8     2    18     0     0    -7.0   46.533 -119.898    763.0    923.6
     1     1    17     8     2    17     0     0    -8.0   46.460 -119.980    796.1    921.2
     1     1    17     8     2    16     0     0    -9.0   46.450 -119.950    824.2    917.2
     1     1    17     8     2    15     0     0   -10.0   46.450 -119.927    805.1    919.6
     1     1    17     8     2    14     0     0   -11.0   46.314 -119.924    795.0    923.9
     1     1    17     8     2    13     0     0   -12.0   46.164 -119.923    820.7    917.7
     1     1    17     8     2    12     0     0   -13.0   46.002 -119.923    802.0    920.4
     1     1    17     8     2    11     0     0   -14.0   45.823 -119.918    765.8    923.9
     1     1    17     8     2    10     0     0   -15.0   45.727 -119.765    756.9    926.4
     1     1    17     8     2     9     0     0   -16.0   45.842 -119.636    792.0    920.4
     1     1    17     8     2     8     0     0   -17.0   46.062 -119.687    795.9    920.4
     1     1    17     8     2     7     0     0   -18.0   46.262 -119.789    800.1    920.2
     1     1    17     8     2     6     0     0   -19.0   46.427 -119.916    789.7    920.7
     1     1    17     8     2     5     0     0   -20.0   46.567 -120.011    762.9    925.1
     1     1    17     8     2     4     0     0   -21.0   46.701 -120.074    816.6    918.3
     1     1    17     8     2     3     0     0   -22.0   46.844 -120.148    820.2    919.3
     1     1    17     8     2     2     0     0   -23.0   46.992 -120.263    883.4    912.1
     1     1    17     8     2     1     0     0   -24.0   47.117 -120.373    911.0    908.4
     1     1    17     8     2     0     0     0   -25.0   47.193 -120.457    897.9    909.8
     1     1    17     8     1    23     0     0   -26.0   47.206 -120.522    898.5    909.8
     1     1    17     8     1    22     0     0   -27.0   47.189 -120.572    904.9    908.6
     1     1    17     8     1    21     0     0   -28.0   47.192 -120.607    903.7    908.8
     1     1    17     8     1    20     0     0   -29.0   47.213 -120.647    897.3    910.0
     1     1    17     8     1    19     0     0   -30.0   47.209 -120.696    896.9    910.2
     1     1    17     8     1    18     0     0   -31.0   47.231 -120.668    888.0    909.6
     1     1    17     8     1    17     0     0   -32.0   47.308 -120.547    881.3    911.9
