     1     1
    SITE    10     3     1     0     0
     1 BACKWARD OMEGA   
    17     8    26    15   46.392 -119.412   700.0
     1 PRESSURE
     1     1    17     8    26    15     0     0     0.0   46.392 -119.412    700.0    931.4
     1     1    17     8    26    14     0     0    -1.0   46.396 -119.329    692.4    932.3
     1     1    17     8    26    13     0     0    -2.0   46.432 -119.238    688.2    931.2
     1     1    17     8    26    12     0     0    -3.0   46.465 -119.152    681.2    933.9
     1     1    17     8    26    11     0     0    -4.0   46.497 -119.068    688.6    933.1
     1     1    17     8    26    10     0     0    -5.0   46.529 -118.989    701.0    931.2
     1     1    17     8    26     9     0     0    -6.0   46.543 -118.996    708.2    930.6
     1     1    17     8    26     8     0     0    -7.0   46.519 -119.025    712.0    928.5
     1     1    17     8    26     7     0     0    -8.0   46.486 -119.017    719.0    930.4
     1     1    17     8    26     6     0     0    -9.0   46.473 -119.035    725.2    927.2
     1     1    17     8    26     5     0     0   -10.0   46.467 -119.037    727.1    928.6
     1     1    17     8    26     4     0     0   -11.0   46.465 -119.039    730.3    927.2
     1     1    17     8    26     3     0     0   -12.0   46.465 -119.066    727.1    928.3
     1     1    17     8    26     2     0     0   -13.0   46.452 -119.089    730.0    928.7
     1     1    17     8    26     1     0     0   -14.0   46.440 -119.114    731.2    926.9
     1     1    17     8    26     0     0     0   -15.0   46.415 -119.152    734.4    928.5
     1     1    17     8    25    23     0     0   -16.0   46.412 -119.202    744.3    925.2
     1     1    17     8    25    22     0     0   -17.0   46.419 -119.254    749.2    925.9
     1     1    17     8    25    21     0     0   -18.0   46.381 -119.304    739.6    925.1
     1     1    17     8    25    20     0     0   -19.0   46.319 -119.347    726.7    929.0
     1     1    17     8    25    19     0     0   -20.0   46.236 -119.354    732.3    929.2
     1     1    17     8    25    18     0     0   -21.0   46.131 -119.327    749.0    926.1
     1     1    17     8    25    17     0     0   -22.0   46.026 -119.300    786.5    923.1
     1     1    17     8    25    16     0     0   -23.0   45.936 -119.263    812.6    918.0
     1     1    17     8    25    15     0     0   -24.0   45.862 -119.214    799.3    920.2
     1     1    17     8    25    14     0     0   -25.0   45.782 -119.162    775.9    922.5
     1     1    17     8    25    13     0     0   -26.0   45.701 -119.149    753.5    924.9
     1     1    17     8    25    12     0     0   -27.0   45.641 -119.143    733.6    927.9
     1     1    17     8    25    11     0     0   -28.0   45.583 -119.123    732.9    928.2
     1     1    17     8    25    10     0     0   -29.0   45.527 -119.102    731.6    927.9
     1     1    17     8    25     9     0     0   -30.0   45.522 -119.052    724.6    927.7
     1     1    17     8    25     8     0     0   -31.0   45.529 -118.999    717.4    930.6
     1     1    17     8    25     7     0     0   -32.0   45.500 -118.967    718.5    929.6
     1     1    17     8    25     6     0     0   -33.0   45.474 -118.936    716.5    929.1
     1     1    17     8    25     5     0     0   -34.0   45.475 -118.892    713.1    930.5
     1     1    17     8    25     4     0     0   -35.0   45.470 -118.857    710.0    929.5
     1     1    17     8    25     3     0     0   -36.0   45.469 -118.858    705.2    931.2
     1     1    17     8    25     2     0     0   -37.0   45.464 -118.883    699.5    930.8
     1     1    17     8    25     1     0     0   -38.0   45.434 -118.907    687.0    932.5
     1     1    17     8    25     0     0     0   -39.0   45.383 -118.908    665.0    934.8
