     1     1
    SITE    10     3     1     0     0
     1 BACKWARD OMEGA   
    17     8    22     7   46.392 -119.412   700.0
     1 PRESSURE
     1     1    17     8    22     7     0     0     0.0   46.392 -119.412    700.0    931.4
     1     1    17     8    22     6     0     0    -1.0   46.362 -119.403    699.0    931.5
     1     1    17     8    22     5     0     0    -2.0   46.365 -119.415    701.0    931.5
     1     1    17     8    22     4     0     0    -3.0   46.382 -119.443    701.7    930.9
     1     1    17     8    22     3     0     0    -4.0   46.411 -119.464    696.6    931.5
     1     1    17     8    22     2     0     0    -5.0   46.420 -119.482    691.7    932.5
     1     1    17     8    22     1     0     0    -6.0   46.410 -119.519    684.9    932.8
     1     1    17     8    22     0     0     0    -7.0   46.398 -119.528    675.6    935.0
     1     1    17     8    21    23     0     0    -8.0   46.375 -119.506    673.4    934.7
     1     1    17     8    21    22     0     0    -9.0   46.350 -119.498    671.1    934.6
     1     1    17     8    21    21     0     0   -10.0   46.363 -119.513    673.0    935.3
     1     1    17     8    21    20     0     0   -11.0   46.432 -119.565    692.9    933.3
     1     1    17     8    21    19     0     0   -12.0   46.509 -119.649    704.4    930.6
     1     1    17     8    21    18     0     0   -13.0   46.589 -119.716    701.6    931.7
     1     1    17     8    21    17     0     0   -14.0   46.624 -119.794    713.5    929.7
     1     1    17     8    21    16     0     0   -15.0   46.596 -119.821    706.9    930.3
     1     1    17     8    21    15     0     0   -16.0   46.573 -119.746    699.7    932.4
     1     1    17     8    21    14     0     0   -17.0   46.599 -119.667    705.0    931.6
     1     1    17     8    21    13     0     0   -18.0   46.662 -119.594    702.9    929.7
     1     1    17     8    21    12     0     0   -19.0   46.688 -119.492    687.3    932.7
     1     1    17     8    21    11     0     0   -20.0   46.734 -119.448    681.2    934.3
     1     1    17     8    21    10     0     0   -21.0   46.816 -119.447    687.9    932.6
     1     1    17     8    21     9     0     0   -22.0   46.836 -119.391    672.6    934.3
     1     1    17     8    21     8     0     0   -23.0   46.809 -119.337    652.1    938.1
     1     1    17     8    21     7     0     0   -24.0   46.779 -119.297    644.7    939.0
     1     1    17     8    21     6     0     0   -25.0   46.761 -119.256    643.2    937.9
     1     1    17     8    21     5     0     0   -26.0   46.750 -119.236    642.1    938.5
     1     1    17     8    21     4     0     0   -27.0   46.737 -119.220    641.9    938.2
     1     1    17     8    21     3     0     0   -28.0   46.724 -119.217    639.8    938.6
     1     1    17     8    21     2     0     0   -29.0   46.701 -119.251    638.8    939.0
     1     1    17     8    21     1     0     0   -30.0   46.672 -119.264    635.9    938.4
     1     1    17     8    21     0     0     0   -31.0   46.644 -119.291    634.5    940.1
     1     1    17     8    20    23     0     0   -32.0   46.666 -119.342    641.0    938.5
     1     1    17     8    20    22     0     0   -33.0   46.732 -119.374    644.1    937.4
     1     1    17     8    20    21     0     0   -34.0   46.753 -119.405    637.8    939.9
     1     1    17     8    20    20     0     0   -35.0   46.720 -119.437    632.9    938.3
     1     1    17     8    20    19     0     0   -36.0   46.670 -119.453    629.3    940.8
     1     1    17     8    20    18     0     0   -37.0   46.628 -119.400    626.8    939.3
     1     1    17     8    20    17     0     0   -38.0   46.591 -119.283    593.5    943.4
     1     1    17     8    20    16     0     0   -39.0   46.527 -119.199    576.3    945.2
     1     1    17     8    20    15     0     0   -40.0   46.439 -119.172    561.9    947.4
     1     1    17     8    20    14     0     0   -41.0   46.355 -119.156    562.6    946.8
     1     1    17     8    20    13     0     0   -42.0   46.292 -119.087    573.1    945.2
     1     1    17     8    20    12     0     0   -43.0   46.214 -119.044    570.7    945.5
     1     1    17     8    20    11     0     0   -44.0   46.112 -119.035    547.8    948.4
     1     1    17     8    20    10     0     0   -45.0   46.043 -119.038    532.0    950.5
     1     1    17     8    20     9     0     0   -46.0   45.988 -119.071    533.8    950.2
     1     1    17     8    20     8     0     0   -47.0   45.926 -119.101    527.3    950.5
     1     1    17     8    20     7     0     0   -48.0   45.859 -119.095    508.8    952.7
     1     1    17     8    20     6     0     0   -49.0   45.775 -119.036    497.0    953.4
     1     1    17     8    20     5     0     0   -50.0   45.683 -119.010    472.1    956.8
     1     1    17     8    20     4     0     0   -51.0   45.601 -119.015    458.5    959.0
     1     1    17     8    20     3     0     0   -52.0   45.530 -119.014    452.3    959.2
     1     1    17     8    20     2     0     0   -53.0   45.491 -118.976    453.3    959.8
     1     1    17     8    20     1     0     0   -54.0   45.467 -118.934    459.7    957.3
     1     1    17     8    20     0     0     0   -55.0   45.428 -118.890    461.8    958.5
     1     1    17     8    19    23     0     0   -56.0   45.396 -118.894    464.8    957.2
