     1     1
    SITE    10     3     1     0     0
     1 BACKWARD OMEGA   
    17     8    13     0   46.392 -119.412   700.0
     1 PRESSURE
     1     1    17     8    13     0     0     0     0.0   46.392 -119.412    700.0    931.4
     1     1    17     8    12    23     0     0    -1.0   46.324 -119.374    710.2    930.2
     1     1    17     8    12    22     0     0    -2.0   46.276 -119.419    704.1    930.5
     1     1    17     8    12    21     0     0    -3.0   46.282 -119.566    679.1    933.6
     1     1    17     8    12    20     0     0    -4.0   46.291 -119.748    672.3    933.5
     1     1    17     8    12    19     0     0    -5.0   46.229 -119.801    647.3    938.4
     1     1    17     8    12    18     0     0    -6.0   46.143 -119.706    624.5    940.1
     1     1    17     8    12    17     0     0    -7.0   46.026 -119.627    652.4    940.2
     1     1    17     8    12    16     0     0    -8.0   45.880 -119.558    691.3    932.3
     1     1    17     8    12    15     0     0    -9.0   45.734 -119.481    679.4    934.0
     1     1    17     8    12    14     0     0   -10.0   45.604 -119.422    663.9    936.3
     1     1    17     8    12    13     0     0   -11.0   45.478 -119.413    649.1    937.0
     1     1    17     8    12    12     0     0   -12.0   45.352 -119.441    650.7    937.9
