     1     1
    SITE    10     3     1     0     0
     1 BACKWARD OMEGA   
    17     8     1     9   46.392 -119.412   700.0
     1 PRESSURE
     1     1    17     8     1     9     0     0     0.0   46.392 -119.412    700.0    931.4
     1     1    17     8     1     8     0     0    -1.0   46.345 -119.404    697.2    931.7
     1     1    17     8     1     7     0     0    -2.0   46.299 -119.371    688.9    933.0
     1     1    17     8     1     6     0     0    -3.0   46.245 -119.348    686.3    933.4
     1     1    17     8     1     5     0     0    -4.0   46.190 -119.333    691.6    932.7
     1     1    17     8     1     4     0     0    -5.0   46.148 -119.327    697.8    931.3
     1     1    17     8     1     3     0     0    -6.0   46.110 -119.331    699.0    931.3
     1     1    17     8     1     2     0     0    -7.0   46.080 -119.315    692.5    931.6
     1     1    17     8     1     1     0     0    -8.0   46.049 -119.293    691.6    933.8
     1     1    17     8     1     0     0     0    -9.0   46.003 -119.293    697.2    930.8
     1     1    17     7    31    23     0     0   -10.0   45.999 -119.319    701.8    931.8
     1     1    17     7    31    22     0     0   -11.0   46.012 -119.388    685.3    931.1
     1     1    17     7    31    21     0     0   -12.0   46.009 -119.450    668.9    937.9
     1     1    17     7    31    20     0     0   -13.0   46.024 -119.483    674.5    934.7
     1     1    17     7    31    19     0     0   -14.0   46.011 -119.498    679.5    933.4
     1     1    17     7    31    18     0     0   -15.0   45.949 -119.456    685.3    933.7
     1     1    17     7    31    17     0     0   -16.0   45.871 -119.377    678.3    933.5
     1     1    17     7    31    16     0     0   -17.0   45.787 -119.329    667.4    935.9
     1     1    17     7    31    15     0     0   -18.0   45.696 -119.291    663.1    936.0
     1     1    17     7    31    14     0     0   -19.0   45.590 -119.238    673.1    934.1
     1     1    17     7    31    13     0     0   -20.0   45.477 -119.208    665.3    936.1
     1     1    17     7    31    12     0     0   -21.0   45.378 -119.195    677.2    933.9
