     1     1
    SITE    10     3     1     0     0
     1 BACKWARD OMEGA   
    17     8     7     4   46.392 -119.412   700.0
     1 PRESSURE
     1     1    17     8     7     4     0     0     0.0   46.392 -119.412    700.0    931.4
     1     1    17     8     7     3     0     0    -1.0   46.420 -119.434    696.3    931.8
     1     1    17     8     7     2     0     0    -2.0   46.426 -119.467    692.0    932.8
     1     1    17     8     7     1     0     0    -3.0   46.405 -119.479    693.3    932.7
     1     1    17     8     7     0     0     0    -4.0   46.363 -119.490    701.3    931.7
     1     1    17     8     6    23     0     0    -5.0   46.325 -119.513    697.5    931.0
     1     1    17     8     6    22     0     0    -6.0   46.300 -119.528    692.2    932.3
     1     1    17     8     6    21     0     0    -7.0   46.298 -119.551    691.0    933.1
     1     1    17     8     6    20     0     0    -8.0   46.302 -119.574    694.4    931.9
     1     1    17     8     6    19     0     0    -9.0   46.312 -119.612    699.4    931.5
     1     1    17     8     6    18     0     0   -10.0   46.358 -119.652    709.9    930.7
     1     1    17     8     6    17     0     0   -11.0   46.375 -119.702    713.1    928.8
     1     1    17     8     6    16     0     0   -12.0   46.356 -119.693    701.4    930.4
     1     1    17     8     6    15     0     0   -13.0   46.379 -119.615    705.3    932.5
     1     1    17     8     6    14     0     0   -14.0   46.443 -119.557    717.2    928.8
     1     1    17     8     6    13     0     0   -15.0   46.501 -119.510    726.6    928.9
     1     1    17     8     6    12     0     0   -16.0   46.519 -119.439    740.7    926.0
     1     1    17     8     6    11     0     0   -17.0   46.542 -119.375    744.9    927.5
     1     1    17     8     6    10     0     0   -18.0   46.593 -119.334    751.1    924.7
     1     1    17     8     6     9     0     0   -19.0   46.595 -119.301    747.4    925.4
     1     1    17     8     6     8     0     0   -20.0   46.554 -119.293    741.6    927.2
     1     1    17     8     6     7     0     0   -21.0   46.520 -119.299    740.6    926.7
     1     1    17     8     6     6     0     0   -22.0   46.488 -119.310    744.4    926.9
     1     1    17     8     6     5     0     0   -23.0   46.451 -119.296    746.1    925.2
     1     1    17     8     6     4     0     0   -24.0   46.417 -119.274    739.1    926.9
     1     1    17     8     6     3     0     0   -25.0   46.390 -119.285    741.0    927.7
     1     1    17     8     6     2     0     0   -26.0   46.359 -119.283    748.9    925.7
     1     1    17     8     6     1     0     0   -27.0   46.320 -119.282    755.8    924.8
     1     1    17     8     6     0     0     0   -28.0   46.290 -119.318    761.8    924.3
     1     1    17     8     5    23     0     0   -29.0   46.303 -119.360    775.0    923.4
     1     1    17     8     5    22     0     0   -30.0   46.310 -119.397    791.5    920.5
     1     1    17     8     5    21     0     0   -31.0   46.281 -119.428    787.7    920.7
     1     1    17     8     5    20     0     0   -32.0   46.235 -119.467    790.0    922.6
     1     1    17     8     5    19     0     0   -33.0   46.178 -119.509    802.7    918.7
     1     1    17     8     5    18     0     0   -34.0   46.118 -119.528    801.9    919.4
     1     1    17     8     5    17     0     0   -35.0   46.035 -119.515    817.0    920.4
     1     1    17     8     5    16     0     0   -36.0   45.951 -119.450    844.0    915.5
     1     1    17     8     5    15     0     0   -37.0   45.914 -119.344    855.1    914.3
     1     1    17     8     5    14     0     0   -38.0   45.927 -119.329    860.5    913.3
     1     1    17     8     5    13     0     0   -39.0   45.931 -119.315    874.1    913.1
     1     1    17     8     5    12     0     0   -40.0   45.913 -119.198    890.0    910.0
     1     1    17     8     5    11     0     0   -41.0   45.850 -119.134    877.4    911.9
     1     1    17     8     5    10     0     0   -42.0   45.749 -119.136    883.1    911.4
     1     1    17     8     5     9     0     0   -43.0   45.674 -119.136    891.0    910.8
     1     1    17     8     5     8     0     0   -44.0   45.640 -119.152    893.5    909.9
     1     1    17     8     5     7     0     0   -45.0   45.613 -119.163    896.6    911.1
     1     1    17     8     5     6     0     0   -46.0   45.584 -119.133    914.0    907.9
     1     1    17     8     5     5     0     0   -47.0   45.577 -119.127    925.7    906.6
     1     1    17     8     5     4     0     0   -48.0   45.551 -119.135    944.8    905.9
     1     1    17     8     5     3     0     0   -49.0   45.491 -119.108    950.1    901.8
     1     1    17     8     5     2     0     0   -50.0   45.415 -119.081    952.4    903.7
