     1     1
    SITE    10     3     1     0     0
     1 BACKWARD OMEGA   
    17     8    21    11   46.392 -119.412   700.0
     1 PRESSURE
     1     1    17     8    21    11     0     0     0.0   46.392 -119.412    700.0    931.4
     1     1    17     8    21    10     0     0    -1.0   46.472 -119.409    701.8    931.2
     1     1    17     8    21     9     0     0    -2.0   46.494 -119.352    699.3    931.3
     1     1    17     8    21     8     0     0    -3.0   46.467 -119.297    683.2    933.0
     1     1    17     8    21     7     0     0    -4.0   46.435 -119.259    677.4    935.0
     1     1    17     8    21     6     0     0    -5.0   46.418 -119.219    675.7    933.8
     1     1    17     8    21     5     0     0    -6.0   46.406 -119.199    674.1    935.0
     1     1    17     8    21     4     0     0    -7.0   46.393 -119.184    679.1    934.4
     1     1    17     8    21     3     0     0    -8.0   46.381 -119.182    687.5    932.8
     1     1    17     8    21     2     0     0    -9.0   46.357 -119.215    686.6    932.7
     1     1    17     8    21     1     0     0   -10.0   46.329 -119.227    682.1    933.2
     1     1    17     8    21     0     0     0   -11.0   46.302 -119.253    678.8    934.2
     1     1    17     8    20    23     0     0   -12.0   46.326 -119.301    686.1    932.9
     1     1    17     8    20    22     0     0   -13.0   46.394 -119.333    680.6    934.0
     1     1    17     8    20    21     0     0   -14.0   46.416 -119.365    680.7    933.5
     1     1    17     8    20    20     0     0   -15.0   46.384 -119.396    673.7    934.3
     1     1    17     8    20    19     0     0   -16.0   46.335 -119.413    673.3    935.7
     1     1    17     8    20    18     0     0   -17.0   46.296 -119.358    682.4    933.8
     1     1    17     8    20    17     0     0   -18.0   46.261 -119.240    690.7    932.4
     1     1    17     8    20    16     0     0   -19.0   46.201 -119.162    670.5    934.3
     1     1    17     8    20    15     0     0   -20.0   46.115 -119.137    642.6    937.6
     1     1    17     8    20    14     0     0   -21.0   46.032 -119.118    629.8    940.0
     1     1    17     8    20    13     0     0   -22.0   45.969 -119.050    629.3    940.0
     1     1    17     8    20    12     0     0   -23.0   45.887 -119.005    630.3    939.8
     1     1    17     8    20    11     0     0   -24.0   45.787 -118.996    627.2    939.5
     1     1    17     8    20    10     0     0   -25.0   45.720 -119.003    618.1    941.1
     1     1    17     8    20     9     0     0   -26.0   45.666 -119.039    613.0    941.7
     1     1    17     8    20     8     0     0   -27.0   45.606 -119.068    608.3    941.6
     1     1    17     8    20     7     0     0   -28.0   45.540 -119.063    591.4    942.9
     1     1    17     8    20     6     0     0   -29.0   45.456 -119.008    585.8    943.7
     1     1    17     8    20     5     0     0   -30.0   45.363 -118.984    570.5    946.3
