     1     1
    SITE    10     3     1     0     0
     1 BACKWARD OMEGA   
    17     8    28    13   46.392 -119.412   700.0
     1 PRESSURE
     1     1    17     8    28    13     0     0     0.0   46.392 -119.412    700.0    931.4
     1     1    17     8    28    12     0     0    -1.0   46.486 -119.368    694.5    932.1
     1     1    17     8    28    11     0     0    -2.0   46.599 -119.365    679.2    934.3
     1     1    17     8    28    10     0     0    -3.0   46.730 -119.395    714.5    929.4
     1     1    17     8    28     9     0     0    -4.0   46.872 -119.459    782.0    921.7
     1     1    17     8    28     8     0     0    -5.0   46.888 -119.502    803.8    919.6
     1     1    17     8    28     7     0     0    -6.0   46.823 -119.545    815.8    918.7
     1     1    17     8    28     6     0     0    -7.0   46.838 -119.616    813.0    917.8
     1     1    17     8    28     5     0     0    -8.0   46.891 -119.602    802.0    922.9
     1     1    17     8    28     4     0     0    -9.0   46.907 -119.531    794.3    919.8
     1     1    17     8    28     3     0     0   -10.0   46.867 -119.503    778.1    922.0
     1     1    17     8    28     2     0     0   -11.0   46.824 -119.482    764.4    924.8
     1     1    17     8    28     1     0     0   -12.0   46.773 -119.441    759.4    924.9
     1     1    17     8    28     0     0     0   -13.0   46.725 -119.397    759.4    925.3
     1     1    17     8    27    23     0     0   -14.0   46.689 -119.372    766.4    923.9
     1     1    17     8    27    22     0     0   -15.0   46.660 -119.389    774.3    922.9
     1     1    17     8    27    21     0     0   -16.0   46.650 -119.420    779.8    921.9
     1     1    17     8    27    20     0     0   -17.0   46.654 -119.468    784.5    922.1
     1     1    17     8    27    19     0     0   -18.0   46.652 -119.517    781.7    921.5
     1     1    17     8    27    18     0     0   -19.0   46.634 -119.553    781.8    923.0
     1     1    17     8    27    17     0     0   -20.0   46.594 -119.575    780.8    921.4
     1     1    17     8    27    16     0     0   -21.0   46.534 -119.592    781.8    923.4
     1     1    17     8    27    15     0     0   -22.0   46.528 -119.592    780.7    921.1
     1     1    17     8    27    14     0     0   -23.0   46.566 -119.538    780.5    922.7
     1     1    17     8    27    13     0     0   -24.0   46.585 -119.457    779.2    922.0
     1     1    17     8    27    12     0     0   -25.0   46.569 -119.379    765.3    923.1
     1     1    17     8    27    11     0     0   -26.0   46.526 -119.333    754.8    926.7
     1     1    17     8    27    10     0     0   -27.0   46.481 -119.314    749.4    924.8
     1     1    17     8    27     9     0     0   -28.0   46.436 -119.303    734.8    927.3
     1     1    17     8    27     8     0     0   -29.0   46.399 -119.285    727.2    929.0
     1     1    17     8    27     7     0     0   -30.0   46.373 -119.282    722.6    927.9
     1     1    17     8    27     6     0     0   -31.0   46.378 -119.310    714.1    930.5
     1     1    17     8    27     5     0     0   -32.0   46.408 -119.342    710.7    929.9
     1     1    17     8    27     4     0     0   -33.0   46.426 -119.383    713.7    930.7
     1     1    17     8    27     3     0     0   -34.0   46.427 -119.423    720.5    928.5
     1     1    17     8    27     2     0     0   -35.0   46.408 -119.464    724.4    928.7
     1     1    17     8    27     1     0     0   -36.0   46.370 -119.494    728.0    927.4
     1     1    17     8    27     0     0     0   -37.0   46.322 -119.528    733.7    928.1
     1     1    17     8    26    23     0     0   -38.0   46.287 -119.594    736.1    926.5
     1     1    17     8    26    22     0     0   -39.0   46.259 -119.630    734.4    927.6
     1     1    17     8    26    21     0     0   -40.0   46.253 -119.645    733.2    927.6
     1     1    17     8    26    20     0     0   -41.0   46.259 -119.680    738.8    926.8
     1     1    17     8    26    19     0     0   -42.0   46.242 -119.710    741.8    926.2
     1     1    17     8    26    18     0     0   -43.0   46.197 -119.728    737.4    926.7
     1     1    17     8    26    17     0     0   -44.0   46.200 -119.700    711.9    928.4
     1     1    17     8    26    16     0     0   -45.0   46.263 -119.626    699.1    931.7
     1     1    17     8    26    15     0     0   -46.0   46.265 -119.540    708.3    932.6
     1     1    17     8    26    14     0     0   -47.0   46.269 -119.457    707.3    927.9
     1     1    17     8    26    13     0     0   -48.0   46.305 -119.364    709.0    931.9
     1     1    17     8    26    12     0     0   -49.0   46.338 -119.276    729.1    928.0
     1     1    17     8    26    11     0     0   -50.0   46.372 -119.192    747.7    925.7
     1     1    17     8    26    10     0     0   -51.0   46.404 -119.114    755.4    924.5
     1     1    17     8    26     9     0     0   -52.0   46.419 -119.120    753.1    925.2
     1     1    17     8    26     8     0     0   -53.0   46.395 -119.148    757.2    925.0
     1     1    17     8    26     7     0     0   -54.0   46.363 -119.140    770.0    923.3
     1     1    17     8    26     6     0     0   -55.0   46.350 -119.159    772.6    922.0
     1     1    17     8    26     5     0     0   -56.0   46.343 -119.163    774.1    923.5
     1     1    17     8    26     4     0     0   -57.0   46.342 -119.166    771.0    922.8
     1     1    17     8    26     3     0     0   -58.0   46.341 -119.192    765.1    924.3
     1     1    17     8    26     2     0     0   -59.0   46.329 -119.214    764.3    924.1
     1     1    17     8    26     1     0     0   -60.0   46.317 -119.239    766.1    924.1
     1     1    17     8    26     0     0     0   -61.0   46.291 -119.275    775.0    923.3
     1     1    17     8    25    23     0     0   -62.0   46.287 -119.325    783.1    920.8
     1     1    17     8    25    22     0     0   -63.0   46.294 -119.376    786.5    922.1
     1     1    17     8    25    21     0     0   -64.0   46.256 -119.423    806.5    920.5
     1     1    17     8    25    20     0     0   -65.0   46.194 -119.464    813.0    915.6
     1     1    17     8    25    19     0     0   -66.0   46.110 -119.471    819.2    921.1
     1     1    17     8    25    18     0     0   -67.0   46.006 -119.442    841.8    915.7
     1     1    17     8    25    17     0     0   -68.0   45.902 -119.415    858.5    913.8
     1     1    17     8    25    16     0     0   -69.0   45.812 -119.376    850.2    914.5
     1     1    17     8    25    15     0     0   -70.0   45.736 -119.326    843.6    915.8
     1     1    17     8    25    14     0     0   -71.0   45.657 -119.274    848.1    914.9
     1     1    17     8    25    13     0     0   -72.0   45.577 -119.262    841.7    915.9
