     1     1
    SITE    10     3     1     0     0
     1 BACKWARD OMEGA   
    17     8    14    12   46.392 -119.412   700.0
     1 PRESSURE
     1     1    17     8    14    12     0     0     0.0   46.392 -119.412    700.0    931.4
     1     1    17     8    14    11     0     0    -1.0   46.289 -119.348    715.1    929.7
     1     1    17     8    14    10     0     0    -2.0   46.187 -119.289    723.2    927.8
     1     1    17     8    14     9     0     0    -3.0   46.084 -119.254    723.8    928.1
     1     1    17     8    14     8     0     0    -4.0   45.980 -119.278    732.5    928.3
     1     1    17     8    14     7     0     0    -5.0   45.893 -119.304    720.5    928.9
     1     1    17     8    14     6     0     0    -6.0   45.847 -119.309    706.6    930.9
     1     1    17     8    14     5     0     0    -7.0   45.835 -119.323    705.1    931.0
     1     1    17     8    14     4     0     0    -8.0   45.803 -119.346    693.9    930.8
     1     1    17     8    14     3     0     0    -9.0   45.740 -119.352    686.5    934.5
     1     1    17     8    14     2     0     0   -10.0   45.671 -119.341    685.0    932.3
     1     1    17     8    14     1     0     0   -11.0   45.604 -119.329    678.4    934.1
     1     1    17     8    14     0     0     0   -12.0   45.539 -119.323    672.8    934.6
     1     1    17     8    13    23     0     0   -13.0   45.465 -119.311    676.1    934.4
     1     1    17     8    13    22     0     0   -14.0   45.395 -119.309    665.2    934.5
