     1     1
    SITE    10     3     1     0     0
     1 BACKWARD OMEGA   
    17     8    23    23   46.392 -119.412   700.0
     1 PRESSURE
     1     1    17     8    23    23     0     0     0.0   46.392 -119.412    700.0    931.4
     1     1    17     8    23    22     0     0    -1.0   46.365 -119.430    696.4    931.8
     1     1    17     8    23    21     0     0    -2.0   46.377 -119.474    676.8    933.5
     1     1    17     8    23    20     0     0    -3.0   46.374 -119.512    657.5    939.1
     1     1    17     8    23    19     0     0    -4.0   46.306 -119.471    664.4    936.7
     1     1    17     8    23    18     0     0    -5.0   46.234 -119.383    646.1    937.1
     1     1    17     8    23    17     0     0    -6.0   46.151 -119.312    618.5    940.9
     1     1    17     8    23    16     0     0    -7.0   46.053 -119.267    600.3    943.3
     1     1    17     8    23    15     0     0    -8.0   45.937 -119.212    599.7    943.4
     1     1    17     8    23    14     0     0    -9.0   45.809 -119.111    600.1    943.6
     1     1    17     8    23    13     0     0   -10.0   45.678 -119.000    607.1    941.0
     1     1    17     8    23    12     0     0   -11.0   45.530 -118.937    598.9    943.2
     1     1    17     8    23    11     0     0   -12.0   45.388 -118.889    616.0    941.2
