     1     1
    SITE    10     3     1     0     0
     1 BACKWARD OMEGA   
    17     8    21    19   46.392 -119.412   700.0
     1 PRESSURE
     1     1    17     8    21    19     0     0     0.0   46.392 -119.412    700.0    931.4
     1     1    17     8    21    18     0     0    -1.0   46.471 -119.481    679.7    933.8
     1     1    17     8    21    17     0     0    -2.0   46.505 -119.557    686.4    933.4
     1     1    17     8    21    16     0     0    -3.0   46.478 -119.586    681.0    933.3
     1     1    17     8    21    15     0     0    -4.0   46.453 -119.515    664.2    936.1
     1     1    17     8    21    14     0     0    -5.0   46.481 -119.440    657.6    937.2
     1     1    17     8    21    13     0     0    -6.0   46.543 -119.371    657.2    937.6
     1     1    17     8    21    12     0     0    -7.0   46.567 -119.268    666.6    935.6
     1     1    17     8    21    11     0     0    -8.0   46.611 -119.221    696.5    931.7
     1     1    17     8    21    10     0     0    -9.0   46.692 -119.220    698.3    930.9
     1     1    17     8    21     9     0     0   -10.0   46.713 -119.163    678.7    934.0
     1     1    17     8    21     8     0     0   -11.0   46.685 -119.108    671.4    935.6
     1     1    17     8    21     7     0     0   -12.0   46.654 -119.070    671.9    934.9
     1     1    17     8    21     6     0     0   -13.0   46.635 -119.029    674.3    934.6
     1     1    17     8    21     5     0     0   -14.0   46.622 -119.009    678.1    934.1
     1     1    17     8    21     4     0     0   -15.0   46.609 -118.993    680.5    933.4
     1     1    17     8    21     3     0     0   -16.0   46.596 -118.991    681.2    933.6
     1     1    17     8    21     2     0     0   -17.0   46.572 -119.025    685.1    933.4
     1     1    17     8    21     1     0     0   -18.0   46.543 -119.036    684.7    932.4
     1     1    17     8    21     0     0     0   -19.0   46.516 -119.064    686.3    934.2
     1     1    17     8    20    23     0     0   -20.0   46.538 -119.116    694.7    931.4
     1     1    17     8    20    22     0     0   -21.0   46.605 -119.147    671.9    934.7
     1     1    17     8    20    21     0     0   -22.0   46.626 -119.179    659.4    938.1
     1     1    17     8    20    20     0     0   -23.0   46.594 -119.213    661.6    935.5
     1     1    17     8    20    19     0     0   -24.0   46.547 -119.229    664.5    936.2
     1     1    17     8    20    18     0     0   -25.0   46.506 -119.176    675.7    934.7
     1     1    17     8    20    17     0     0   -26.0   46.473 -119.060    682.0    933.1
     1     1    17     8    20    16     0     0   -27.0   46.411 -118.979    666.6    935.0
     1     1    17     8    20    15     0     0   -28.0   46.324 -118.954    650.0    938.4
     1     1    17     8    20    14     0     0   -29.0   46.242 -118.937    650.9    936.5
     1     1    17     8    20    13     0     0   -30.0   46.180 -118.867    641.4    938.7
     1     1    17     8    20    12     0     0   -31.0   46.101 -118.827    647.3    938.1
     1     1    17     8    20    11     0     0   -32.0   46.000 -118.821    652.9    936.8
     1     1    17     8    20    10     0     0   -33.0   45.931 -118.829    652.5    937.4
     1     1    17     8    20     9     0     0   -34.0   45.874 -118.866    652.1    937.0
     1     1    17     8    20     8     0     0   -35.0   45.810 -118.896    636.9    938.3
     1     1    17     8    20     7     0     0   -36.0   45.742 -118.889    625.4    942.3
     1     1    17     8    20     6     0     0   -37.0   45.658 -118.831    634.7    938.5
     1     1    17     8    20     5     0     0   -38.0   45.563 -118.808    623.6    940.8
     1     1    17     8    20     4     0     0   -39.0   45.477 -118.814    624.2    940.4
     1     1    17     8    20     3     0     0   -40.0   45.406 -118.811    632.4    939.6
