     1     1
    SITE    10     3     1     0     0
     1 BACKWARD OMEGA   
    17     8     6    19   46.392 -119.412   700.0
     1 PRESSURE
     1     1    17     8     6    19     0     0     0.0   46.392 -119.412    700.0    931.4
     1     1    17     8     6    18     0     0    -1.0   46.439 -119.452    689.2    932.7
     1     1    17     8     6    17     0     0    -2.0   46.456 -119.502    689.2    933.9
     1     1    17     8     6    16     0     0    -3.0   46.438 -119.492    685.1    931.9
     1     1    17     8     6    15     0     0    -4.0   46.462 -119.410    677.2    933.6
     1     1    17     8     6    14     0     0    -5.0   46.525 -119.349    684.0    932.4
     1     1    17     8     6    13     0     0    -6.0   46.582 -119.303    687.2    933.2
     1     1    17     8     6    12     0     0    -7.0   46.601 -119.232    686.5    932.1
     1     1    17     8     6    11     0     0    -8.0   46.623 -119.169    700.7    933.6
     1     1    17     8     6    10     0     0    -9.0   46.673 -119.128    710.9    930.4
     1     1    17     8     6     9     0     0   -10.0   46.674 -119.093    723.2    928.7
     1     1    17     8     6     8     0     0   -11.0   46.634 -119.083    730.4    928.2
     1     1    17     8     6     7     0     0   -12.0   46.599 -119.089    736.6    926.8
     1     1    17     8     6     6     0     0   -13.0   46.567 -119.099    728.4    926.9
     1     1    17     8     6     5     0     0   -14.0   46.529 -119.086    720.3    930.2
     1     1    17     8     6     4     0     0   -15.0   46.495 -119.064    717.2    929.2
     1     1    17     8     6     3     0     0   -16.0   46.467 -119.075    716.5    929.8
     1     1    17     8     6     2     0     0   -17.0   46.437 -119.075    710.8    929.4
     1     1    17     8     6     1     0     0   -18.0   46.396 -119.074    699.4    931.6
     1     1    17     8     6     0     0     0   -19.0   46.364 -119.108    686.5    933.6
     1     1    17     8     5    23     0     0   -20.0   46.377 -119.150    677.7    934.0
     1     1    17     8     5    22     0     0   -21.0   46.384 -119.187    672.8    934.4
     1     1    17     8     5    21     0     0   -22.0   46.353 -119.216    667.7    935.6
     1     1    17     8     5    20     0     0   -23.0   46.308 -119.254    674.6    935.5
     1     1    17     8     5    19     0     0   -24.0   46.253 -119.296    677.7    933.0
     1     1    17     8     5    18     0     0   -25.0   46.193 -119.316    667.1    934.9
     1     1    17     8     5    17     0     0   -26.0   46.108 -119.304    654.1    936.6
     1     1    17     8     5    16     0     0   -27.0   46.023 -119.241    663.5    937.3
     1     1    17     8     5    15     0     0   -28.0   45.985 -119.138    682.3    932.4
     1     1    17     8     5    14     0     0   -29.0   45.999 -119.125    679.3    934.2
     1     1    17     8     5    13     0     0   -30.0   46.003 -119.113    662.0    933.1
     1     1    17     8     5    12     0     0   -31.0   45.984 -118.996    639.1    939.1
     1     1    17     8     5    11     0     0   -32.0   45.921 -118.932    612.7    941.2
     1     1    17     8     5    10     0     0   -33.0   45.819 -118.934    592.0    944.2
     1     1    17     8     5     9     0     0   -34.0   45.742 -118.932    595.0    943.4
     1     1    17     8     5     8     0     0   -35.0   45.707 -118.947    599.8    942.9
     1     1    17     8     5     7     0     0   -36.0   45.680 -118.959    595.2    942.6
     1     1    17     8     5     6     0     0   -37.0   45.652 -118.928    587.5    945.3
     1     1    17     8     5     5     0     0   -38.0   45.644 -118.922    593.8    943.6
     1     1    17     8     5     4     0     0   -39.0   45.618 -118.929    597.1    942.8
     1     1    17     8     5     3     0     0   -40.0   45.556 -118.903    599.3    942.6
     1     1    17     8     5     2     0     0   -41.0   45.479 -118.879    592.1    943.1
     1     1    17     8     5     1     0     0   -42.0   45.404 -118.857    580.3    945.2
