     1     1
    SITE    10     3     1     0     0
     1 BACKWARD OMEGA   
    17     8    11    23   46.392 -119.412   700.0
     1 PRESSURE
     1     1    17     8    11    23     0     0     0.0   46.392 -119.412    700.0    931.4
     1     1    17     8    11    22     0     0    -1.0   46.311 -119.398    710.6    930.2
     1     1    17     8    11    21     0     0    -2.0   46.225 -119.387    709.1    930.1
     1     1    17     8    11    20     0     0    -3.0   46.142 -119.432    691.1    931.7
     1     1    17     8    11    19     0     0    -4.0   46.055 -119.504    678.8    934.8
     1     1    17     8    11    18     0     0    -5.0   45.977 -119.533    685.4    933.0
     1     1    17     8    11    17     0     0    -6.0   45.895 -119.526    682.2    933.6
     1     1    17     8    11    16     0     0    -7.0   45.793 -119.500    676.3    933.6
     1     1    17     8    11    15     0     0    -8.0   45.718 -119.432    664.7    936.0
     1     1    17     8    11    14     0     0    -9.0   45.689 -119.327    665.0    936.0
     1     1    17     8    11    13     0     0   -10.0   45.635 -119.240    689.0    932.3
     1     1    17     8    11    12     0     0   -11.0   45.614 -119.169    686.6    933.2
     1     1    17     8    11    11     0     0   -12.0   45.600 -119.137    674.5    933.4
     1     1    17     8    11    10     0     0   -13.0   45.557 -119.099    654.6    937.0
     1     1    17     8    11     9     0     0   -14.0   45.573 -119.034    651.7    939.0
     1     1    17     8    11     8     0     0   -15.0   45.580 -119.017    652.2    936.6
     1     1    17     8    11     7     0     0   -16.0   45.551 -119.055    633.1    939.8
     1     1    17     8    11     6     0     0   -17.0   45.530 -119.082    634.2    940.2
     1     1    17     8    11     5     0     0   -18.0   45.491 -119.085    638.7    938.2
     1     1    17     8    11     4     0     0   -19.0   45.450 -119.122    635.1    938.7
     1     1    17     8    11     3     0     0   -20.0   45.435 -119.123    635.6    939.2
     1     1    17     8    11     2     0     0   -21.0   45.419 -119.099    638.0    939.2
     1     1    17     8    11     1     0     0   -22.0   45.371 -119.085    645.2    937.7
