     1     1
    SITE    10     3     1     0     0
     1 BACKWARD OMEGA   
    17     8    29     1   46.392 -119.412   700.0
     1 PRESSURE
     1     1    17     8    29     1     0     0     0.0   46.392 -119.412    700.0    931.4
     1     1    17     8    29     0     0     0    -1.0   46.341 -119.467    674.7    934.4
     1     1    17     8    28    23     0     0    -2.0   46.272 -119.496    668.5    935.1
     1     1    17     8    28    22     0     0    -3.0   46.233 -119.538    668.0    935.0
     1     1    17     8    28    21     0     0    -4.0   46.229 -119.575    661.7    935.8
     1     1    17     8    28    20     0     0    -5.0   46.225 -119.648    667.9    936.7
     1     1    17     8    28    19     0     0    -6.0   46.195 -119.718    672.6    934.5
     1     1    17     8    28    18     0     0    -7.0   46.207 -119.773    679.4    934.4
     1     1    17     8    28    17     0     0    -8.0   46.276 -119.845    677.3    934.8
     1     1    17     8    28    16     0     0    -9.0   46.306 -119.938    693.6    933.0
     1     1    17     8    28    15     0     0   -10.0   46.344 -120.015    708.9    930.0
     1     1    17     8    28    14     0     0   -11.0   46.377 -119.977    692.7    932.4
     1     1    17     8    28    13     0     0   -12.0   46.402 -119.885    704.4    930.4
     1     1    17     8    28    12     0     0   -13.0   46.498 -119.841    717.7    930.4
     1     1    17     8    28    11     0     0   -14.0   46.608 -119.835    720.9    929.0
     1     1    17     8    28    10     0     0   -15.0   46.735 -119.863    714.6    929.8
     1     1    17     8    28     9     0     0   -16.0   46.877 -119.928    730.7    928.3
     1     1    17     8    28     8     0     0   -17.0   46.894 -119.970    781.9    922.1
     1     1    17     8    28     7     0     0   -18.0   46.828 -120.011    820.4    916.9
     1     1    17     8    28     6     0     0   -19.0   46.842 -120.082    836.4    916.3
     1     1    17     8    28     5     0     0   -20.0   46.896 -120.067    842.9    913.5
     1     1    17     8    28     4     0     0   -21.0   46.911 -119.995    849.3    913.4
     1     1    17     8    28     3     0     0   -22.0   46.871 -119.966    847.9    915.8
     1     1    17     8    28     2     0     0   -23.0   46.829 -119.943    844.6    914.4
     1     1    17     8    28     1     0     0   -24.0   46.780 -119.901    832.8    916.8
     1     1    17     8    28     0     0     0   -25.0   46.732 -119.855    832.8    917.0
     1     1    17     8    27    23     0     0   -26.0   46.696 -119.831    820.9    916.2
     1     1    17     8    27    22     0     0   -27.0   46.668 -119.848    806.3    920.5
     1     1    17     8    27    21     0     0   -28.0   46.658 -119.878    804.6    919.6
     1     1    17     8    27    20     0     0   -29.0   46.661 -119.928    799.7    919.9
     1     1    17     8    27    19     0     0   -30.0   46.659 -119.978    794.8    921.2
     1     1    17     8    27    18     0     0   -31.0   46.642 -120.014    786.4    920.8
     1     1    17     8    27    17     0     0   -32.0   46.602 -120.038    771.1    923.4
     1     1    17     8    27    16     0     0   -33.0   46.542 -120.055    764.4    925.9
     1     1    17     8    27    15     0     0   -34.0   46.536 -120.057    772.5    922.8
     1     1    17     8    27    14     0     0   -35.0   46.575 -120.004    761.8    924.0
     1     1    17     8    27    13     0     0   -36.0   46.594 -119.924    751.4    926.3
     1     1    17     8    27    12     0     0   -37.0   46.581 -119.845    746.9    926.2
     1     1    17     8    27    11     0     0   -38.0   46.540 -119.798    759.1    924.8
     1     1    17     8    27    10     0     0   -39.0   46.494 -119.781    767.2    922.9
     1     1    17     8    27     9     0     0   -40.0   46.448 -119.772    771.1    923.7
     1     1    17     8    27     8     0     0   -41.0   46.410 -119.754    781.1    922.2
     1     1    17     8    27     7     0     0   -42.0   46.383 -119.750    783.4    920.9
     1     1    17     8    27     6     0     0   -43.0   46.389 -119.777    782.9    923.0
     1     1    17     8    27     5     0     0   -44.0   46.418 -119.811    791.2    920.2
     1     1    17     8    27     4     0     0   -45.0   46.436 -119.853    790.0    921.0
     1     1    17     8    27     3     0     0   -46.0   46.436 -119.893    793.6    921.5
     1     1    17     8    27     2     0     0   -47.0   46.417 -119.935    791.6    919.7
     1     1    17     8    27     1     0     0   -48.0   46.378 -119.965    785.7    922.2
     1     1    17     8    27     0     0     0   -49.0   46.330 -120.000    781.0    921.8
     1     1    17     8    26    23     0     0   -50.0   46.295 -120.068    776.9    923.6
     1     1    17     8    26    22     0     0   -51.0   46.267 -120.105    774.1    922.8
     1     1    17     8    26    21     0     0   -52.0   46.260 -120.120    762.9    923.6
     1     1    17     8    26    20     0     0   -53.0   46.266 -120.156    752.3    925.7
     1     1    17     8    26    19     0     0   -54.0   46.249 -120.185    742.8    926.0
     1     1    17     8    26    18     0     0   -55.0   46.206 -120.203    753.5    928.2
     1     1    17     8    26    17     0     0   -56.0   46.211 -120.177    794.2    919.7
     1     1    17     8    26    16     0     0   -57.0   46.273 -120.106    804.2    919.5
     1     1    17     8    26    15     0     0   -58.0   46.276 -120.018    789.6    920.0
     1     1    17     8    26    14     0     0   -59.0   46.279 -119.933    785.4    924.4
     1     1    17     8    26    13     0     0   -60.0   46.316 -119.840    786.0    922.2
     1     1    17     8    26    12     0     0   -61.0   46.349 -119.751    792.9    921.0
     1     1    17     8    26    11     0     0   -62.0   46.382 -119.666    799.4    919.5
     1     1    17     8    26    10     0     0   -63.0   46.414 -119.589    810.5    919.6
     1     1    17     8    26     9     0     0   -64.0   46.428 -119.595    815.7    917.4
     1     1    17     8    26     8     0     0   -65.0   46.404 -119.623    809.9    918.7
     1     1    17     8    26     7     0     0   -66.0   46.371 -119.615    802.8    920.0
     1     1    17     8    26     6     0     0   -67.0   46.359 -119.633    803.1    920.4
     1     1    17     8    26     5     0     0   -68.0   46.352 -119.637    808.1    918.6
     1     1    17     8    26     4     0     0   -69.0   46.350 -119.639    808.4    919.5
     1     1    17     8    26     3     0     0   -70.0   46.350 -119.665    807.6    919.1
     1     1    17     8    26     2     0     0   -71.0   46.338 -119.688    813.5    919.3
     1     1    17     8    26     1     0     0   -72.0   46.326 -119.713    817.7    917.3
