     1     1
    SITE    10     3     1     0     0
     1 BACKWARD OMEGA   
    17     8     3    22   46.392 -119.412   700.0
     1 PRESSURE
     1     1    17     8     3    22     0     0     0.0   46.392 -119.412    700.0    931.4
     1     1    17     8     3    21     0     0    -1.0   46.352 -119.368    689.8    932.6
     1     1    17     8     3    20     0     0    -2.0   46.276 -119.376    680.8    933.7
     1     1    17     8     3    19     0     0    -3.0   46.208 -119.406    675.5    934.4
     1     1    17     8     3    18     0     0    -4.0   46.140 -119.420    689.4    933.2
     1     1    17     8     3    17     0     0    -5.0   46.050 -119.363    691.7    931.9
     1     1    17     8     3    16     0     0    -6.0   45.970 -119.243    677.7    934.2
     1     1    17     8     3    15     0     0    -7.0   45.923 -119.098    663.5    936.4
     1     1    17     8     3    14     0     0    -8.0   45.876 -118.978    665.3    934.7
     1     1    17     8     3    13     0     0    -9.0   45.815 -118.958    651.4    937.9
     1     1    17     8     3    12     0     0   -10.0   45.772 -119.048    625.9    936.1
     1     1    17     8     3    11     0     0   -11.0   45.817 -119.124    615.3    941.4
     1     1    17     8     3    10     0     0   -12.0   45.916 -119.159    606.6    942.9
     1     1    17     8     3     9     0     0   -13.0   45.955 -119.236    613.9    941.5
     1     1    17     8     3     8     0     0   -14.0   45.935 -119.279    617.9    940.8
     1     1    17     8     3     7     0     0   -15.0   45.901 -119.277    608.3    941.5
     1     1    17     8     3     6     0     0   -16.0   45.867 -119.284    605.1    943.7
     1     1    17     8     3     5     0     0   -17.0   45.832 -119.312    615.5    941.4
     1     1    17     8     3     4     0     0   -18.0   45.817 -119.358    618.3    940.5
     1     1    17     8     3     3     0     0   -19.0   45.823 -119.419    616.7    941.4
     1     1    17     8     3     2     0     0   -20.0   45.832 -119.490    622.6    941.1
     1     1    17     8     3     1     0     0   -21.0   45.839 -119.553    625.7    939.6
     1     1    17     8     3     0     0     0   -22.0   45.830 -119.605    619.5    940.6
     1     1    17     8     2    23     0     0   -23.0   45.819 -119.656    619.7    941.7
     1     1    17     8     2    22     0     0   -24.0   45.836 -119.713    623.5    939.9
     1     1    17     8     2    21     0     0   -25.0   45.851 -119.783    627.4    941.2
     1     1    17     8     2    20     0     0   -26.0   45.878 -119.862    625.6    937.3
     1     1    17     8     2    19     0     0   -27.0   45.943 -119.920    604.1    941.2
     1     1    17     8     2    18     0     0   -28.0   45.975 -120.032    582.3    944.1
     1     1    17     8     2    17     0     0   -29.0   45.904 -120.115    543.4    949.3
     1     1    17     8     2    16     0     0   -30.0   45.898 -120.082    522.9    951.5
     1     1    17     8     2    15     0     0   -31.0   45.898 -120.056    494.2    953.7
     1     1    17     8     2    14     0     0   -32.0   45.763 -120.059    473.5    957.8
     1     1    17     8     2    13     0     0   -33.0   45.614 -120.061    460.4    958.6
     1     1    17     8     2    12     0     0   -34.0   45.448 -120.060    461.5    958.5
