     1     1
    SITE    10     3     1     0     0
     1 BACKWARD OMEGA   
    17     8    19    12   46.392 -119.412   700.0
     1 PRESSURE
     1     1    17     8    19    12     0     0     0.0   46.392 -119.412    700.0    931.4
     1     1    17     8    19    11     0     0    -1.0   46.458 -119.482    693.5    932.1
     1     1    17     8    19    10     0     0    -2.0   46.528 -119.548    668.3    935.9
     1     1    17     8    19     9     0     0    -3.0   46.604 -119.611    665.0    935.5
     1     1    17     8    19     8     0     0    -4.0   46.663 -119.708    661.6    936.1
     1     1    17     8    19     7     0     0    -5.0   46.655 -119.782    667.8    935.7
     1     1    17     8    19     6     0     0    -6.0   46.593 -119.806    685.6    933.2
     1     1    17     8    19     5     0     0    -7.0   46.524 -119.833    688.6    930.6
     1     1    17     8    19     4     0     0    -8.0   46.453 -119.856    666.4    935.4
     1     1    17     8    19     3     0     0    -9.0   46.377 -119.853    637.4    938.4
     1     1    17     8    19     2     0     0   -10.0   46.311 -119.873    618.3    941.3
     1     1    17     8    19     1     0     0   -11.0   46.268 -119.886    623.1    940.7
     1     1    17     8    19     0     0     0   -12.0   46.213 -119.906    628.2    939.0
     1     1    17     8    18    23     0     0   -13.0   46.204 -120.067    614.8    941.3
     1     1    17     8    18    22     0     0   -14.0   46.324 -120.283    578.0    946.1
     1     1    17     8    18    21     0     0   -15.0   46.527 -120.472    578.0    945.2
     1     1    17     8    18    20     0     0   -16.0   46.714 -120.705    561.0    947.2
