     1     1
    SITE    10     3     1     0     0
     1 BACKWARD OMEGA   
    17     8    10    10   46.392 -119.412   700.0
     1 PRESSURE
     1     1    17     8    10    10     0     0     0.0   46.392 -119.412    700.0    931.4
     1     1    17     8    10     9     0     0    -1.0   46.342 -119.381    679.5    933.8
     1     1    17     8    10     8     0     0    -2.0   46.279 -119.339    680.8    935.5
     1     1    17     8    10     7     0     0    -3.0   46.215 -119.315    678.8    934.0
     1     1    17     8    10     6     0     0    -4.0   46.175 -119.291    669.5    934.5
     1     1    17     8    10     5     0     0    -5.0   46.153 -119.292    656.0    937.0
     1     1    17     8    10     4     0     0    -6.0   46.129 -119.311    649.5    937.9
     1     1    17     8    10     3     0     0    -7.0   46.085 -119.302    656.4    937.7
     1     1    17     8    10     2     0     0    -8.0   46.058 -119.325    663.5    934.8
     1     1    17     8    10     1     0     0    -9.0   46.054 -119.377    667.1    935.8
     1     1    17     8    10     0     0     0   -10.0   46.020 -119.405    684.2    934.2
     1     1    17     8     9    23     0     0   -11.0   45.987 -119.456    691.1    929.9
     1     1    17     8     9    22     0     0   -12.0   45.945 -119.490    690.0    934.8
     1     1    17     8     9    21     0     0   -13.0   45.902 -119.501    702.8    931.0
     1     1    17     8     9    20     0     0   -14.0   45.891 -119.555    702.5    930.6
     1     1    17     8     9    19     0     0   -15.0   45.854 -119.587    701.4    931.5
     1     1    17     8     9    18     0     0   -16.0   45.842 -119.538    697.3    932.6
     1     1    17     8     9    17     0     0   -17.0   45.891 -119.420    717.6    929.5
     1     1    17     8     9    16     0     0   -18.0   45.935 -119.293    739.0    926.8
     1     1    17     8     9    15     0     0   -19.0   45.944 -119.177    741.6    926.0
     1     1    17     8     9    14     0     0   -20.0   45.897 -119.113    746.7    926.1
     1     1    17     8     9    13     0     0   -21.0   45.819 -119.101    746.9    925.7
     1     1    17     8     9    12     0     0   -22.0   45.747 -119.055    745.1    926.7
     1     1    17     8     9    11     0     0   -23.0   45.690 -119.008    747.2    925.7
     1     1    17     8     9    10     0     0   -24.0   45.641 -118.984    751.8    927.0
     1     1    17     8     9     9     0     0   -25.0   45.594 -118.961    766.4    923.7
     1     1    17     8     9     8     0     0   -26.0   45.539 -118.947    776.9    922.2
     1     1    17     8     9     7     0     0   -27.0   45.475 -118.925    771.9    921.9
     1     1    17     8     9     6     0     0   -28.0   45.431 -118.902    764.8    925.0
     1     1    17     8     9     5     0     0   -29.0   45.413 -118.915    764.5    923.7
     1     1    17     8     9     4     0     0   -30.0   45.391 -118.942    766.1    924.8
