     1     1
    SITE    10     3     1     0     0
     1 BACKWARD OMEGA   
    17     8     6    18   46.392 -119.412   700.0
     1 PRESSURE
     1     1    17     8     6    18     0     0     0.0   46.392 -119.412    700.0    931.4
     1     1    17     8     6    17     0     0    -1.0   46.408 -119.461    694.0    932.1
     1     1    17     8     6    16     0     0    -2.0   46.389 -119.450    702.7    931.6
     1     1    17     8     6    15     0     0    -3.0   46.412 -119.369    691.3    931.6
     1     1    17     8     6    14     0     0    -4.0   46.474 -119.309    682.2    933.7
     1     1    17     8     6    13     0     0    -5.0   46.531 -119.262    680.1    934.5
     1     1    17     8     6    12     0     0    -6.0   46.549 -119.190    676.3    933.6
     1     1    17     8     6    11     0     0    -7.0   46.571 -119.125    685.6    935.3
     1     1    17     8     6    10     0     0    -8.0   46.621 -119.087    706.7    928.1
     1     1    17     8     6     9     0     0    -9.0   46.622 -119.054    703.9    930.9
     1     1    17     8     6     8     0     0   -10.0   46.581 -119.044    694.6    931.0
     1     1    17     8     6     7     0     0   -11.0   46.546 -119.051    686.3    934.0
     1     1    17     8     6     6     0     0   -12.0   46.515 -119.061    687.7    933.0
     1     1    17     8     6     5     0     0   -13.0   46.478 -119.049    691.4    932.4
     1     1    17     8     6     4     0     0   -14.0   46.444 -119.027    689.7    932.3
     1     1    17     8     6     3     0     0   -15.0   46.415 -119.039    688.1    933.2
     1     1    17     8     6     2     0     0   -16.0   46.384 -119.040    690.1    932.4
     1     1    17     8     6     1     0     0   -17.0   46.343 -119.039    692.8    932.2
     1     1    17     8     6     0     0     0   -18.0   46.312 -119.073    687.8    932.3
     1     1    17     8     5    23     0     0   -19.0   46.324 -119.115    672.9    934.0
     1     1    17     8     5    22     0     0   -20.0   46.330 -119.153    659.3    936.8
     1     1    17     8     5    21     0     0   -21.0   46.299 -119.182    656.4    937.5
     1     1    17     8     5    20     0     0   -22.0   46.254 -119.219    662.6    936.0
     1     1    17     8     5    19     0     0   -23.0   46.198 -119.260    660.1    935.9
     1     1    17     8     5    18     0     0   -24.0   46.138 -119.280    650.9    936.7
     1     1    17     8     5    17     0     0   -25.0   46.055 -119.269    628.7    939.2
     1     1    17     8     5    16     0     0   -26.0   45.972 -119.206    631.7    940.2
     1     1    17     8     5    15     0     0   -27.0   45.937 -119.104    635.7    938.8
     1     1    17     8     5    14     0     0   -28.0   45.951 -119.091    639.4    938.9
     1     1    17     8     5    13     0     0   -29.0   45.956 -119.078    627.9    937.6
     1     1    17     8     5    12     0     0   -30.0   45.936 -118.961    609.5    942.2
     1     1    17     8     5    11     0     0   -31.0   45.874 -118.896    587.6    944.2
     1     1    17     8     5    10     0     0   -32.0   45.775 -118.899    583.1    945.2
     1     1    17     8     5     9     0     0   -33.0   45.699 -118.897    593.5    943.5
     1     1    17     8     5     8     0     0   -34.0   45.663 -118.912    597.7    943.1
     1     1    17     8     5     7     0     0   -35.0   45.637 -118.924    589.3    942.8
     1     1    17     8     5     6     0     0   -36.0   45.609 -118.893    582.9    946.0
     1     1    17     8     5     5     0     0   -37.0   45.602 -118.887    588.9    943.9
     1     1    17     8     5     4     0     0   -38.0   45.576 -118.895    598.0    943.4
     1     1    17     8     5     3     0     0   -39.0   45.515 -118.868    607.7    941.0
     1     1    17     8     5     2     0     0   -40.0   45.438 -118.842    594.2    943.5
