     1     1
    SITE    10     3     1     0     0
     1 BACKWARD OMEGA   
    17     8    15    16   46.392 -119.412   700.0
     1 PRESSURE
     1     1    17     8    15    16     0     0     0.0   46.392 -119.412    700.0    931.4
     1     1    17     8    15    15     0     0    -1.0   46.330 -119.364    673.9    934.5
     1     1    17     8    15    14     0     0    -2.0   46.247 -119.347    653.6    937.4
     1     1    17     8    15    13     0     0    -3.0   46.165 -119.353    642.4    938.4
     1     1    17     8    15    12     0     0    -4.0   46.083 -119.387    643.5    937.9
     1     1    17     8    15    11     0     0    -5.0   46.018 -119.375    630.0    940.0
     1     1    17     8    15    10     0     0    -6.0   45.987 -119.407    640.3    939.2
     1     1    17     8    15     9     0     0    -7.0   45.961 -119.448    654.3    936.5
     1     1    17     8    15     8     0     0    -8.0   45.926 -119.460    653.2    937.0
     1     1    17     8    15     7     0     0    -9.0   45.898 -119.480    652.1    936.5
     1     1    17     8    15     6     0     0   -10.0   45.890 -119.489    652.4    937.7
     1     1    17     8    15     5     0     0   -11.0   45.884 -119.498    658.1    936.3
     1     1    17     8    15     4     0     0   -12.0   45.855 -119.502    664.2    935.3
     1     1    17     8    15     3     0     0   -13.0   45.846 -119.530    666.9    935.3
     1     1    17     8    15     2     0     0   -14.0   45.838 -119.527    674.7    935.0
     1     1    17     8    15     1     0     0   -15.0   45.835 -119.527    689.5    932.1
     1     1    17     8    15     0     0     0   -16.0   45.845 -119.580    688.3    932.9
     1     1    17     8    14    23     0     0   -17.0   45.851 -119.638    695.8    932.9
     1     1    17     8    14    22     0     0   -18.0   45.839 -119.698    706.2    929.7
     1     1    17     8    14    21     0     0   -19.0   45.799 -119.743    703.2    930.3
     1     1    17     8    14    20     0     0   -20.0   45.743 -119.746    690.2    932.4
     1     1    17     8    14    19     0     0   -21.0   45.675 -119.707    682.6    933.3
     1     1    17     8    14    18     0     0   -22.0   45.615 -119.613    679.8    934.5
     1     1    17     8    14    17     0     0   -23.0   45.559 -119.502    687.7    933.7
     1     1    17     8    14    16     0     0   -24.0   45.490 -119.430    695.3    931.9
     1     1    17     8    14    15     0     0   -25.0   45.405 -119.383    701.4    930.9
