     1     1
    SITE    10     3     1     0     0
     1 BACKWARD OMEGA   
    17     8     9    14   46.392 -119.412   700.0
     1 PRESSURE
     1     1    17     8     9    14     0     0     0.0   46.392 -119.412    700.0    931.4
     1     1    17     8     9    13     0     0    -1.0   46.313 -119.400    689.8    932.6
     1     1    17     8     9    12     0     0    -2.0   46.240 -119.353    671.6    935.2
     1     1    17     8     9    11     0     0    -3.0   46.183 -119.306    666.4    935.4
     1     1    17     8     9    10     0     0    -4.0   46.137 -119.283    665.0    936.3
     1     1    17     8     9     9     0     0    -5.0   46.090 -119.261    661.1    934.9
     1     1    17     8     9     8     0     0    -6.0   46.035 -119.247    664.2    938.0
     1     1    17     8     9     7     0     0    -7.0   45.973 -119.225    675.4    933.0
     1     1    17     8     9     6     0     0    -8.0   45.930 -119.201    675.7    934.3
     1     1    17     8     9     5     0     0    -9.0   45.911 -119.216    671.4    934.7
     1     1    17     8     9     4     0     0   -10.0   45.890 -119.244    666.6    936.1
     1     1    17     8     9     3     0     0   -11.0   45.862 -119.275    671.2    935.3
     1     1    17     8     9     2     0     0   -12.0   45.853 -119.322    677.6    933.9
     1     1    17     8     9     1     0     0   -13.0   45.834 -119.348    669.5    933.5
     1     1    17     8     9     0     0     0   -14.0   45.810 -119.391    658.9    937.2
     1     1    17     8     8    23     0     0   -15.0   45.798 -119.448    660.9    936.3
     1     1    17     8     8    22     0     0   -16.0   45.772 -119.499    664.1    935.7
     1     1    17     8     8    21     0     0   -17.0   45.747 -119.541    664.1    935.5
     1     1    17     8     8    20     0     0   -18.0   45.731 -119.571    658.7    935.9
     1     1    17     8     8    19     0     0   -19.0   45.704 -119.611    652.5    937.4
     1     1    17     8     8    18     0     0   -20.0   45.673 -119.597    645.7    937.2
     1     1    17     8     8    17     0     0   -21.0   45.667 -119.520    645.2    938.5
     1     1    17     8     8    16     0     0   -22.0   45.664 -119.433    656.0    938.2
     1     1    17     8     8    15     0     0   -23.0   45.652 -119.321    665.9    933.5
     1     1    17     8     8    14     0     0   -24.0   45.624 -119.202    650.6    937.6
     1     1    17     8     8    13     0     0   -25.0   45.562 -119.105    643.8    937.6
     1     1    17     8     8    12     0     0   -26.0   45.481 -119.037    630.6    939.9
     1     1    17     8     8    11     0     0   -27.0   45.413 -118.993    617.5    940.8
