     1     1
    SITE    10     3     1     0     0
     1 BACKWARD OMEGA   
    17     8     7    11   46.392 -119.412   700.0
     1 PRESSURE
     1     1    17     8     7    11     0     0     0.0   46.392 -119.412    700.0    931.4
     1     1    17     8     7    10     0     0    -1.0   46.353 -119.350    715.6    929.6
     1     1    17     8     7     9     0     0    -2.0   46.341 -119.281    716.7    928.9
     1     1    17     8     7     8     0     0    -3.0   46.317 -119.228    709.7    931.5
     1     1    17     8     7     7     0     0    -4.0   46.290 -119.193    707.8    930.1
     1     1    17     8     7     6     0     0    -5.0   46.260 -119.192    704.1    931.1
     1     1    17     8     7     5     0     0    -6.0   46.230 -119.206    707.2    931.2
     1     1    17     8     7     4     0     0    -7.0   46.228 -119.221    714.0    929.5
     1     1    17     8     7     3     0     0    -8.0   46.256 -119.243    714.7    929.4
     1     1    17     8     7     2     0     0    -9.0   46.262 -119.275    719.6    929.9
     1     1    17     8     7     1     0     0   -10.0   46.241 -119.287    724.4    928.2
     1     1    17     8     7     0     0     0   -11.0   46.199 -119.299    730.5    928.2
     1     1    17     8     6    23     0     0   -12.0   46.160 -119.323    733.3    927.3
     1     1    17     8     6    22     0     0   -13.0   46.136 -119.338    738.8    927.0
     1     1    17     8     6    21     0     0   -14.0   46.134 -119.362    743.5    926.2
     1     1    17     8     6    20     0     0   -15.0   46.139 -119.385    744.8    925.9
     1     1    17     8     6    19     0     0   -16.0   46.150 -119.422    751.8    926.5
     1     1    17     8     6    18     0     0   -17.0   46.197 -119.462    763.7    923.6
     1     1    17     8     6    17     0     0   -18.0   46.213 -119.512    766.6    923.2
     1     1    17     8     6    16     0     0   -19.0   46.193 -119.503    759.2    924.3
     1     1    17     8     6    15     0     0   -20.0   46.216 -119.425    765.9    925.8
     1     1    17     8     6    14     0     0   -21.0   46.278 -119.367    771.4    922.2
     1     1    17     8     6    13     0     0   -22.0   46.335 -119.321    759.4    923.8
     1     1    17     8     6    12     0     0   -23.0   46.355 -119.248    715.1    927.1
     1     1    17     8     6    11     0     0   -24.0   46.378 -119.184    680.0    934.0
     1     1    17     8     6    10     0     0   -25.0   46.429 -119.145    655.0    937.6
     1     1    17     8     6     9     0     0   -26.0   46.431 -119.112    641.9    938.7
     1     1    17     8     6     8     0     0   -27.0   46.389 -119.102    649.4    939.2
     1     1    17     8     6     7     0     0   -28.0   46.354 -119.108    661.8    934.6
     1     1    17     8     6     6     0     0   -29.0   46.322 -119.120    662.6    935.7
     1     1    17     8     6     5     0     0   -30.0   46.285 -119.107    669.6    935.9
     1     1    17     8     6     4     0     0   -31.0   46.250 -119.083    678.1    933.6
     1     1    17     8     6     3     0     0   -32.0   46.223 -119.094    678.4    933.5
     1     1    17     8     6     2     0     0   -33.0   46.192 -119.095    674.1    934.6
     1     1    17     8     6     1     0     0   -34.0   46.151 -119.094    669.3    934.7
     1     1    17     8     6     0     0     0   -35.0   46.120 -119.128    669.5    936.1
     1     1    17     8     5    23     0     0   -36.0   46.135 -119.170    670.8    934.0
     1     1    17     8     5    22     0     0   -37.0   46.142 -119.209    665.8    935.4
     1     1    17     8     5    21     0     0   -38.0   46.111 -119.240    667.7    934.9
     1     1    17     8     5    20     0     0   -39.0   46.066 -119.277    674.2    935.3
     1     1    17     8     5    19     0     0   -40.0   46.011 -119.316    686.9    933.0
     1     1    17     8     5    18     0     0   -41.0   45.951 -119.336    691.9    931.2
     1     1    17     8     5    17     0     0   -42.0   45.868 -119.325    703.2    932.8
     1     1    17     8     5    16     0     0   -43.0   45.786 -119.261    707.4    930.6
     1     1    17     8     5    15     0     0   -44.0   45.751 -119.159    707.4    930.7
     1     1    17     8     5    14     0     0   -45.0   45.764 -119.146    705.5    930.5
     1     1    17     8     5    13     0     0   -46.0   45.769 -119.134    709.3    932.3
     1     1    17     8     5    12     0     0   -47.0   45.752 -119.021    707.8    929.8
     1     1    17     8     5    11     0     0   -48.0   45.692 -118.959    684.2    932.8
     1     1    17     8     5    10     0     0   -49.0   45.592 -118.963    673.8    934.6
     1     1    17     8     5     9     0     0   -50.0   45.517 -118.962    663.4    935.7
     1     1    17     8     5     8     0     0   -51.0   45.483 -118.977    660.1    936.5
     1     1    17     8     5     7     0     0   -52.0   45.456 -118.988    674.7    935.3
     1     1    17     8     5     6     0     0   -53.0   45.427 -118.957    687.8    932.4
     1     1    17     8     5     5     0     0   -54.0   45.420 -118.951    685.5    931.8
     1     1    17     8     5     4     0     0   -55.0   45.394 -118.959    682.8    934.1
