     1     1
    SITE    10     3     1     0     0
     1 BACKWARD OMEGA   
    17     8    14     4   46.392 -119.412   700.0
     1 PRESSURE
     1     1    17     8    14     4     0     0     0.0   46.392 -119.412    700.0    931.4
     1     1    17     8    14     3     0     0    -1.0   46.329 -119.420    699.5    931.4
     1     1    17     8    14     2     0     0    -2.0   46.259 -119.408    686.7    933.4
     1     1    17     8    14     1     0     0    -3.0   46.191 -119.395    690.8    932.6
     1     1    17     8    14     0     0     0    -4.0   46.127 -119.389    698.2    931.7
     1     1    17     8    13    23     0     0    -5.0   46.053 -119.376    709.4    930.3
     1     1    17     8    13    22     0     0    -6.0   45.981 -119.375    708.7    930.0
     1     1    17     8    13    21     0     0    -7.0   46.009 -119.477    716.7    930.0
     1     1    17     8    13    20     0     0    -8.0   46.170 -119.664    740.2    926.8
     1     1    17     8    13    19     0     0    -9.0   46.324 -119.826    761.1    925.7
     1     1    17     8    13    18     0     0   -10.0   46.440 -119.996    774.0    922.7
     1     1    17     8    13    17     0     0   -11.0   46.537 -120.201    784.0    922.3
     1     1    17     8    13    16     0     0   -12.0   46.514 -120.406    774.5    922.9
     1     1    17     8    13    15     0     0   -13.0   46.363 -120.533    747.5    925.5
     1     1    17     8    13    14     0     0   -14.0   46.189 -120.576    726.0    927.6
     1     1    17     8    13    13     0     0   -15.0   46.019 -120.603    721.0    928.0
     1     1    17     8    13    12     0     0   -16.0   45.831 -120.658    713.1    929.0
     1     1    17     8    13    11     0     0   -17.0   45.620 -120.758    667.2    935.6
