     1     1
    SITE    10     3     1     0     0
     1 BACKWARD OMEGA   
    17     8    15    21   46.392 -119.412   700.0
     1 PRESSURE
     1     1    17     8    15    21     0     0     0.0   46.392 -119.412    700.0    931.4
     1     1    17     8    15    20     0     0    -1.0   46.332 -119.434    712.3    930.0
     1     1    17     8    15    19     0     0    -2.0   46.258 -119.431    713.3    930.0
     1     1    17     8    15    18     0     0    -3.0   46.178 -119.396    702.4    931.5
     1     1    17     8    15    17     0     0    -4.0   46.089 -119.346    714.9    929.6
     1     1    17     8    15    16     0     0    -5.0   46.026 -119.278    727.4    928.1
     1     1    17     8    15    15     0     0    -6.0   45.965 -119.229    748.4    926.5
     1     1    17     8    15    14     0     0    -7.0   45.884 -119.211    760.1    923.8
     1     1    17     8    15    13     0     0    -8.0   45.804 -119.218    758.3    924.9
     1     1    17     8    15    12     0     0    -9.0   45.724 -119.252    772.9    923.1
     1     1    17     8    15    11     0     0   -10.0   45.658 -119.241    795.1    920.9
     1     1    17     8    15    10     0     0   -11.0   45.627 -119.271    795.4    920.0
     1     1    17     8    15     9     0     0   -12.0   45.600 -119.311    778.6    922.6
     1     1    17     8    15     8     0     0   -13.0   45.566 -119.324    771.5    923.6
     1     1    17     8    15     7     0     0   -14.0   45.537 -119.347    773.0    923.6
     1     1    17     8    15     6     0     0   -15.0   45.530 -119.356    774.1    922.5
     1     1    17     8    15     5     0     0   -16.0   45.524 -119.365    774.1    923.4
     1     1    17     8    15     4     0     0   -17.0   45.496 -119.369    772.9    922.5
     1     1    17     8    15     3     0     0   -18.0   45.487 -119.397    774.7    923.8
     1     1    17     8    15     2     0     0   -19.0   45.480 -119.397    780.0    921.9
     1     1    17     8    15     1     0     0   -20.0   45.475 -119.398    777.5    922.9
     1     1    17     8    15     0     0     0   -21.0   45.485 -119.450    782.3    921.6
     1     1    17     8    14    23     0     0   -22.0   45.491 -119.507    782.0    921.9
     1     1    17     8    14    22     0     0   -23.0   45.479 -119.568    779.7    922.3
     1     1    17     8    14    21     0     0   -24.0   45.436 -119.613    776.6    922.6
     1     1    17     8    14    20     0     0   -25.0   45.377 -119.613    783.9    922.7
