     1     1
    SITE    10     3     1     0     0
     1 BACKWARD OMEGA   
    17     8    28     7   46.392 -119.412   700.0
     1 PRESSURE
     1     1    17     8    28     7     0     0     0.0   46.392 -119.412    700.0    931.4
     1     1    17     8    28     6     0     0    -1.0   46.407 -119.483    690.4    932.5
     1     1    17     8    28     5     0     0    -2.0   46.462 -119.472    670.5    933.3
     1     1    17     8    28     4     0     0    -3.0   46.480 -119.402    644.8    938.6
     1     1    17     8    28     3     0     0    -4.0   46.439 -119.376    630.0    940.4
     1     1    17     8    28     2     0     0    -5.0   46.397 -119.354    614.3    940.4
     1     1    17     8    28     1     0     0    -6.0   46.348 -119.312    594.8    944.0
     1     1    17     8    28     0     0     0    -7.0   46.300 -119.267    588.9    944.5
     1     1    17     8    27    23     0     0    -8.0   46.264 -119.242    585.5    944.5
     1     1    17     8    27    22     0     0    -9.0   46.235 -119.258    577.5    945.2
     1     1    17     8    27    21     0     0   -10.0   46.225 -119.289    573.1    946.5
     1     1    17     8    27    20     0     0   -11.0   46.228 -119.338    565.3    945.5
     1     1    17     8    27    19     0     0   -12.0   46.226 -119.386    557.4    948.3
     1     1    17     8    27    18     0     0   -13.0   46.209 -119.422    563.1    947.6
     1     1    17     8    27    17     0     0   -14.0   46.171 -119.445    571.6    945.6
     1     1    17     8    27    16     0     0   -15.0   46.113 -119.464    568.4    946.0
     1     1    17     8    27    15     0     0   -16.0   46.109 -119.467    561.4    947.0
     1     1    17     8    27    14     0     0   -17.0   46.149 -119.414    566.2    947.2
     1     1    17     8    27    13     0     0   -18.0   46.170 -119.335    572.9    944.5
     1     1    17     8    27    12     0     0   -19.0   46.157 -119.257    578.9    946.2
     1     1    17     8    27    11     0     0   -20.0   46.114 -119.208    582.0    944.7
     1     1    17     8    27    10     0     0   -21.0   46.069 -119.191    581.1    944.5
     1     1    17     8    27     9     0     0   -22.0   46.025 -119.182    584.6    945.5
     1     1    17     8    27     8     0     0   -23.0   45.988 -119.163    594.1    943.3
     1     1    17     8    27     7     0     0   -24.0   45.960 -119.160    602.2    942.9
     1     1    17     8    27     6     0     0   -25.0   45.965 -119.188    603.2    941.8
     1     1    17     8    27     5     0     0   -26.0   45.994 -119.221    597.1    943.2
     1     1    17     8    27     4     0     0   -27.0   46.012 -119.263    596.9    943.8
     1     1    17     8    27     3     0     0   -28.0   46.012 -119.304    596.9    942.8
     1     1    17     8    27     2     0     0   -29.0   45.992 -119.347    595.7    943.7
     1     1    17     8    27     1     0     0   -30.0   45.953 -119.380    604.9    943.4
     1     1    17     8    27     0     0     0   -31.0   45.905 -119.414    618.2    940.7
     1     1    17     8    26    23     0     0   -32.0   45.871 -119.481    640.5    939.9
     1     1    17     8    26    22     0     0   -33.0   45.844 -119.516    655.2    935.4
     1     1    17     8    26    21     0     0   -34.0   45.839 -119.530    659.4    935.8
     1     1    17     8    26    20     0     0   -35.0   45.845 -119.566    661.7    935.4
     1     1    17     8    26    19     0     0   -36.0   45.827 -119.597    659.7    936.2
     1     1    17     8    26    18     0     0   -37.0   45.783 -119.615    667.8    936.4
     1     1    17     8    26    17     0     0   -38.0   45.786 -119.591    681.8    932.6
     1     1    17     8    26    16     0     0   -39.0   45.848 -119.519    678.1    934.6
     1     1    17     8    26    15     0     0   -40.0   45.853 -119.431    682.2    932.5
     1     1    17     8    26    14     0     0   -41.0   45.854 -119.347    677.9    936.0
     1     1    17     8    26    13     0     0   -42.0   45.888 -119.256    678.5    933.5
     1     1    17     8    26    12     0     0   -43.0   45.921 -119.173    677.3    933.9
     1     1    17     8    26    11     0     0   -44.0   45.952 -119.091    671.7    934.5
     1     1    17     8    26    10     0     0   -45.0   45.982 -119.015    678.8    933.7
     1     1    17     8    26     9     0     0   -46.0   45.995 -119.022    670.9    933.6
     1     1    17     8    26     8     0     0   -47.0   45.971 -119.051    661.6    937.2
     1     1    17     8    26     7     0     0   -48.0   45.939 -119.043    655.6    935.0
     1     1    17     8    26     6     0     0   -49.0   45.927 -119.062    639.7    939.0
     1     1    17     8    26     5     0     0   -50.0   45.922 -119.066    628.7    940.3
     1     1    17     8    26     4     0     0   -51.0   45.920 -119.068    622.3    940.5
     1     1    17     8    26     3     0     0   -52.0   45.919 -119.094    618.6    941.1
     1     1    17     8    26     2     0     0   -53.0   45.907 -119.116    619.8    940.9
     1     1    17     8    26     1     0     0   -54.0   45.896 -119.141    622.6    940.7
     1     1    17     8    26     0     0     0   -55.0   45.869 -119.177    610.8    940.2
     1     1    17     8    25    23     0     0   -56.0   45.864 -119.226    594.0    944.1
     1     1    17     8    25    22     0     0   -57.0   45.872 -119.277    586.5    945.1
     1     1    17     8    25    21     0     0   -58.0   45.834 -119.323    578.7    944.3
     1     1    17     8    25    20     0     0   -59.0   45.772 -119.363    561.5    946.6
     1     1    17     8    25    19     0     0   -60.0   45.689 -119.369    550.1    949.2
     1     1    17     8    25    18     0     0   -61.0   45.585 -119.343    564.6    946.9
     1     1    17     8    25    17     0     0   -62.0   45.483 -119.316    579.0    945.5
     1     1    17     8    25    16     0     0   -63.0   45.394 -119.279    579.4    944.7
