     1     1
    SITE    10     3     1     0     0
     1 BACKWARD OMEGA   
    17     8    21     5   46.392 -119.412   700.0
     1 PRESSURE
     1     1    17     8    21     5     0     0     0.0   46.392 -119.412    700.0    931.4
     1     1    17     8    21     4     0     0    -1.0   46.379 -119.396    697.7    931.7
     1     1    17     8    21     3     0     0    -2.0   46.365 -119.394    692.5    931.8
     1     1    17     8    21     2     0     0    -3.0   46.342 -119.426    696.1    933.0
     1     1    17     8    21     1     0     0    -4.0   46.314 -119.437    706.4    930.3
     1     1    17     8    21     0     0     0    -5.0   46.286 -119.463    705.8    929.8
     1     1    17     8    20    23     0     0    -6.0   46.310 -119.512    715.3    930.9
     1     1    17     8    20    22     0     0    -7.0   46.377 -119.545    721.7    928.5
     1     1    17     8    20    21     0     0    -8.0   46.398 -119.577    715.9    929.2
     1     1    17     8    20    20     0     0    -9.0   46.366 -119.609    711.0    930.8
     1     1    17     8    20    19     0     0   -10.0   46.318 -119.627    716.0    930.0
     1     1    17     8    20    18     0     0   -11.0   46.277 -119.572    717.4    928.3
     1     1    17     8    20    17     0     0   -12.0   46.242 -119.455    700.7    931.8
     1     1    17     8    20    16     0     0   -13.0   46.181 -119.372    719.1    929.4
     1     1    17     8    20    15     0     0   -14.0   46.094 -119.345    723.5    928.7
     1     1    17     8    20    14     0     0   -15.0   46.010 -119.326    729.2    928.4
     1     1    17     8    20    13     0     0   -16.0   45.948 -119.258    748.1    926.3
     1     1    17     8    20    12     0     0   -17.0   45.869 -119.218    747.8    925.8
     1     1    17     8    20    11     0     0   -18.0   45.764 -119.212    752.1    925.4
     1     1    17     8    20    10     0     0   -19.0   45.695 -119.219    748.7    925.9
     1     1    17     8    20     9     0     0   -20.0   45.641 -119.252    740.1    926.6
     1     1    17     8    20     8     0     0   -21.0   45.581 -119.279    728.4    928.2
     1     1    17     8    20     7     0     0   -22.0   45.517 -119.273    718.9    929.8
     1     1    17     8    20     6     0     0   -23.0   45.434 -119.222    703.0    931.5
