     1     1
    SITE    10     3     1     0     0
     1 BACKWARD OMEGA   
    17     8    22     8   46.392 -119.412   700.0
     1 PRESSURE
     1     1    17     8    22     8     0     0     0.0   46.392 -119.412    700.0    931.4
     1     1    17     8    22     7     0     0    -1.0   46.333 -119.387    695.6    931.9
     1     1    17     8    22     6     0     0    -2.0   46.303 -119.378    700.1    931.5
     1     1    17     8    22     5     0     0    -3.0   46.307 -119.390    703.5    930.6
     1     1    17     8    22     4     0     0    -4.0   46.323 -119.418    702.9    930.7
     1     1    17     8    22     3     0     0    -5.0   46.351 -119.439    698.0    931.5
     1     1    17     8    22     2     0     0    -6.0   46.361 -119.457    692.0    932.6
     1     1    17     8    22     1     0     0    -7.0   46.350 -119.496    689.5    932.4
     1     1    17     8    22     0     0     0    -8.0   46.339 -119.505    684.3    933.2
     1     1    17     8    21    23     0     0    -9.0   46.315 -119.483    683.8    933.8
     1     1    17     8    21    22     0     0   -10.0   46.290 -119.475    685.3    932.9
     1     1    17     8    21    21     0     0   -11.0   46.303 -119.490    684.9    933.1
     1     1    17     8    21    20     0     0   -12.0   46.372 -119.542    692.0    932.4
     1     1    17     8    21    19     0     0   -13.0   46.450 -119.626    705.4    930.7
     1     1    17     8    21    18     0     0   -14.0   46.528 -119.696    713.2    929.6
     1     1    17     8    21    17     0     0   -15.0   46.563 -119.774    707.0    930.7
     1     1    17     8    21    16     0     0   -16.0   46.538 -119.801    696.4    931.8
     1     1    17     8    21    15     0     0   -17.0   46.515 -119.725    696.9    932.8
     1     1    17     8    21    14     0     0   -18.0   46.543 -119.646    706.1    930.6
     1     1    17     8    21    13     0     0   -19.0   46.607 -119.574    711.2    929.6
     1     1    17     8    21    12     0     0   -20.0   46.633 -119.472    701.4    930.0
     1     1    17     8    21    11     0     0   -21.0   46.678 -119.425    673.4    935.1
     1     1    17     8    21    10     0     0   -22.0   46.760 -119.427    676.6    933.5
     1     1    17     8    21     9     0     0   -23.0   46.781 -119.373    662.5    935.6
     1     1    17     8    21     8     0     0   -24.0   46.754 -119.318    647.9    938.0
     1     1    17     8    21     7     0     0   -25.0   46.724 -119.279    644.3    938.9
     1     1    17     8    21     6     0     0   -26.0   46.708 -119.237    644.8    937.6
     1     1    17     8    21     5     0     0   -27.0   46.696 -119.217    643.9    938.4
     1     1    17     8    21     4     0     0   -28.0   46.684 -119.201    641.2    938.0
     1     1    17     8    21     3     0     0   -29.0   46.670 -119.198    639.7    939.4
     1     1    17     8    21     2     0     0   -30.0   46.647 -119.233    644.9    938.2
     1     1    17     8    21     1     0     0   -31.0   46.618 -119.246    645.8    937.0
     1     1    17     8    21     0     0     0   -32.0   46.591 -119.273    646.0    938.5
     1     1    17     8    20    23     0     0   -33.0   46.615 -119.324    643.4    937.3
     1     1    17     8    20    22     0     0   -34.0   46.682 -119.358    650.0    937.2
     1     1    17     8    20    21     0     0   -35.0   46.703 -119.390    654.9    936.7
     1     1    17     8    20    20     0     0   -36.0   46.670 -119.423    652.1    936.9
     1     1    17     8    20    19     0     0   -37.0   46.621 -119.441    652.5    937.3
     1     1    17     8    20    18     0     0   -38.0   46.578 -119.386    646.9    936.9
     1     1    17     8    20    17     0     0   -39.0   46.541 -119.266    617.8    941.2
     1     1    17     8    20    16     0     0   -40.0   46.478 -119.182    602.8    941.9
     1     1    17     8    20    15     0     0   -41.0   46.389 -119.157    604.9    943.0
     1     1    17     8    20    14     0     0   -42.0   46.307 -119.141    627.5    940.3
     1     1    17     8    20    13     0     0   -43.0   46.244 -119.072    637.8    938.1
     1     1    17     8    20    12     0     0   -44.0   46.165 -119.028    624.4    939.8
     1     1    17     8    20    11     0     0   -45.0   46.061 -119.020    597.2    943.5
     1     1    17     8    20    10     0     0   -46.0   45.992 -119.026    589.7    944.0
     1     1    17     8    20     9     0     0   -47.0   45.936 -119.059    590.1    944.1
     1     1    17     8    20     8     0     0   -48.0   45.872 -119.087    592.7    943.8
     1     1    17     8    20     7     0     0   -49.0   45.804 -119.080    589.3    943.4
     1     1    17     8    20     6     0     0   -50.0   45.719 -119.023    569.2    946.1
     1     1    17     8    20     5     0     0   -51.0   45.626 -118.998    547.6    948.4
     1     1    17     8    20     4     0     0   -52.0   45.543 -119.004    536.7    949.4
     1     1    17     8    20     3     0     0   -53.0   45.472 -119.000    519.8    951.7
     1     1    17     8    20     2     0     0   -54.0   45.432 -118.962    515.6    952.1
     1     1    17     8    20     1     0     0   -55.0   45.407 -118.921    518.7    951.7
     1     1    17     8    20     0     0     0   -56.0   45.368 -118.878    521.8    951.4
