     1     1
    SITE    10     3     1     0     0
     1 BACKWARD OMEGA   
    17     8     4    23   46.392 -119.412   700.0
     1 PRESSURE
     1     1    17     8     4    23     0     0     0.0   46.392 -119.412    700.0    931.4
     1     1    17     8     4    22     0     0    -1.0   46.396 -119.439    726.6    928.3
     1     1    17     8     4    21     0     0    -2.0   46.478 -119.483    747.2    925.9
     1     1    17     8     4    20     0     0    -3.0   46.547 -119.515    759.9    924.2
     1     1    17     8     4    19     0     0    -4.0   46.562 -119.574    753.4    925.3
     1     1    17     8     4    18     0     0    -5.0   46.588 -119.587    777.5    925.8
     1     1    17     8     4    17     0     0    -6.0   46.660 -119.503    805.7    919.2
     1     1    17     8     4    16     0     0    -7.0   46.693 -119.485    808.3    919.1
     1     1    17     8     4    15     0     0    -8.0   46.723 -119.549    823.6    920.1
     1     1    17     8     4    14     0     0    -9.0   46.736 -119.634    865.5    911.2
     1     1    17     8     4    13     0     0   -10.0   46.686 -119.720    870.3    912.5
     1     1    17     8     4    12     0     0   -11.0   46.665 -119.798    861.9    913.3
     1     1    17     8     4    11     0     0   -12.0   46.661 -119.897    854.3    915.4
     1     1    17     8     4    10     0     0   -13.0   46.627 -120.053    865.9    912.6
     1     1    17     8     4     9     0     0   -14.0   46.635 -120.215    850.0    914.4
     1     1    17     8     4     8     0     0   -15.0   46.663 -120.300    836.8    916.2
     1     1    17     8     4     7     0     0   -16.0   46.664 -120.347    833.5    916.6
     1     1    17     8     4     6     0     0   -17.0   46.671 -120.386    833.1    916.4
     1     1    17     8     4     5     0     0   -18.0   46.654 -120.439    821.4    916.8
     1     1    17     8     4     4     0     0   -19.0   46.593 -120.435    801.1    921.8
     1     1    17     8     4     3     0     0   -20.0   46.548 -120.364    793.4    921.1
     1     1    17     8     4     2     0     0   -21.0   46.515 -120.349    798.0    920.7
     1     1    17     8     4     1     0     0   -22.0   46.464 -120.348    799.7    919.9
     1     1    17     8     4     0     0     0   -23.0   46.410 -120.320    790.4    921.0
     1     1    17     8     3    23     0     0   -24.0   46.380 -120.289    792.7    922.3
     1     1    17     8     3    22     0     0   -25.0   46.370 -120.227    798.6    919.1
     1     1    17     8     3    21     0     0   -26.0   46.330 -120.183    798.4    921.2
     1     1    17     8     3    20     0     0   -27.0   46.254 -120.189    785.0    921.7
     1     1    17     8     3    19     0     0   -28.0   46.185 -120.217    777.0    922.5
     1     1    17     8     3    18     0     0   -29.0   46.117 -120.228    780.8    922.7
     1     1    17     8     3    17     0     0   -30.0   46.029 -120.170    783.6    921.9
     1     1    17     8     3    16     0     0   -31.0   45.952 -120.051    776.4    922.3
     1     1    17     8     3    15     0     0   -32.0   45.908 -119.908    762.9    924.0
     1     1    17     8     3    14     0     0   -33.0   45.862 -119.790    764.0    924.3
     1     1    17     8     3    13     0     0   -34.0   45.800 -119.770    769.8    923.4
     1     1    17     8     3    12     0     0   -35.0   45.756 -119.860    768.1    923.2
     1     1    17     8     3    11     0     0   -36.0   45.799 -119.933    755.1    925.1
     1     1    17     8     3    10     0     0   -37.0   45.895 -119.970    760.1    923.9
     1     1    17     8     3     9     0     0   -38.0   45.932 -120.048    753.3    925.8
     1     1    17     8     3     8     0     0   -39.0   45.911 -120.091    752.3    925.4
     1     1    17     8     3     7     0     0   -40.0   45.877 -120.088    754.1    925.4
     1     1    17     8     3     6     0     0   -41.0   45.843 -120.095    754.2    924.9
     1     1    17     8     3     5     0     0   -42.0   45.810 -120.121    757.6    925.4
     1     1    17     8     3     4     0     0   -43.0   45.796 -120.166    763.6    924.2
     1     1    17     8     3     3     0     0   -44.0   45.801 -120.226    764.7    923.2
     1     1    17     8     3     2     0     0   -45.0   45.808 -120.296    762.3    925.0
     1     1    17     8     3     1     0     0   -46.0   45.815 -120.359    755.6    924.0
     1     1    17     8     3     0     0     0   -47.0   45.805 -120.411    745.1    926.8
     1     1    17     8     2    23     0     0   -48.0   45.794 -120.462    744.4    926.8
     1     1    17     8     2    22     0     0   -49.0   45.811 -120.519    737.7    926.0
     1     1    17     8     2    21     0     0   -50.0   45.826 -120.590    747.0    929.1
     1     1    17     8     2    20     0     0   -51.0   45.856 -120.670    749.6    923.6
     1     1    17     8     2    19     0     0   -52.0   45.920 -120.731    751.9    926.1
     1     1    17     8     2    18     0     0   -53.0   45.950 -120.845    739.5    926.5
