     1     1
    SITE    10     3     1     0     0
     1 BACKWARD OMEGA   
    17     8     3     4   46.392 -119.412   700.0
     1 PRESSURE
     1     1    17     8     3     4     0     0     0.0   46.392 -119.412    700.0    931.4
     1     1    17     8     3     3     0     0    -1.0   46.396 -119.473    697.8    931.7
     1     1    17     8     3     2     0     0    -2.0   46.403 -119.544    688.6    932.5
     1     1    17     8     3     1     0     0    -3.0   46.411 -119.608    686.5    934.2
     1     1    17     8     3     0     0     0    -4.0   46.401 -119.661    688.8    932.2
     1     1    17     8     2    23     0     0    -5.0   46.391 -119.716    687.2    933.0
     1     1    17     8     2    22     0     0    -6.0   46.407 -119.776    680.1    932.8
     1     1    17     8     2    21     0     0    -7.0   46.421 -119.848    665.1    935.3
     1     1    17     8     2    20     0     0    -8.0   46.449 -119.928    640.8    937.4
     1     1    17     8     2    19     0     0    -9.0   46.513 -119.988    618.2    942.1
     1     1    17     8     2    18     0     0   -10.0   46.545 -120.107    612.3    941.6
     1     1    17     8     2    17     0     0   -11.0   46.471 -120.192    589.8    943.3
     1     1    17     8     2    16     0     0   -12.0   46.458 -120.161    569.9    945.6
     1     1    17     8     2    15     0     0   -13.0   46.456 -120.142    553.9    948.4
     1     1    17     8     2    14     0     0   -14.0   46.319 -120.145    569.5    945.2
     1     1    17     8     2    13     0     0   -15.0   46.169 -120.151    564.9    946.6
     1     1    17     8     2    12     0     0   -16.0   46.008 -120.151    546.4    948.4
     1     1    17     8     2    11     0     0   -17.0   45.824 -120.145    538.0    949.9
     1     1    17     8     2    10     0     0   -18.0   45.723 -119.989    554.4    947.6
     1     1    17     8     2     9     0     0   -19.0   45.837 -119.859    550.4    949.4
     1     1    17     8     2     8     0     0   -20.0   46.057 -119.916    591.7    943.7
     1     1    17     8     2     7     0     0   -21.0   46.256 -120.024    607.2    941.5
     1     1    17     8     2     6     0     0   -22.0   46.422 -120.157    591.7    943.9
     1     1    17     8     2     5     0     0   -23.0   46.562 -120.253    606.3    941.4
     1     1    17     8     2     4     0     0   -24.0   46.695 -120.315    603.2    942.3
     1     1    17     8     2     3     0     0   -25.0   46.838 -120.392    603.0    943.0
     1     1    17     8     2     2     0     0   -26.0   46.987 -120.505    655.8    935.6
     1     1    17     8     2     1     0     0   -27.0   47.113 -120.612    677.9    934.2
     1     1    17     8     2     0     0     0   -28.0   47.190 -120.695    697.8    931.4
     1     1    17     8     1    23     0     0   -29.0   47.205 -120.761    692.7    932.0
     1     1    17     8     1    22     0     0   -30.0   47.188 -120.812    678.9    934.2
     1     1    17     8     1    21     0     0   -31.0   47.192 -120.847    673.7    935.1
     1     1    17     8     1    20     0     0   -32.0   47.212 -120.888    668.9    934.5
