     1     1
    SITE    10     3     1     0     0
     1 BACKWARD OMEGA   
    17     8    16     7   46.392 -119.412   700.0
     1 PRESSURE
     1     1    17     8    16     7     0     0     0.0   46.392 -119.412    700.0    931.4
     1     1    17     8    16     6     0     0    -1.0   46.376 -119.438    688.4    932.8
     1     1    17     8    16     5     0     0    -2.0   46.344 -119.464    676.1    934.7
     1     1    17     8    16     4     0     0    -3.0   46.278 -119.456    676.1    934.7
     1     1    17     8    16     3     0     0    -4.0   46.220 -119.441    679.1    933.7
     1     1    17     8    16     2     0     0    -5.0   46.181 -119.416    680.6    934.1
     1     1    17     8    16     1     0     0    -6.0   46.141 -119.360    692.2    933.0
     1     1    17     8    16     0     0     0    -7.0   46.082 -119.308    713.2    930.2
     1     1    17     8    15    23     0     0    -8.0   46.026 -119.309    718.1    929.2
     1     1    17     8    15    22     0     0    -9.0   45.991 -119.322    719.0    928.9
     1     1    17     8    15    21     0     0   -10.0   45.954 -119.342    726.2    929.3
     1     1    17     8    15    20     0     0   -11.0   45.896 -119.364    714.4    926.4
     1     1    17     8    15    19     0     0   -12.0   45.821 -119.360    703.4    931.8
     1     1    17     8    15    18     0     0   -13.0   45.740 -119.321    703.8    930.9
     1     1    17     8    15    17     0     0   -14.0   45.653 -119.272    701.0    931.1
     1     1    17     8    15    16     0     0   -15.0   45.588 -119.207    701.1    931.8
     1     1    17     8    15    15     0     0   -16.0   45.526 -119.161    712.9    930.1
     1     1    17     8    15    14     0     0   -17.0   45.445 -119.143    730.0    927.4
     1     1    17     8    15    13     0     0   -18.0   45.364 -119.146    731.3    927.9
