     1     1
    SITE    10     3     1     0     0
     1 BACKWARD OMEGA   
    17     8    13     3   46.392 -119.412   700.0
     1 PRESSURE
     1     1    17     8    13     3     0     0     0.0   46.392 -119.412    700.0    931.4
     1     1    17     8    13     2     0     0    -1.0   46.386 -119.456    694.7    932.0
     1     1    17     8    13     1     0     0    -2.0   46.338 -119.465    703.6    931.3
     1     1    17     8    13     0     0     0    -3.0   46.263 -119.445    710.6    929.5
     1     1    17     8    12    23     0     0    -4.0   46.196 -119.404    694.1    932.1
     1     1    17     8    12    22     0     0    -5.0   46.149 -119.446    680.7    933.7
     1     1    17     8    12    21     0     0    -6.0   46.154 -119.594    678.5    934.3
     1     1    17     8    12    20     0     0    -7.0   46.159 -119.776    662.6    936.1
     1     1    17     8    12    19     0     0    -8.0   46.096 -119.828    644.1    938.0
     1     1    17     8    12    18     0     0    -9.0   46.009 -119.733    643.5    939.1
     1     1    17     8    12    17     0     0   -10.0   45.894 -119.654    655.0    935.7
     1     1    17     8    12    16     0     0   -11.0   45.750 -119.584    636.7    938.7
     1     1    17     8    12    15     0     0   -12.0   45.603 -119.505    587.7    944.9
     1     1    17     8    12    14     0     0   -13.0   45.470 -119.453    588.6    944.0
