     1     1
    SITE    10     3     1     0     0
     1 BACKWARD OMEGA   
    17     8     7    22   46.392 -119.412   700.0
     1 PRESSURE
     1     1    17     8     7    22     0     0     0.0   46.392 -119.412    700.0    931.4
     1     1    17     8     7    21     0     0    -1.0   46.410 -119.453    704.6    930.9
     1     1    17     8     7    20     0     0    -2.0   46.368 -119.501    689.6    931.5
     1     1    17     8     7    19     0     0    -3.0   46.317 -119.531    687.1    935.7
     1     1    17     8     7    18     0     0    -4.0   46.263 -119.535    701.5    930.5
     1     1    17     8     7    17     0     0    -5.0   46.196 -119.514    698.2    930.4
     1     1    17     8     7    16     0     0    -6.0   46.116 -119.485    687.5    933.1
     1     1    17     8     7    15     0     0    -7.0   46.021 -119.438    683.2    933.7
     1     1    17     8     7    14     0     0    -8.0   45.909 -119.382    676.1    934.6
     1     1    17     8     7    13     0     0    -9.0   45.782 -119.344    695.4    930.0
     1     1    17     8     7    12     0     0   -10.0   45.666 -119.316    681.1    934.0
     1     1    17     8     7    11     0     0   -11.0   45.568 -119.283    680.9    933.9
     1     1    17     8     7    10     0     0   -12.0   45.527 -119.221    689.1    932.6
     1     1    17     8     7     9     0     0   -13.0   45.515 -119.153    690.9    931.9
     1     1    17     8     7     8     0     0   -14.0   45.492 -119.101    688.9    932.8
     1     1    17     8     7     7     0     0   -15.0   45.465 -119.066    688.8    932.9
     1     1    17     8     7     6     0     0   -16.0   45.435 -119.064    692.1    932.6
     1     1    17     8     7     5     0     0   -17.0   45.405 -119.078    690.7    931.7
     1     1    17     8     7     4     0     0   -18.0   45.403 -119.093    689.0    933.4
     1     1    17     8     7     3     0     0   -19.0   45.431 -119.116    689.2    932.2
     1     1    17     8     7     2     0     0   -20.0   45.437 -119.148    686.1    933.2
     1     1    17     8     7     1     0     0   -21.0   45.416 -119.158    683.4    933.5
     1     1    17     8     7     0     0     0   -22.0   45.375 -119.168    697.8    933.6
