     1     1
    SITE    10     3     1     0     0
     1 BACKWARD OMEGA   
    17     8     2    19   46.392 -119.412   700.0
     1 PRESSURE
     1     1    17     8     2    19     0     0     0.0   46.392 -119.412    700.0    931.4
     1     1    17     8     2    18     0     0    -1.0   46.425 -119.527    696.4    931.8
     1     1    17     8     2    17     0     0    -2.0   46.357 -119.611    698.8    930.8
     1     1    17     8     2    16     0     0    -3.0   46.345 -119.585    689.9    933.1
     1     1    17     8     2    15     0     0    -4.0   46.341 -119.563    704.9    932.1
     1     1    17     8     2    14     0     0    -5.0   46.204 -119.564    736.1    926.8
     1     1    17     8     2    13     0     0    -6.0   46.053 -119.562    747.5    926.5
     1     1    17     8     2    12     0     0    -7.0   45.889 -119.561    762.1    924.9
     1     1    17     8     2    11     0     0    -8.0   45.707 -119.555    738.4    928.1
     1     1    17     8     2    10     0     0    -9.0   45.609 -119.399    734.7    926.0
     1     1    17     8     2     9     0     0   -10.0   45.720 -119.263    725.6    927.7
     1     1    17     8     2     8     0     0   -11.0   45.936 -119.318    713.3    929.8
     1     1    17     8     2     7     0     0   -12.0   46.134 -119.417    710.5    928.9
     1     1    17     8     2     6     0     0   -13.0   46.302 -119.543    727.1    928.6
     1     1    17     8     2     5     0     0   -14.0   46.444 -119.637    739.3    926.8
     1     1    17     8     2     4     0     0   -15.0   46.580 -119.702    740.3    925.9
     1     1    17     8     2     3     0     0   -16.0   46.722 -119.776    756.4    925.0
     1     1    17     8     2     2     0     0   -17.0   46.869 -119.891    771.5    923.8
     1     1    17     8     2     1     0     0   -18.0   46.994 -120.000    799.6    921.2
     1     1    17     8     2     0     0     0   -19.0   47.070 -120.081    856.0    912.6
     1     1    17     8     1    23     0     0   -20.0   47.083 -120.146    871.0    912.6
     1     1    17     8     1    22     0     0   -21.0   47.067 -120.196    882.4    911.1
     1     1    17     8     1    21     0     0   -22.0   47.069 -120.230    892.2    910.3
     1     1    17     8     1    20     0     0   -23.0   47.090 -120.270    894.3    909.7
     1     1    17     8     1    19     0     0   -24.0   47.086 -120.319    901.4    910.1
     1     1    17     8     1    18     0     0   -25.0   47.108 -120.291    904.3    907.8
     1     1    17     8     1    17     0     0   -26.0   47.184 -120.169    870.4    912.0
     1     1    17     8     1    16     0     0   -27.0   47.201 -120.041    844.3    914.8
     1     1    17     8     1    15     0     0   -28.0   47.170 -120.035    823.5    918.3
     1     1    17     8     1    14     0     0   -29.0   47.147 -120.036    809.6    918.8
     1     1    17     8     1    13     0     0   -30.0   47.079 -119.985    811.2    919.1
     1     1    17     8     1    12     0     0   -31.0   47.016 -120.060    813.3    918.4
     1     1    17     8     1    11     0     0   -32.0   47.048 -120.148    813.0    918.7
     1     1    17     8     1    10     0     0   -33.0   47.135 -120.172    807.9    918.9
     1     1    17     8     1     9     0     0   -34.0   47.154 -120.188    808.9    919.5
     1     1    17     8     1     8     0     0   -35.0   47.108 -120.180    802.1    917.4
     1     1    17     8     1     7     0     0   -36.0   47.062 -120.147    787.1    923.1
     1     1    17     8     1     6     0     0   -37.0   47.010 -120.125    770.9    921.3
     1     1    17     8     1     5     0     0   -38.0   46.955 -120.109    747.5    926.9
     1     1    17     8     1     4     0     0   -39.0   46.913 -120.101    737.3    927.7
     1     1    17     8     1     3     0     0   -40.0   46.874 -120.102    729.9    927.6
     1     1    17     8     1     2     0     0   -41.0   46.844 -120.086    719.3    929.1
     1     1    17     8     1     1     0     0   -42.0   46.812 -120.062    717.9    930.7
     1     1    17     8     1     0     0     0   -43.0   46.768 -120.061    726.2    928.3
     1     1    17     7    31    23     0     0   -44.0   46.767 -120.085    739.8    927.5
     1     1    17     7    31    22     0     0   -45.0   46.780 -120.155    764.9    924.1
     1     1    17     7    31    21     0     0   -46.0   46.779 -120.218    775.3    922.0
     1     1    17     7    31    20     0     0   -47.0   46.793 -120.252    774.7    922.7
     1     1    17     7    31    19     0     0   -48.0   46.780 -120.267    773.1    923.1
     1     1    17     7    31    18     0     0   -49.0   46.719 -120.227    783.9    923.5
     1     1    17     7    31    17     0     0   -50.0   46.638 -120.151    804.2    919.6
     1     1    17     7    31    16     0     0   -51.0   46.552 -120.106    797.9    920.0
     1     1    17     7    31    15     0     0   -52.0   46.462 -120.068    796.2    921.6
     1     1    17     7    31    14     0     0   -53.0   46.358 -120.016    825.2    917.9
     1     1    17     7    31    13     0     0   -54.0   46.245 -119.988    839.0    915.3
     1     1    17     7    31    12     0     0   -55.0   46.147 -119.977    834.8    917.0
     1     1    17     7    31    11     0     0   -56.0   46.061 -119.944    837.1    916.0
     1     1    17     7    31    10     0     0   -57.0   46.022 -119.872    832.4    916.3
     1     1    17     7    31     9     0     0   -58.0   45.998 -119.832    820.0    918.2
     1     1    17     7    31     8     0     0   -59.0   45.949 -119.827    810.7    919.5
     1     1    17     7    31     7     0     0   -60.0   45.914 -119.802    807.6    919.3
     1     1    17     7    31     6     0     0   -61.0   45.900 -119.760    803.2    919.5
     1     1    17     7    31     5     0     0   -62.0   45.889 -119.771    808.7    920.6
     1     1    17     7    31     4     0     0   -63.0   45.846 -119.794    833.2    916.4
     1     1    17     7    31     3     0     0   -64.0   45.760 -119.731    840.7    914.7
     1     1    17     7    31     2     0     0   -65.0   45.662 -119.653    825.8    917.8
     1     1    17     7    31     1     0     0   -66.0   45.570 -119.627    842.1    915.6
     1     1    17     7    31     0     0     0   -67.0   45.535 -119.600    852.1    914.3
     1     1    17     7    30    23     0     0   -68.0   45.603 -119.618    873.3    914.9
     1     1    17     7    30    22     0     0   -69.0   45.734 -119.725    855.6    913.0
     1     1    17     7    30    21     0     0   -70.0   45.864 -119.865    835.8    916.5
     1     1    17     7    30    20     0     0   -71.0   45.976 -120.038    819.2    918.0
     1     1    17     7    30    19     0     0   -72.0   45.969 -120.125    825.2    916.7
