     1     1
    SITE    10     3     1     0     0
     1 BACKWARD OMEGA   
    17     8     9    18   46.392 -119.412   700.0
     1 PRESSURE
     1     1    17     8     9    18     0     0     0.0   46.392 -119.412    700.0    931.4
     1     1    17     8     9    17     0     0    -1.0   46.441 -119.294    682.9    933.5
     1     1    17     8     9    16     0     0    -2.0   46.486 -119.162    672.4    934.1
     1     1    17     8     9    15     0     0    -3.0   46.494 -119.042    656.6    935.9
     1     1    17     8     9    14     0     0    -4.0   46.445 -118.974    636.4    939.5
     1     1    17     8     9    13     0     0    -5.0   46.367 -118.962    616.0    941.1
     1     1    17     8     9    12     0     0    -6.0   46.294 -118.917    597.7    943.3
     1     1    17     8     9    11     0     0    -7.0   46.237 -118.868    597.0    942.9
     1     1    17     8     9    10     0     0    -8.0   46.189 -118.842    591.4    943.8
     1     1    17     8     9     9     0     0    -9.0   46.142 -118.818    589.7    944.3
     1     1    17     8     9     8     0     0   -10.0   46.087 -118.804    591.3    944.0
     1     1    17     8     9     7     0     0   -11.0   46.022 -118.782    603.6    943.6
     1     1    17     8     9     6     0     0   -12.0   45.977 -118.759    611.5    940.2
     1     1    17     8     9     5     0     0   -13.0   45.957 -118.772    613.4    942.3
     1     1    17     8     9     4     0     0   -14.0   45.935 -118.797    612.9    940.5
     1     1    17     8     9     3     0     0   -15.0   45.906 -118.827    609.1    942.4
     1     1    17     8     9     2     0     0   -16.0   45.898 -118.874    609.1    942.3
     1     1    17     8     9     1     0     0   -17.0   45.878 -118.899    608.1    941.4
     1     1    17     8     9     0     0     0   -18.0   45.853 -118.941    602.1    943.4
     1     1    17     8     8    23     0     0   -19.0   45.841 -118.997    608.9    942.4
     1     1    17     8     8    22     0     0   -20.0   45.814 -119.048    610.0    941.1
     1     1    17     8     8    21     0     0   -21.0   45.791 -119.090    610.0    942.7
     1     1    17     8     8    20     0     0   -22.0   45.775 -119.119    614.9    941.4
     1     1    17     8     8    19     0     0   -23.0   45.748 -119.160    615.5    940.8
     1     1    17     8     8    18     0     0   -24.0   45.715 -119.145    615.3    941.5
     1     1    17     8     8    17     0     0   -25.0   45.709 -119.064    613.2    940.4
     1     1    17     8     8    16     0     0   -26.0   45.704 -118.973    611.8    941.9
     1     1    17     8     8    15     0     0   -27.0   45.691 -118.859    623.6    940.9
     1     1    17     8     8    14     0     0   -28.0   45.664 -118.740    638.6    938.5
     1     1    17     8     8    13     0     0   -29.0   45.600 -118.644    633.0    938.7
     1     1    17     8     8    12     0     0   -30.0   45.520 -118.576    618.4    941.2
     1     1    17     8     8    11     0     0   -31.0   45.453 -118.528    623.3    940.6
     1     1    17     8     8    10     0     0   -32.0   45.401 -118.513    630.8    939.8
     1     1    17     8     8     9     0     0   -33.0   45.364 -118.541    635.2    938.7
