     1     1
    SITE    10     3     1     0     0
     1 BACKWARD OMEGA   
    17     8     5    13   46.392 -119.412   700.0
     1 PRESSURE
     1     1    17     8     5    13     0     0     0.0   46.392 -119.412    700.0    931.4
     1     1    17     8     5    12     0     0    -1.0   46.373 -119.295    701.2    931.3
     1     1    17     8     5    11     0     0    -2.0   46.308 -119.233    686.5    932.3
     1     1    17     8     5    10     0     0    -3.0   46.206 -119.235    686.9    933.9
     1     1    17     8     5     9     0     0    -4.0   46.130 -119.234    695.8    931.6
     1     1    17     8     5     8     0     0    -5.0   46.094 -119.249    691.2    932.4
     1     1    17     8     5     7     0     0    -6.0   46.068 -119.261    681.6    933.2
     1     1    17     8     5     6     0     0    -7.0   46.039 -119.232    672.3    935.3
     1     1    17     8     5     5     0     0    -8.0   46.032 -119.226    670.6    935.1
     1     1    17     8     5     4     0     0    -9.0   46.005 -119.236    674.1    934.5
     1     1    17     8     5     3     0     0   -10.0   45.945 -119.209    665.6    934.1
     1     1    17     8     5     2     0     0   -11.0   45.868 -119.184    649.2    938.0
     1     1    17     8     5     1     0     0   -12.0   45.791 -119.167    639.6    937.9
     1     1    17     8     5     0     0     0   -13.0   45.736 -119.110    627.1    940.5
     1     1    17     8     4    23     0     0   -14.0   45.677 -119.065    617.5    940.2
     1     1    17     8     4    22     0     0   -15.0   45.679 -119.094    616.6    941.4
     1     1    17     8     4    21     0     0   -16.0   45.759 -119.134    632.1    939.5
     1     1    17     8     4    20     0     0   -17.0   45.825 -119.163    633.8    939.5
     1     1    17     8     4    19     0     0   -18.0   45.840 -119.221    629.2    939.9
     1     1    17     8     4    18     0     0   -19.0   45.865 -119.234    627.3    940.2
     1     1    17     8     4    17     0     0   -20.0   45.936 -119.153    627.7    939.6
     1     1    17     8     4    16     0     0   -21.0   45.969 -119.139    618.1    941.3
     1     1    17     8     4    15     0     0   -22.0   45.998 -119.202    627.6    940.8
     1     1    17     8     4    14     0     0   -23.0   46.010 -119.282    634.3    938.9
     1     1    17     8     4    13     0     0   -24.0   45.958 -119.366    640.6    938.5
     1     1    17     8     4    12     0     0   -25.0   45.936 -119.445    642.9    937.9
     1     1    17     8     4    11     0     0   -26.0   45.929 -119.541    638.9    939.0
     1     1    17     8     4    10     0     0   -27.0   45.895 -119.693    609.4    941.1
     1     1    17     8     4     9     0     0   -28.0   45.901 -119.855    598.0    943.0
     1     1    17     8     4     8     0     0   -29.0   45.930 -119.940    593.6    943.7
     1     1    17     8     4     7     0     0   -30.0   45.931 -119.987    591.7    943.8
     1     1    17     8     4     6     0     0   -31.0   45.937 -120.027    592.7    944.0
     1     1    17     8     4     5     0     0   -32.0   45.918 -120.081    598.8    943.4
     1     1    17     8     4     4     0     0   -33.0   45.856 -120.077    598.7    941.5
     1     1    17     8     4     3     0     0   -34.0   45.808 -120.009    602.2    942.7
     1     1    17     8     4     2     0     0   -35.0   45.775 -119.993    612.2    942.4
     1     1    17     8     4     1     0     0   -36.0   45.723 -119.991    612.3    940.4
     1     1    17     8     4     0     0     0   -37.0   45.669 -119.960    610.7    942.9
     1     1    17     8     3    23     0     0   -38.0   45.640 -119.927    614.3    940.7
     1     1    17     8     3    22     0     0   -39.0   45.630 -119.867    618.8    941.9
     1     1    17     8     3    21     0     0   -40.0   45.587 -119.823    616.8    940.0
     1     1    17     8     3    20     0     0   -41.0   45.512 -119.830    610.0    941.5
     1     1    17     8     3    19     0     0   -42.0   45.446 -119.860    590.8    944.1
     1     1    17     8     3    18     0     0   -43.0   45.379 -119.870    580.3    945.0
