     1     1
    SITE    10     3     1     0     0
     1 BACKWARD OMEGA   
    17     8    24     6   46.392 -119.412   700.0
     1 PRESSURE
     1     1    17     8    24     6     0     0     0.0   46.392 -119.412    700.0    931.4
     1     1    17     8    24     5     0     0    -1.0   46.336 -119.397    695.8    931.9
     1     1    17     8    24     4     0     0    -2.0   46.332 -119.392    691.6    932.0
     1     1    17     8    24     3     0     0    -3.0   46.317 -119.415    677.3    931.9
     1     1    17     8    24     2     0     0    -4.0   46.251 -119.410    662.1    935.5
     1     1    17     8    24     1     0     0    -5.0   46.189 -119.371    630.4    938.9
     1     1    17     8    24     0     0     0    -6.0   46.141 -119.364    619.4    941.3
     1     1    17     8    23    23     0     0    -7.0   46.119 -119.395    623.0    940.3
     1     1    17     8    23    22     0     0    -8.0   46.093 -119.411    625.8    940.4
     1     1    17     8    23    21     0     0    -9.0   46.105 -119.458    618.1    939.8
     1     1    17     8    23    20     0     0   -10.0   46.103 -119.498    627.9    941.3
     1     1    17     8    23    19     0     0   -11.0   46.035 -119.457    639.1    937.4
     1     1    17     8    23    18     0     0   -12.0   45.964 -119.373    623.8    940.9
     1     1    17     8    23    17     0     0   -13.0   45.881 -119.307    623.1    940.1
     1     1    17     8    23    16     0     0   -14.0   45.780 -119.267    636.7    940.2
     1     1    17     8    23    15     0     0   -15.0   45.661 -119.217    664.3    936.3
     1     1    17     8    23    14     0     0   -16.0   45.534 -119.113    671.4    933.6
     1     1    17     8    23    13     0     0   -17.0   45.405 -119.002    657.0    936.2
