     1     1
    SITE    10     3     1     0     0
     1 BACKWARD OMEGA   
    17     8    12    13   46.392 -119.412   700.0
     1 PRESSURE
     1     1    17     8    12    13     0     0     0.0   46.392 -119.412    700.0    931.4
     1     1    17     8    12    12     0     0    -1.0   46.269 -119.445    679.6    933.8
     1     1    17     8    12    11     0     0    -2.0   46.144 -119.487    660.4    936.5
     1     1    17     8    12    10     0     0    -3.0   45.994 -119.527    634.0    939.9
     1     1    17     8    12     9     0     0    -4.0   45.866 -119.467    636.3    938.9
     1     1    17     8    12     8     0     0    -5.0   45.750 -119.414    620.5    940.3
     1     1    17     8    12     7     0     0    -6.0   45.653 -119.474    602.5    942.9
     1     1    17     8    12     6     0     0    -7.0   45.603 -119.570    597.2    943.0
     1     1    17     8    12     5     0     0    -8.0   45.531 -119.572    576.1    945.0
     1     1    17     8    12     4     0     0    -9.0   45.397 -119.527    556.6    947.4
