     1     1
    SITE    10     3     1     0     0
     1 BACKWARD OMEGA   
    17     8    21     9   46.392 -119.412   700.0
     1 PRESSURE
     1     1    17     8    21     9     0     0     0.0   46.392 -119.412    700.0    931.4
     1     1    17     8    21     8     0     0    -1.0   46.365 -119.358    712.0    930.0
     1     1    17     8    21     7     0     0    -2.0   46.334 -119.320    719.2    928.3
     1     1    17     8    21     6     0     0    -3.0   46.317 -119.278    722.4    929.3
     1     1    17     8    21     5     0     0    -4.0   46.305 -119.258    728.1    928.3
     1     1    17     8    21     4     0     0    -5.0   46.293 -119.243    727.0    927.2
     1     1    17     8    21     3     0     0    -6.0   46.279 -119.240    721.5    929.4
     1     1    17     8    21     2     0     0    -7.0   46.256 -119.273    720.8    929.1
     1     1    17     8    21     1     0     0    -8.0   46.228 -119.286    712.7    929.1
     1     1    17     8    21     0     0     0    -9.0   46.201 -119.312    703.9    932.2
     1     1    17     8    20    23     0     0   -10.0   46.224 -119.362    718.3    930.9
     1     1    17     8    20    22     0     0   -11.0   46.291 -119.394    724.5    928.2
     1     1    17     8    20    21     0     0   -12.0   46.312 -119.427    716.0    929.9
     1     1    17     8    20    20     0     0   -13.0   46.279 -119.458    706.2    930.5
     1     1    17     8    20    19     0     0   -14.0   46.230 -119.473    699.9    931.6
     1     1    17     8    20    18     0     0   -15.0   46.188 -119.418    687.9    931.9
     1     1    17     8    20    17     0     0   -16.0   46.154 -119.300    685.4    933.9
     1     1    17     8    20    16     0     0   -17.0   46.093 -119.220    700.6    931.5
     1     1    17     8    20    15     0     0   -18.0   46.005 -119.194    704.5    930.7
     1     1    17     8    20    14     0     0   -19.0   45.921 -119.175    700.8    931.3
     1     1    17     8    20    13     0     0   -20.0   45.857 -119.106    698.7    931.6
     1     1    17     8    20    12     0     0   -21.0   45.778 -119.065    703.6    930.5
     1     1    17     8    20    11     0     0   -22.0   45.676 -119.059    696.5    931.7
     1     1    17     8    20    10     0     0   -23.0   45.608 -119.063    695.9    931.8
     1     1    17     8    20     9     0     0   -24.0   45.554 -119.098    701.4    931.5
     1     1    17     8    20     8     0     0   -25.0   45.493 -119.127    716.6    930.0
     1     1    17     8    20     7     0     0   -26.0   45.426 -119.123    702.7    926.8
     1     1    17     8    20     6     0     0   -27.0   45.342 -119.070    676.5    934.6
