     1     1
    SITE    10     3     1     0     0
     1 BACKWARD OMEGA   
    17     8    23    21   46.392 -119.412   700.0
     1 PRESSURE
     1     1    17     8    23    21     0     0     0.0   46.392 -119.412    700.0    931.4
     1     1    17     8    23    20     0     0    -1.0   46.389 -119.451    681.1    933.7
     1     1    17     8    23    19     0     0    -2.0   46.322 -119.411    680.8    932.3
     1     1    17     8    23    18     0     0    -3.0   46.252 -119.325    655.7    936.3
     1     1    17     8    23    17     0     0    -4.0   46.173 -119.253    625.8    940.3
     1     1    17     8    23    16     0     0    -5.0   46.074 -119.207    616.2    942.1
     1     1    17     8    23    15     0     0    -6.0   45.954 -119.152    634.0    939.3
     1     1    17     8    23    14     0     0    -7.0   45.823 -119.052    647.4    938.1
     1     1    17     8    23    13     0     0    -8.0   45.690 -118.943    654.0    935.1
     1     1    17     8    23    12     0     0    -9.0   45.540 -118.879    633.9    939.5
     1     1    17     8    23    11     0     0   -10.0   45.398 -118.834    642.9    938.0
