     1     1
    SITE    10     3     1     0     0
     1 BACKWARD OMEGA   
    17     8     2    12   46.392 -119.412   700.0
     1 PRESSURE
     1     1    17     8     2    12     0     0     0.0   46.392 -119.412    700.0    931.4
     1     1    17     8     2    11     0     0    -1.0   46.207 -119.410    703.4    931.1
     1     1    17     8     2    10     0     0    -2.0   46.110 -119.256    689.4    932.3
     1     1    17     8     2     9     0     0    -3.0   46.223 -119.116    690.1    931.7
     1     1    17     8     2     8     0     0    -4.0   46.444 -119.164    680.0    933.6
     1     1    17     8     2     7     0     0    -5.0   46.644 -119.262    686.8    933.9
     1     1    17     8     2     6     0     0    -6.0   46.807 -119.387    720.9    928.2
     1     1    17     8     2     5     0     0    -7.0   46.947 -119.478    680.2    934.2
     1     1    17     8     2     4     0     0    -8.0   47.080 -119.544    697.8    931.6
     1     1    17     8     2     3     0     0    -9.0   47.222 -119.620    727.1    928.5
