     1     1
    SITE    10     3     1     0     0
     1 BACKWARD OMEGA   
    17     8    21    21   46.392 -119.412   700.0
     1 PRESSURE
     1     1    17     8    21    21     0     0     0.0   46.392 -119.412    700.0    931.4
     1     1    17     8    21    20     0     0    -1.0   46.460 -119.467    728.8    928.1
     1     1    17     8    21    19     0     0    -2.0   46.540 -119.553    735.6    927.1
     1     1    17     8    21    18     0     0    -3.0   46.622 -119.621    745.8    926.0
     1     1    17     8    21    17     0     0    -4.0   46.657 -119.701    766.4    924.4
     1     1    17     8    21    16     0     0    -5.0   46.629 -119.729    782.4    921.8
     1     1    17     8    21    15     0     0    -6.0   46.604 -119.654    779.3    921.3
     1     1    17     8    21    14     0     0    -7.0   46.632 -119.578    779.8    923.7
     1     1    17     8    21    13     0     0    -8.0   46.697 -119.506    790.0    918.8
     1     1    17     8    21    12     0     0    -9.0   46.725 -119.406    789.4    922.5
     1     1    17     8    21    11     0     0   -10.0   46.772 -119.360    780.2    922.1
     1     1    17     8    21    10     0     0   -11.0   46.854 -119.357    781.6    922.0
     1     1    17     8    21     9     0     0   -12.0   46.875 -119.300    775.8    922.6
     1     1    17     8    21     8     0     0   -13.0   46.849 -119.245    770.5    924.8
     1     1    17     8    21     7     0     0   -14.0   46.818 -119.206    775.3    922.7
     1     1    17     8    21     6     0     0   -15.0   46.800 -119.165    777.8    922.4
     1     1    17     8    21     5     0     0   -16.0   46.789 -119.145    780.8    922.2
     1     1    17     8    21     4     0     0   -17.0   46.776 -119.129    780.1    921.9
     1     1    17     8    21     3     0     0   -18.0   46.763 -119.127    779.0    922.7
     1     1    17     8    21     2     0     0   -19.0   46.740 -119.160    779.7    922.3
     1     1    17     8    21     1     0     0   -20.0   46.711 -119.171    779.9    922.4
     1     1    17     8    21     0     0     0   -21.0   46.683 -119.198    782.4    922.0
     1     1    17     8    20    23     0     0   -22.0   46.705 -119.250    780.8    921.7
     1     1    17     8    20    22     0     0   -23.0   46.773 -119.284    806.5    918.4
     1     1    17     8    20    21     0     0   -24.0   46.795 -119.315    804.2    919.6
     1     1    17     8    20    20     0     0   -25.0   46.762 -119.347    796.1    919.6
     1     1    17     8    20    19     0     0   -26.0   46.713 -119.364    791.9    922.3
     1     1    17     8    20    18     0     0   -27.0   46.671 -119.310    773.9    920.2
     1     1    17     8    20    17     0     0   -28.0   46.637 -119.191    746.3    927.5
     1     1    17     8    20    16     0     0   -29.0   46.574 -119.106    758.4    924.2
     1     1    17     8    20    15     0     0   -30.0   46.488 -119.080    751.6    925.4
     1     1    17     8    20    14     0     0   -31.0   46.404 -119.062    749.4    926.3
     1     1    17     8    20    13     0     0   -32.0   46.341 -118.995    755.4    923.9
     1     1    17     8    20    12     0     0   -33.0   46.263 -118.955    766.5    924.6
     1     1    17     8    20    11     0     0   -34.0   46.162 -118.949    758.0    924.9
     1     1    17     8    20    10     0     0   -35.0   46.093 -118.953    758.3    924.5
     1     1    17     8    20     9     0     0   -36.0   46.039 -118.988    755.2    925.0
     1     1    17     8    20     8     0     0   -37.0   45.977 -119.019    734.6    926.1
     1     1    17     8    20     7     0     0   -38.0   45.912 -119.012    708.1    931.1
     1     1    17     8    20     6     0     0   -39.0   45.830 -118.955    718.0    930.0
     1     1    17     8    20     5     0     0   -40.0   45.738 -118.928    740.6    925.5
     1     1    17     8    20     4     0     0   -41.0   45.657 -118.930    737.9    927.6
     1     1    17     8    20     3     0     0   -42.0   45.586 -118.928    740.2    926.9
     1     1    17     8    20     2     0     0   -43.0   45.545 -118.891    750.5    925.8
     1     1    17     8    20     1     0     0   -44.0   45.519 -118.849    754.5    923.7
     1     1    17     8    20     0     0     0   -45.0   45.478 -118.804    766.1    926.3
     1     1    17     8    19    23     0     0   -46.0   45.446 -118.806    779.9    920.0
     1     1    17     8    19    22     0     0   -47.0   45.449 -118.887    784.7    922.9
     1     1    17     8    19    21     0     0   -48.0   45.435 -118.918    785.7    921.1
     1     1    17     8    19    20     0     0   -49.0   45.395 -118.953    780.7    922.1
