     1     1
    SITE    10     3     1     0     0
     1 BACKWARD OMEGA   
    17     8    15     1   46.392 -119.412   700.0
     1 PRESSURE
     1     1    17     8    15     1     0     0     0.0   46.392 -119.412    700.0    931.4
     1     1    17     8    15     0     0     0    -1.0   46.401 -119.465    710.2    930.2
     1     1    17     8    14    23     0     0    -2.0   46.407 -119.522    724.6    928.3
     1     1    17     8    14    22     0     0    -3.0   46.396 -119.582    732.0    927.0
     1     1    17     8    14    21     0     0    -4.0   46.354 -119.627    727.5    928.2
     1     1    17     8    14    20     0     0    -5.0   46.295 -119.629    736.9    928.6
     1     1    17     8    14    19     0     0    -6.0   46.228 -119.590    756.2    925.2
     1     1    17     8    14    18     0     0    -7.0   46.170 -119.494    768.5    923.3
     1     1    17     8    14    17     0     0    -8.0   46.115 -119.383    781.3    922.9
     1     1    17     8    14    16     0     0    -9.0   46.049 -119.307    796.8    920.4
     1     1    17     8    14    15     0     0   -10.0   45.961 -119.256    795.7    920.9
     1     1    17     8    14    14     0     0   -11.0   45.863 -119.198    780.5    921.7
     1     1    17     8    14    13     0     0   -12.0   45.765 -119.156    762.5    924.3
     1     1    17     8    14    12     0     0   -13.0   45.661 -119.114    757.8    924.9
     1     1    17     8    14    11     0     0   -14.0   45.557 -119.051    739.9    925.9
     1     1    17     8    14    10     0     0   -15.0   45.452 -118.990    726.7    927.9
     1     1    17     8    14     9     0     0   -16.0   45.350 -118.954    709.6    930.4
