     1     1
    SITE    10     3     1     0     0
     1 BACKWARD OMEGA   
    17     8     8     8   46.392 -119.412   700.0
     1 PRESSURE
     1     1    17     8     8     8     0     0     0.0   46.392 -119.412    700.0    931.4
     1     1    17     8     8     7     0     0    -1.0   46.352 -119.365    691.6    932.4
     1     1    17     8     8     6     0     0    -2.0   46.314 -119.341    686.1    933.8
     1     1    17     8     8     5     0     0    -3.0   46.302 -119.363    687.1    932.8
     1     1    17     8     8     4     0     0    -4.0   46.293 -119.357    683.1    933.4
     1     1    17     8     8     3     0     0    -5.0   46.256 -119.316    677.6    934.1
     1     1    17     8     8     2     0     0    -6.0   46.217 -119.296    670.7    934.8
     1     1    17     8     8     1     0     0    -7.0   46.200 -119.266    673.9    935.6
     1     1    17     8     8     0     0     0    -8.0   46.168 -119.261    672.0    933.6
     1     1    17     8     7    23     0     0    -9.0   46.121 -119.286    667.9    934.7
     1     1    17     8     7    22     0     0   -10.0   46.138 -119.302    668.6    936.3
     1     1    17     8     7    21     0     0   -11.0   46.157 -119.343    682.9    932.9
     1     1    17     8     7    20     0     0   -12.0   46.114 -119.392    687.4    933.9
     1     1    17     8     7    19     0     0   -13.0   46.062 -119.421    693.2    931.6
     1     1    17     8     7    18     0     0   -14.0   46.009 -119.423    692.5    932.4
     1     1    17     8     7    17     0     0   -15.0   45.942 -119.404    698.0    932.7
     1     1    17     8     7    16     0     0   -16.0   45.860 -119.381    717.6    929.1
     1     1    17     8     7    15     0     0   -17.0   45.765 -119.337    698.8    931.6
     1     1    17     8     7    14     0     0   -18.0   45.656 -119.290    672.2    933.7
     1     1    17     8     7    13     0     0   -19.0   45.534 -119.259    680.2    933.0
     1     1    17     8     7    12     0     0   -20.0   45.416 -119.230    672.7    934.2
