     1     1
    SITE    10     3     1     0     0
     1 BACKWARD OMEGA   
    17     8     3     0   46.392 -119.412   700.0
     1 PRESSURE
     1     1    17     8     3     0     0     0     0.0   46.392 -119.412    700.0    931.4
     1     1    17     8     2    23     0     0    -1.0   46.382 -119.465    700.0    931.4
     1     1    17     8     2    22     0     0    -2.0   46.400 -119.523    708.2    931.8
     1     1    17     8     2    21     0     0    -3.0   46.417 -119.592    712.2    928.7
     1     1    17     8     2    20     0     0    -4.0   46.444 -119.672    705.1    930.8
     1     1    17     8     2    19     0     0    -5.0   46.507 -119.732    722.0    933.3
     1     1    17     8     2    18     0     0    -6.0   46.540 -119.848    749.9    925.0
     1     1    17     8     2    17     0     0    -7.0   46.466 -119.932    783.4    922.8
     1     1    17     8     2    16     0     0    -8.0   46.455 -119.900    823.3    917.5
     1     1    17     8     2    15     0     0    -9.0   46.454 -119.879    824.3    917.2
     1     1    17     8     2    14     0     0   -10.0   46.318 -119.879    806.1    922.2
     1     1    17     8     2    13     0     0   -11.0   46.168 -119.878    831.5    916.4
     1     1    17     8     2    12     0     0   -12.0   46.006 -119.877    826.7    917.5
     1     1    17     8     2    11     0     0   -13.0   45.827 -119.871    819.2    918.2
     1     1    17     8     2    10     0     0   -14.0   45.732 -119.717    803.7    921.6
     1     1    17     8     2     9     0     0   -15.0   45.846 -119.588    840.7    914.9
     1     1    17     8     2     8     0     0   -16.0   46.066 -119.639    846.3    915.0
     1     1    17     8     2     7     0     0   -17.0   46.267 -119.740    854.2    914.0
     1     1    17     8     2     6     0     0   -18.0   46.433 -119.866    852.3    914.5
     1     1    17     8     2     5     0     0   -19.0   46.574 -119.961    843.9    915.7
     1     1    17     8     2     4     0     0   -20.0   46.709 -120.025    890.0    910.4
     1     1    17     8     2     3     0     0   -21.0   46.851 -120.099    903.3    910.6
     1     1    17     8     2     2     0     0   -22.0   47.000 -120.212    974.4    902.5
     1     1    17     8     2     1     0     0   -23.0   47.126 -120.323   1000.6    899.0
     1     1    17     8     2     0     0     0   -24.0   47.201 -120.406   1004.9    897.9
     1     1    17     8     1    23     0     0   -25.0   47.215 -120.472   1009.3    897.5
     1     1    17     8     1    22     0     0   -26.0   47.198 -120.522   1016.7    895.9
     1     1    17     8     1    21     0     0   -27.0   47.201 -120.556   1016.5    896.4
     1     1    17     8     1    20     0     0   -28.0   47.222 -120.596   1012.0    897.0
     1     1    17     8     1    19     0     0   -29.0   47.218 -120.645   1006.3    897.6
     1     1    17     8     1    18     0     0   -30.0   47.240 -120.617    996.4    898.0
     1     1    17     8     1    17     0     0   -31.0   47.316 -120.497    993.8    900.0
