     1     1
    SITE    10     3     1     0     0
     1 BACKWARD OMEGA   
    17     8    19    22   46.392 -119.412   700.0
     1 PRESSURE
     1     1    17     8    19    22     0     0     0.0   46.392 -119.412    700.0    931.4
     1     1    17     8    19    21     0     0    -1.0   46.377 -119.442    696.4    931.8
     1     1    17     8    19    20     0     0    -2.0   46.337 -119.480    682.2    934.0
     1     1    17     8    19    19     0     0    -3.0   46.293 -119.521    682.9    934.5
     1     1    17     8    19    18     0     0    -4.0   46.211 -119.481    684.2    931.4
     1     1    17     8    19    17     0     0    -5.0   46.112 -119.416    677.8    934.4
     1     1    17     8    19    16     0     0    -6.0   46.015 -119.365    681.5    934.2
     1     1    17     8    19    15     0     0    -7.0   45.914 -119.319    690.5    932.6
     1     1    17     8    19    14     0     0    -8.0   45.839 -119.228    694.9    932.4
     1     1    17     8    19    13     0     0    -9.0   45.771 -119.133    698.5    931.7
     1     1    17     8    19    12     0     0   -10.0   45.760 -119.129    702.0    931.0
     1     1    17     8    19    11     0     0   -11.0   45.826 -119.199    701.9    930.4
     1     1    17     8    19    10     0     0   -12.0   45.896 -119.266    704.8    931.4
     1     1    17     8    19     9     0     0   -13.0   45.973 -119.327    705.9    930.3
     1     1    17     8    19     8     0     0   -14.0   46.031 -119.422    699.7    932.2
     1     1    17     8    19     7     0     0   -15.0   46.024 -119.494    696.5    931.9
     1     1    17     8    19     6     0     0   -16.0   45.967 -119.516    691.8    932.7
     1     1    17     8    19     5     0     0   -17.0   45.900 -119.543    683.5    932.8
     1     1    17     8    19     4     0     0   -18.0   45.831 -119.563    674.8    934.3
     1     1    17     8    19     3     0     0   -19.0   45.756 -119.563    676.7    934.2
     1     1    17     8    19     2     0     0   -20.0   45.690 -119.587    683.9    933.8
     1     1    17     8    19     1     0     0   -21.0   45.646 -119.600    692.8    932.0
     1     1    17     8    19     0     0     0   -22.0   45.592 -119.618    678.0    932.4
     1     1    17     8    18    23     0     0   -23.0   45.582 -119.771    673.2    933.8
     1     1    17     8    18    22     0     0   -24.0   45.707 -119.988    707.0    929.4
     1     1    17     8    18    21     0     0   -25.0   45.907 -120.173    685.9    933.0
     1     1    17     8    18    20     0     0   -26.0   46.094 -120.400    688.0    932.6
     1     1    17     8    18    19     0     0   -27.0   46.266 -120.621    667.0    937.2
     1     1    17     8    18    18     0     0   -28.0   46.451 -120.826    676.5    935.9
