     1     1
    SITE    10     3     1     0     0
     1 BACKWARD OMEGA   
    17     8    28    17   46.392 -119.412   700.0
     1 PRESSURE
     1     1    17     8    28    17     0     0     0.0   46.392 -119.412    700.0    931.4
     1     1    17     8    28    16     0     0    -1.0   46.419 -119.505    704.2    930.9
     1     1    17     8    28    15     0     0    -2.0   46.455 -119.584    694.4    931.9
     1     1    17     8    28    14     0     0    -3.0   46.487 -119.549    671.5    934.3
     1     1    17     8    28    13     0     0    -4.0   46.516 -119.452    640.2    938.9
     1     1    17     8    28    12     0     0    -5.0   46.612 -119.409    625.1    940.1
     1     1    17     8    28    11     0     0    -6.0   46.724 -119.406    652.5    937.6
     1     1    17     8    28    10     0     0    -7.0   46.849 -119.435    678.1    932.9
     1     1    17     8    28     9     0     0    -8.0   46.994 -119.502    663.5    935.8
     1     1    17     8    28     8     0     0    -9.0   47.010 -119.548    643.3    937.8
     1     1    17     8    28     7     0     0   -10.0   46.944 -119.590    641.3    938.8
     1     1    17     8    28     6     0     0   -11.0   46.959 -119.661    661.7    935.8
     1     1    17     8    28     5     0     0   -12.0   47.013 -119.650    666.0    934.3
     1     1    17     8    28     4     0     0   -13.0   47.029 -119.580    656.0    937.2
     1     1    17     8    28     3     0     0   -14.0   46.989 -119.552    641.9    937.9
     1     1    17     8    28     2     0     0   -15.0   46.944 -119.530    636.4    940.6
     1     1    17     8    28     1     0     0   -16.0   46.892 -119.489    641.6    937.8
     1     1    17     8    28     0     0     0   -17.0   46.843 -119.445    635.1    937.8
     1     1    17     8    27    23     0     0   -18.0   46.807 -119.421    619.2    941.4
     1     1    17     8    27    22     0     0   -19.0   46.778 -119.436    608.9    941.8
     1     1    17     8    27    21     0     0   -20.0   46.768 -119.466    604.2    943.0
     1     1    17     8    27    20     0     0   -21.0   46.771 -119.514    604.1    942.5
     1     1    17     8    27    19     0     0   -22.0   46.770 -119.563    605.0    942.6
     1     1    17     8    27    18     0     0   -23.0   46.753 -119.598    605.1    942.2
     1     1    17     8    27    17     0     0   -24.0   46.711 -119.621    596.7    942.3
     1     1    17     8    27    16     0     0   -25.0   46.650 -119.638    583.7    944.4
     1     1    17     8    27    15     0     0   -26.0   46.643 -119.638    580.0    946.0
     1     1    17     8    27    14     0     0   -27.0   46.680 -119.585    578.8    944.5
     1     1    17     8    27    13     0     0   -28.0   46.699 -119.506    578.1    945.5
     1     1    17     8    27    12     0     0   -29.0   46.684 -119.428    578.5    945.0
     1     1    17     8    27    11     0     0   -30.0   46.643 -119.382    573.1    945.3
     1     1    17     8    27    10     0     0   -31.0   46.598 -119.364    567.4    947.0
     1     1    17     8    27     9     0     0   -32.0   46.553 -119.354    566.4    946.3
     1     1    17     8    27     8     0     0   -33.0   46.514 -119.336    569.0    946.5
     1     1    17     8    27     7     0     0   -34.0   46.488 -119.333    574.4    945.3
     1     1    17     8    27     6     0     0   -35.0   46.494 -119.360    575.5    945.9
     1     1    17     8    27     5     0     0   -36.0   46.524 -119.395    578.9    944.8
     1     1    17     8    27     4     0     0   -37.0   46.542 -119.436    579.1    945.1
     1     1    17     8    27     3     0     0   -38.0   46.543 -119.477    577.6    945.1
     1     1    17     8    27     2     0     0   -39.0   46.524 -119.519    563.0    945.6
     1     1    17     8    27     1     0     0   -40.0   46.486 -119.550    549.8    949.7
     1     1    17     8    27     0     0     0   -41.0   46.438 -119.583    543.9    948.1
     1     1    17     8    26    23     0     0   -42.0   46.403 -119.649    528.7    950.3
     1     1    17     8    26    22     0     0   -43.0   46.375 -119.684    516.9    953.1
     1     1    17     8    26    21     0     0   -44.0   46.367 -119.698    521.8    951.5
     1     1    17     8    26    20     0     0   -45.0   46.374 -119.733    522.7    950.8
     1     1    17     8    26    19     0     0   -46.0   46.357 -119.763    519.9    951.6
     1     1    17     8    26    18     0     0   -47.0   46.314 -119.783    519.8    952.1
     1     1    17     8    26    17     0     0   -48.0   46.318 -119.759    508.1    951.8
     1     1    17     8    26    16     0     0   -49.0   46.381 -119.687    503.0    953.2
     1     1    17     8    26    15     0     0   -50.0   46.384 -119.598    500.0    954.5
     1     1    17     8    26    14     0     0   -51.0   46.387 -119.517    492.3    954.4
     1     1    17     8    26    13     0     0   -52.0   46.421 -119.426    495.0    956.3
     1     1    17     8    26    12     0     0   -53.0   46.453 -119.340    502.7    953.3
     1     1    17     8    26    11     0     0   -54.0   46.485 -119.255    506.9    954.0
     1     1    17     8    26    10     0     0   -55.0   46.515 -119.176    518.2    951.7
     1     1    17     8    26     9     0     0   -56.0   46.529 -119.182    524.1    950.8
     1     1    17     8    26     8     0     0   -57.0   46.505 -119.210    522.3    951.3
     1     1    17     8    26     7     0     0   -58.0   46.472 -119.202    516.3    952.3
     1     1    17     8    26     6     0     0   -59.0   46.459 -119.221    514.0    952.4
     1     1    17     8    26     5     0     0   -60.0   46.453 -119.225    507.1    952.8
     1     1    17     8    26     4     0     0   -61.0   46.452 -119.226    503.5    953.6
     1     1    17     8    26     3     0     0   -62.0   46.452 -119.251    502.4    953.6
     1     1    17     8    26     2     0     0   -63.0   46.440 -119.273    500.2    953.7
     1     1    17     8    26     1     0     0   -64.0   46.429 -119.298    499.3    954.2
     1     1    17     8    26     0     0     0   -65.0   46.403 -119.334    490.9    953.8
     1     1    17     8    25    23     0     0   -66.0   46.398 -119.384    479.4    957.5
     1     1    17     8    25    22     0     0   -67.0   46.407 -119.435    477.0    956.1
     1     1    17     8    25    21     0     0   -68.0   46.370 -119.486    473.2    957.2
     1     1    17     8    25    20     0     0   -69.0   46.309 -119.528    473.3    957.1
     1     1    17     8    25    19     0     0   -70.0   46.225 -119.534    476.9    956.8
     1     1    17     8    25    18     0     0   -71.0   46.120 -119.504    484.2    954.6
     1     1    17     8    25    17     0     0   -72.0   46.017 -119.474    480.2    956.5
