     1     1
    SITE    10     3     1     0     0
     1 BACKWARD OMEGA   
    17     8    15    17   46.392 -119.412   700.0
     1 PRESSURE
     1     1    17     8    15    17     0     0     0.0   46.392 -119.412    700.0    931.4
     1     1    17     8    15    16     0     0    -1.0   46.328 -119.346    702.4    931.1
     1     1    17     8    15    15     0     0    -2.0   46.267 -119.299    668.3    934.5
     1     1    17     8    15    14     0     0    -3.0   46.185 -119.282    646.9    938.6
     1     1    17     8    15    13     0     0    -4.0   46.103 -119.289    656.1    936.6
     1     1    17     8    15    12     0     0    -5.0   46.022 -119.323    664.3    935.4
     1     1    17     8    15    11     0     0    -6.0   45.955 -119.310    672.2    935.0
     1     1    17     8    15    10     0     0    -7.0   45.924 -119.343    688.3    932.7
     1     1    17     8    15     9     0     0    -8.0   45.898 -119.386    708.0    930.4
     1     1    17     8    15     8     0     0    -9.0   45.864 -119.398    705.6    928.9
     1     1    17     8    15     7     0     0   -10.0   45.834 -119.419    696.7    932.6
     1     1    17     8    15     6     0     0   -11.0   45.827 -119.429    699.3    932.0
     1     1    17     8    15     5     0     0   -12.0   45.821 -119.438    705.0    930.7
     1     1    17     8    15     4     0     0   -13.0   45.793 -119.443    703.9    931.0
     1     1    17     8    15     3     0     0   -14.0   45.784 -119.472    700.4    931.0
     1     1    17     8    15     2     0     0   -15.0   45.777 -119.470    699.6    931.7
     1     1    17     8    15     1     0     0   -16.0   45.772 -119.471    710.7    931.5
     1     1    17     8    15     0     0     0   -17.0   45.781 -119.525    714.3    927.7
     1     1    17     8    14    23     0     0   -18.0   45.786 -119.583    706.0    931.7
     1     1    17     8    14    22     0     0   -19.0   45.776 -119.645    712.0    930.8
     1     1    17     8    14    21     0     0   -20.0   45.735 -119.691    703.4    928.7
     1     1    17     8    14    20     0     0   -21.0   45.678 -119.694    685.3    934.6
     1     1    17     8    14    19     0     0   -22.0   45.610 -119.656    677.9    934.0
     1     1    17     8    14    18     0     0   -23.0   45.551 -119.561    682.7    932.6
     1     1    17     8    14    17     0     0   -24.0   45.495 -119.451    672.3    934.3
     1     1    17     8    14    16     0     0   -25.0   45.427 -119.381    663.6    936.2
