     1     1
    SITE    10     3     1     0     0
     1 BACKWARD OMEGA   
    17     8    26    23   46.392 -119.412   700.0
     1 PRESSURE
     1     1    17     8    26    23     0     0     0.0   46.392 -119.412    700.0    931.4
     1     1    17     8    26    22     0     0    -1.0   46.363 -119.448    698.6    931.6
     1     1    17     8    26    21     0     0    -2.0   46.356 -119.463    702.1    931.5
     1     1    17     8    26    20     0     0    -3.0   46.362 -119.497    708.8    930.5
     1     1    17     8    26    19     0     0    -4.0   46.344 -119.527    709.2    929.6
     1     1    17     8    26    18     0     0    -5.0   46.302 -119.546    711.7    931.1
     1     1    17     8    26    17     0     0    -6.0   46.307 -119.521    707.3    928.9
     1     1    17     8    26    16     0     0    -7.0   46.370 -119.448    713.4    930.7
     1     1    17     8    26    15     0     0    -8.0   46.375 -119.361    720.4    926.5
     1     1    17     8    26    14     0     0    -9.0   46.380 -119.278    726.5    930.8
     1     1    17     8    26    13     0     0   -10.0   46.416 -119.186    726.1    926.3
     1     1    17     8    26    12     0     0   -11.0   46.449 -119.099    722.0    929.1
     1     1    17     8    26    11     0     0   -12.0   46.481 -119.014    734.3    928.1
     1     1    17     8    26    10     0     0   -13.0   46.513 -118.935    754.8    925.4
     1     1    17     8    26     9     0     0   -14.0   46.528 -118.942    763.9    922.3
     1     1    17     8    26     8     0     0   -15.0   46.503 -118.971    764.2    923.8
     1     1    17     8    26     7     0     0   -16.0   46.471 -118.964    768.7    923.8
     1     1    17     8    26     6     0     0   -17.0   46.458 -118.982    769.8    922.7
     1     1    17     8    26     5     0     0   -18.0   46.452 -118.985    773.7    923.9
     1     1    17     8    26     4     0     0   -19.0   46.449 -118.987    774.7    922.4
     1     1    17     8    26     3     0     0   -20.0   46.449 -119.014    771.5    923.2
     1     1    17     8    26     2     0     0   -21.0   46.437 -119.037    775.2    923.5
     1     1    17     8    26     1     0     0   -22.0   46.425 -119.062    779.1    921.8
     1     1    17     8    26     0     0     0   -23.0   46.399 -119.099    780.9    922.5
     1     1    17     8    25    23     0     0   -24.0   46.395 -119.149    784.6    920.6
     1     1    17     8    25    22     0     0   -25.0   46.402 -119.202    783.0    922.6
     1     1    17     8    25    21     0     0   -26.0   46.364 -119.253    774.2    921.8
     1     1    17     8    25    20     0     0   -27.0   46.303 -119.297    764.3    922.7
     1     1    17     8    25    19     0     0   -28.0   46.220 -119.305    756.3    926.5
     1     1    17     8    25    18     0     0   -29.0   46.114 -119.278    774.0    923.1
     1     1    17     8    25    17     0     0   -30.0   46.008 -119.252    807.1    920.0
     1     1    17     8    25    16     0     0   -31.0   45.920 -119.215    815.2    917.9
     1     1    17     8    25    15     0     0   -32.0   45.845 -119.166    796.9    920.6
     1     1    17     8    25    14     0     0   -33.0   45.765 -119.114    778.4    923.1
     1     1    17     8    25    13     0     0   -34.0   45.685 -119.101    775.7    922.4
     1     1    17     8    25    12     0     0   -35.0   45.624 -119.095    765.9    923.9
     1     1    17     8    25    11     0     0   -36.0   45.565 -119.075    764.4    924.2
     1     1    17     8    25    10     0     0   -37.0   45.509 -119.055    765.0    924.2
     1     1    17     8    25     9     0     0   -38.0   45.504 -119.005    766.1    923.1
     1     1    17     8    25     8     0     0   -39.0   45.511 -118.952    760.8    925.5
     1     1    17     8    25     7     0     0   -40.0   45.481 -118.921    767.7    924.4
     1     1    17     8    25     6     0     0   -41.0   45.455 -118.891    769.0    922.7
     1     1    17     8    25     5     0     0   -42.0   45.456 -118.847    765.3    924.4
     1     1    17     8    25     4     0     0   -43.0   45.451 -118.813    761.7    923.9
     1     1    17     8    25     3     0     0   -44.0   45.450 -118.812    755.8    925.1
     1     1    17     8    25     2     0     0   -45.0   45.445 -118.838    750.4    925.1
     1     1    17     8    25     1     0     0   -46.0   45.415 -118.862    740.5    926.5
     1     1    17     8    25     0     0     0   -47.0   45.363 -118.861    713.0    928.3
