     1     1
    SITE    10     3     1     0     0
     1 BACKWARD OMEGA   
    17     8    27    21   46.392 -119.412   700.0
     1 PRESSURE
     1     1    17     8    27    21     0     0     0.0   46.392 -119.412    700.0    931.4
     1     1    17     8    27    20     0     0    -1.0   46.395 -119.460    699.1    931.5
     1     1    17     8    27    19     0     0    -2.0   46.394 -119.510    699.0    931.0
     1     1    17     8    27    18     0     0    -3.0   46.375 -119.546    701.5    932.2
     1     1    17     8    27    17     0     0    -4.0   46.334 -119.568    708.1    929.9
     1     1    17     8    27    16     0     0    -5.0   46.274 -119.584    705.1    929.7
     1     1    17     8    27    15     0     0    -6.0   46.268 -119.585    711.1    932.3
     1     1    17     8    27    14     0     0    -7.0   46.306 -119.532    721.5    929.4
     1     1    17     8    27    13     0     0    -8.0   46.325 -119.450    724.9    926.4
     1     1    17     8    27    12     0     0    -9.0   46.311 -119.371    721.2    930.3
     1     1    17     8    27    11     0     0   -10.0   46.270 -119.325    721.3    926.7
     1     1    17     8    27    10     0     0   -11.0   46.224 -119.307    714.1    930.9
     1     1    17     8    27     9     0     0   -12.0   46.178 -119.296    708.8    929.5
     1     1    17     8    27     8     0     0   -13.0   46.140 -119.277    704.6    931.9
     1     1    17     8    27     7     0     0   -14.0   46.114 -119.275    707.8    930.2
     1     1    17     8    27     6     0     0   -15.0   46.119 -119.302    714.1    929.9
     1     1    17     8    27     5     0     0   -16.0   46.149 -119.336    718.3    929.4
     1     1    17     8    27     4     0     0   -17.0   46.167 -119.378    718.3    928.6
     1     1    17     8    27     3     0     0   -18.0   46.168 -119.418    715.9    930.1
     1     1    17     8    27     2     0     0   -19.0   46.149 -119.460    707.2    929.4
     1     1    17     8    27     1     0     0   -20.0   46.113 -119.490    689.0    932.8
     1     1    17     8    27     0     0     0   -21.0   46.064 -119.523    682.6    934.9
     1     1    17     8    26    23     0     0   -22.0   46.029 -119.591    687.5    932.6
     1     1    17     8    26    22     0     0   -23.0   46.002 -119.626    692.9    932.1
     1     1    17     8    26    21     0     0   -24.0   45.996 -119.640    695.2    931.6
     1     1    17     8    26    20     0     0   -25.0   46.002 -119.675    688.5    933.0
     1     1    17     8    26    19     0     0   -26.0   45.985 -119.705    687.4    933.4
     1     1    17     8    26    18     0     0   -27.0   45.941 -119.724    690.1    932.6
     1     1    17     8    26    17     0     0   -28.0   45.943 -119.698    675.8    932.4
     1     1    17     8    26    16     0     0   -29.0   46.009 -119.623    674.1    934.7
     1     1    17     8    26    15     0     0   -30.0   46.013 -119.534    674.9    933.5
     1     1    17     8    26    14     0     0   -31.0   46.018 -119.452    666.1    935.8
     1     1    17     8    26    13     0     0   -32.0   46.054 -119.361    689.7    931.9
     1     1    17     8    26    12     0     0   -33.0   46.085 -119.275    695.2    931.8
     1     1    17     8    26    11     0     0   -34.0   46.116 -119.192    691.7    932.5
     1     1    17     8    26    10     0     0   -35.0   46.147 -119.116    694.0    931.9
     1     1    17     8    26     9     0     0   -36.0   46.161 -119.124    704.9    932.2
     1     1    17     8    26     8     0     0   -37.0   46.137 -119.153    705.9    930.5
     1     1    17     8    26     7     0     0   -38.0   46.105 -119.146    698.6    930.7
     1     1    17     8    26     6     0     0   -39.0   46.093 -119.165    687.3    933.4
     1     1    17     8    26     5     0     0   -40.0   46.087 -119.169    690.3    933.8
     1     1    17     8    26     4     0     0   -41.0   46.085 -119.172    698.6    930.8
     1     1    17     8    26     3     0     0   -42.0   46.084 -119.199    698.0    931.6
     1     1    17     8    26     2     0     0   -43.0   46.071 -119.221    696.4    931.9
     1     1    17     8    26     1     0     0   -44.0   46.060 -119.246    696.5    931.9
     1     1    17     8    26     0     0     0   -45.0   46.033 -119.282    688.5    931.7
     1     1    17     8    25    23     0     0   -46.0   46.028 -119.330    679.4    935.0
     1     1    17     8    25    22     0     0   -47.0   46.035 -119.381    687.5    933.8
     1     1    17     8    25    21     0     0   -48.0   45.995 -119.430    694.3    931.6
     1     1    17     8    25    20     0     0   -49.0   45.933 -119.473    707.0    930.4
     1     1    17     8    25    19     0     0   -50.0   45.852 -119.481    704.6    929.3
     1     1    17     8    25    18     0     0   -51.0   45.750 -119.455    695.8    932.3
     1     1    17     8    25    17     0     0   -52.0   45.647 -119.427    684.9    932.8
     1     1    17     8    25    16     0     0   -53.0   45.559 -119.389    691.7    933.1
     1     1    17     8    25    15     0     0   -54.0   45.485 -119.338    718.5    929.5
     1     1    17     8    25    14     0     0   -55.0   45.407 -119.284    733.4    926.4
