     1     1
    SITE    10     3     1     0     0
     1 BACKWARD OMEGA   
    17     8     3    11   46.392 -119.412   700.0
     1 PRESSURE
     1     1    17     8     3    11     0     0     0.0   46.392 -119.412    700.0    931.4
     1     1    17     8     3    10     0     0    -1.0   46.487 -119.451    726.9    928.3
     1     1    17     8     3     9     0     0    -2.0   46.524 -119.530    742.7    926.4
     1     1    17     8     3     8     0     0    -3.0   46.504 -119.574    747.4    925.9
     1     1    17     8     3     7     0     0    -4.0   46.470 -119.570    750.5    925.5
     1     1    17     8     3     6     0     0    -5.0   46.435 -119.576    753.7    925.5
     1     1    17     8     3     5     0     0    -6.0   46.403 -119.603    751.6    924.5
     1     1    17     8     3     4     0     0    -7.0   46.390 -119.649    746.8    926.8
     1     1    17     8     3     3     0     0    -8.0   46.394 -119.709    752.1    925.8
     1     1    17     8     3     2     0     0    -9.0   46.401 -119.779    758.6    924.0
     1     1    17     8     3     1     0     0   -10.0   46.407 -119.842    761.9    924.7
     1     1    17     8     3     0     0     0   -11.0   46.397 -119.893    766.7    923.4
     1     1    17     8     2    23     0     0   -12.0   46.387 -119.945    761.5    923.6
     1     1    17     8     2    22     0     0   -13.0   46.405 -120.004    755.8    926.4
     1     1    17     8     2    21     0     0   -14.0   46.421 -120.075    773.0    924.3
     1     1    17     8     2    20     0     0   -15.0   46.450 -120.153    806.1    919.9
     1     1    17     8     2    19     0     0   -16.0   46.513 -120.215    824.3    916.7
     1     1    17     8     2    18     0     0   -17.0   46.544 -120.332    846.9    916.2
     1     1    17     8     2    17     0     0   -18.0   46.473 -120.416    841.1    915.2
     1     1    17     8     2    16     0     0   -19.0   46.464 -120.386    842.8    915.8
     1     1    17     8     2    15     0     0   -20.0   46.465 -120.362    852.5    913.9
     1     1    17     8     2    14     0     0   -21.0   46.331 -120.363    837.3    917.1
     1     1    17     8     2    13     0     0   -22.0   46.180 -120.364    863.5    913.3
     1     1    17     8     2    12     0     0   -23.0   46.017 -120.363    879.5    912.4
     1     1    17     8     2    11     0     0   -24.0   45.836 -120.357    897.8    909.6
     1     1    17     8     2    10     0     0   -25.0   45.739 -120.200    892.6    910.2
     1     1    17     8     2     9     0     0   -26.0   45.851 -120.068    866.8    912.9
     1     1    17     8     2     8     0     0   -27.0   46.072 -120.115    864.4    913.1
     1     1    17     8     2     7     0     0   -28.0   46.272 -120.220    909.1    909.1
     1     1    17     8     2     6     0     0   -29.0   46.438 -120.348    962.5    902.0
     1     1    17     8     2     5     0     0   -30.0   46.579 -120.443    947.9    904.9
     1     1    17     8     2     4     0     0   -31.0   46.714 -120.506    953.3    904.4
     1     1    17     8     2     3     0     0   -32.0   46.856 -120.581    956.7    902.4
     1     1    17     8     2     2     0     0   -33.0   47.004 -120.695    983.0    899.6
     1     1    17     8     2     1     0     0   -34.0   47.130 -120.805    987.9    899.6
     1     1    17     8     2     0     0     0   -35.0   47.205 -120.887   1011.5    896.9
